1.838600000000000000e+04
1.840600000000000000e+04
1.841500000000000000e+04
1.847800000000000000e+04
1.848000000000000000e+04
1.852600000000000000e+04
1.856100000000000000e+04
1.856400000000000000e+04
1.859800000000000000e+04
1.887000000000000000e+04
1.887100000000000000e+04
1.887200000000000000e+04
1.887300000000000000e+04
1.887400000000000000e+04
1.888500000000000000e+04
1.888600000000000000e+04
1.888700000000000000e+04
1.888800000000000000e+04
1.888900000000000000e+04
1.894200000000000000e+04
1.894300000000000000e+04
1.894400000000000000e+04
1.894500000000000000e+04
1.894600000000000000e+04
1.955100000000000000e+04
1.959100000000000000e+04
2.303700000000000000e+04
2.306300000000000000e+04
2.308100000000000000e+04
2.311700000000000000e+04
2.313400000000000000e+04
2.315500000000000000e+04
2.315600000000000000e+04
2.330400000000000000e+04
2.330900000000000000e+04
2.331000000000000000e+04
2.352300000000000000e+04
2.352600000000000000e+04
2.354400000000000000e+04
2.354500000000000000e+04
2.355500000000000000e+04
2.355600000000000000e+04
2.355700000000000000e+04
2.355800000000000000e+04
2.355900000000000000e+04
2.356200000000000000e+04
2.357600000000000000e+04
2.357700000000000000e+04
2.357800000000000000e+04
2.359200000000000000e+04
2.359300000000000000e+04
2.359400000000000000e+04
2.359500000000000000e+04
2.359600000000000000e+04
2.360000000000000000e+04
2.360800000000000000e+04
2.361000000000000000e+04
2.361100000000000000e+04
2.364100000000000000e+04
2.364200000000000000e+04
2.366200000000000000e+04
2.366300000000000000e+04
2.373900000000000000e+04
2.374000000000000000e+04
2.374100000000000000e+04
2.375300000000000000e+04
2.375400000000000000e+04
2.375600000000000000e+04
2.396800000000000000e+04
2.396900000000000000e+04
2.411600000000000000e+04
2.413900000000000000e+04
2.414000000000000000e+04
2.414100000000000000e+04
2.441100000000000000e+04
2.441200000000000000e+04
2.987300000000000000e+04
2.987400000000000000e+04
3.001300000000000000e+04
3.001400000000000000e+04
3.594100000000000000e+04
3.595600000000000000e+04
3.595700000000000000e+04
3.599200000000000000e+04
3.601200000000000000e+04
3.601300000000000000e+04
3.606600000000000000e+04
3.617400000000000000e+04
3.636100000000000000e+04
4.171200000000000000e+04
4.175300000000000000e+04
4.236400000000000000e+04
4.303900000000000000e+04
4.342400000000000000e+04
4.344700000000000000e+04
4.348900000000000000e+04
4.349000000000000000e+04
4.847600000000000000e+04
4.864600000000000000e+04
4.868200000000000000e+04
4.871700000000000000e+04
4.873400000000000000e+04
5.435400000000000000e+04
5.439000000000000000e+04
5.439100000000000000e+04
5.439200000000000000e+04
5.440400000000000000e+04
5.465300000000000000e+04
5.470600000000000000e+04
5.470700000000000000e+04
5.473400000000000000e+04
5.474800000000000000e+04
5.474900000000000000e+04
5.477100000000000000e+04
5.477200000000000000e+04
5.478900000000000000e+04
6.079300000000000000e+04
6.079400000000000000e+04
8.012400000000000000e+04
8.012900000000000000e+04
8.013200000000000000e+04
8.013400000000000000e+04
8.015800000000000000e+04
8.016100000000000000e+04
8.016300000000000000e+04
8.016500000000000000e+04
8.016700000000000000e+04
8.017000000000000000e+04
8.019000000000000000e+04
8.019100000000000000e+04
8.036500000000000000e+04
8.099700000000000000e+04
8.099800000000000000e+04
8.108600000000000000e+04
8.108900000000000000e+04
8.113300000000000000e+04
8.113400000000000000e+04
8.113500000000000000e+04
8.113600000000000000e+04
8.116200000000000000e+04
8.116400000000000000e+04
8.166600000000000000e+04
8.166700000000000000e+04
8.173100000000000000e+04
8.179400000000000000e+04
8.270300000000000000e+04
8.895000000000000000e+04
8.895100000000000000e+04
8.897300000000000000e+04
8.898600000000000000e+04
8.935400000000000000e+04
8.936000000000000000e+04
8.936700000000000000e+04
8.940900000000000000e+04
8.956500000000000000e+04
8.956800000000000000e+04
8.960400000000000000e+04
8.960500000000000000e+04
8.973200000000000000e+04
8.982800000000000000e+04
8.982900000000000000e+04
8.983000000000000000e+04
9.023700000000000000e+04
9.023800000000000000e+04
9.027800000000000000e+04
9.031700000000000000e+04
9.031800000000000000e+04
9.031900000000000000e+04
9.032000000000000000e+04
9.032100000000000000e+04
9.034800000000000000e+04
9.034900000000000000e+04
9.035000000000000000e+04
9.035100000000000000e+04
9.037600000000000000e+04
9.037700000000000000e+04
9.037800000000000000e+04
9.037900000000000000e+04
9.038100000000000000e+04
9.040800000000000000e+04
9.041000000000000000e+04
9.041400000000000000e+04
9.043700000000000000e+04
9.043900000000000000e+04
9.044000000000000000e+04
9.044100000000000000e+04
9.047800000000000000e+04
9.056400000000000000e+04
1.004260000000000000e+05
1.004530000000000000e+05
1.004540000000000000e+05
1.005530000000000000e+05
1.005730000000000000e+05
1.005740000000000000e+05
1.011660000000000000e+05
1.030530000000000000e+05
1.030550000000000000e+05
1.036980000000000000e+05
1.038040000000000000e+05
1.038480000000000000e+05
1.038490000000000000e+05
1.039620000000000000e+05
1.042260000000000000e+05
1.042280000000000000e+05
