0.000000000000000000e+00
0.000000000000000000e+00
0.000000000000000000e+00
0.000000000000000000e+00
0.000000000000000000e+00
0.000000000000000000e+00
1.559427115334472314e+00
1.920708810337675487e+01
1.872218308567703460e+01
6.251958046528941715e+00
6.033587868627150463e+00
7.087301595515870467e+00
6.082068914199166620e+00
1.192972447369909261e+01
2.589789771399228613e+00
4.363759370569403551e+00
5.377673113562920548e+00
3.780416246255479784e+00
3.925869427999546968e+00
3.308499490697223600e+00
4.952061598844330170e+00
8.420679495279152604e+00
5.415168789087747570e+00
5.397344077964736364e+00
