0.000000000000000000e+00
0.000000000000000000e+00
0.000000000000000000e+00
0.000000000000000000e+00
0.000000000000000000e+00
3.625447855615087889e+01
8.034782948732188679e-01
8.690167432806004122e-01
9.542983637802931796e+00
3.814368919629438359e+00
5.405710473159362373e+00
7.984837053797917861e+00
6.240054020920252853e+00
1.538058861760760365e+01
1.839268201488335919e+01
7.615423833741877147e+00
8.318968245523656435e+00
1.238699844186030496e+01
1.889324530084120468e+01
1.912177773633897715e+01
2.958602444424030153e+01
2.774987311703129222e+01
4.757189915903441602e+01
0.000000000000000000e+00
