1.838600000000000000e+04
1.847800000000000000e+04
1.848000000000000000e+04
1.852600000000000000e+04
1.856100000000000000e+04
1.887000000000000000e+04
1.887400000000000000e+04
1.888500000000000000e+04
1.888900000000000000e+04
1.894500000000000000e+04
1.894600000000000000e+04
1.895000000000000000e+04
1.895100000000000000e+04
1.895200000000000000e+04
1.898200000000000000e+04
1.899200000000000000e+04
1.899700000000000000e+04
1.899800000000000000e+04
1.899900000000000000e+04
1.900200000000000000e+04
1.900300000000000000e+04
1.900400000000000000e+04
1.955100000000000000e+04
1.959100000000000000e+04
1.964500000000000000e+04
1.965200000000000000e+04
1.978600000000000000e+04
2.021500000000000000e+04
2.021700000000000000e+04
2.025000000000000000e+04
2.025100000000000000e+04
2.025200000000000000e+04
2.027400000000000000e+04
2.027500000000000000e+04
2.029000000000000000e+04
2.029100000000000000e+04
2.031100000000000000e+04
2.031200000000000000e+04
2.033200000000000000e+04
2.035500000000000000e+04
2.035600000000000000e+04
2.036300000000000000e+04
2.036400000000000000e+04
2.037900000000000000e+04
2.038000000000000000e+04
2.038600000000000000e+04
2.038700000000000000e+04
2.038800000000000000e+04
2.038900000000000000e+04
2.040500000000000000e+04
2.040600000000000000e+04
2.040700000000000000e+04
2.040800000000000000e+04
2.041000000000000000e+04
2.041300000000000000e+04
2.041400000000000000e+04
2.043900000000000000e+04
2.044000000000000000e+04
2.044100000000000000e+04
2.044200000000000000e+04
2.044300000000000000e+04
2.044400000000000000e+04
2.044500000000000000e+04
2.044600000000000000e+04
2.048100000000000000e+04
2.048200000000000000e+04
2.048500000000000000e+04
2.050400000000000000e+04
2.050500000000000000e+04
2.050600000000000000e+04
2.050700000000000000e+04
2.050800000000000000e+04
2.050900000000000000e+04
2.051300000000000000e+04
2.054100000000000000e+04
2.054300000000000000e+04
2.065300000000000000e+04
2.065400000000000000e+04
2.065500000000000000e+04
2.065600000000000000e+04
2.067500000000000000e+04
2.067600000000000000e+04
2.067700000000000000e+04
2.067800000000000000e+04
2.069000000000000000e+04
2.069100000000000000e+04
2.069200000000000000e+04
2.069300000000000000e+04
2.073000000000000000e+04
2.073100000000000000e+04
2.075600000000000000e+04
2.075700000000000000e+04
2.080100000000000000e+04
2.080200000000000000e+04
2.080300000000000000e+04
2.080400000000000000e+04
2.083100000000000000e+04
2.083200000000000000e+04
2.083400000000000000e+04
2.083500000000000000e+04
2.086800000000000000e+04
2.086900000000000000e+04
2.089100000000000000e+04
2.089200000000000000e+04
2.089400000000000000e+04
2.089500000000000000e+04
2.091200000000000000e+04
2.091500000000000000e+04
2.091600000000000000e+04
2.093700000000000000e+04
2.103700000000000000e+04
2.103800000000000000e+04
2.104500000000000000e+04
2.104600000000000000e+04
2.106700000000000000e+04
2.106800000000000000e+04
2.106900000000000000e+04
2.107000000000000000e+04
2.107100000000000000e+04
2.107200000000000000e+04
2.107300000000000000e+04
2.107700000000000000e+04
2.107800000000000000e+04
2.107900000000000000e+04
2.108000000000000000e+04
2.108100000000000000e+04
2.108200000000000000e+04
2.109700000000000000e+04
2.109800000000000000e+04
2.110000000000000000e+04
2.163300000000000000e+04
2.172500000000000000e+04
2.172600000000000000e+04
2.181400000000000000e+04
2.181500000000000000e+04
2.182000000000000000e+04
2.182200000000000000e+04
2.182300000000000000e+04
2.182400000000000000e+04
2.182500000000000000e+04
2.183100000000000000e+04
2.183200000000000000e+04
2.183300000000000000e+04
2.183400000000000000e+04
2.183500000000000000e+04
2.183600000000000000e+04
2.185100000000000000e+04
2.185300000000000000e+04
2.239400000000000000e+04
2.239500000000000000e+04
2.239600000000000000e+04
2.244000000000000000e+04
2.244100000000000000e+04
2.246400000000000000e+04
2.246500000000000000e+04
2.248900000000000000e+04
2.249000000000000000e+04
2.249100000000000000e+04
2.249200000000000000e+04
2.251100000000000000e+04
2.251200000000000000e+04
2.251300000000000000e+04
2.251400000000000000e+04
2.252800000000000000e+04
2.252900000000000000e+04
2.253200000000000000e+04
2.253300000000000000e+04
2.253400000000000000e+04
2.253500000000000000e+04
2.255500000000000000e+04
2.255600000000000000e+04
2.255700000000000000e+04
2.255800000000000000e+04
2.257500000000000000e+04
2.257600000000000000e+04
2.257700000000000000e+04
2.257800000000000000e+04
2.259200000000000000e+04
2.259300000000000000e+04
2.259400000000000000e+04
2.259500000000000000e+04
2.261200000000000000e+04
2.261300000000000000e+04
2.261400000000000000e+04
2.261500000000000000e+04
2.262700000000000000e+04
2.262800000000000000e+04
2.285200000000000000e+04
2.285300000000000000e+04
2.285400000000000000e+04
2.291900000000000000e+04
2.295800000000000000e+04
2.295900000000000000e+04
2.296000000000000000e+04
2.296100000000000000e+04
2.296200000000000000e+04
2.296300000000000000e+04
2.299700000000000000e+04
2.299800000000000000e+04
2.299900000000000000e+04
2.300100000000000000e+04
2.300200000000000000e+04
2.303500000000000000e+04
2.303600000000000000e+04
2.303700000000000000e+04
2.303800000000000000e+04
2.303900000000000000e+04
2.304000000000000000e+04
2.304100000000000000e+04
2.306000000000000000e+04
2.306100000000000000e+04
2.306300000000000000e+04
2.306400000000000000e+04
2.306500000000000000e+04
2.306600000000000000e+04
2.306700000000000000e+04
2.307700000000000000e+04
2.307800000000000000e+04
2.308100000000000000e+04
2.308200000000000000e+04
2.308300000000000000e+04
2.308400000000000000e+04
2.308500000000000000e+04
2.311700000000000000e+04
2.312300000000000000e+04
2.312400000000000000e+04
2.312500000000000000e+04
2.313200000000000000e+04
2.313400000000000000e+04
2.314100000000000000e+04
2.314200000000000000e+04
2.314300000000000000e+04
2.314400000000000000e+04
2.314500000000000000e+04
2.315300000000000000e+04
2.315400000000000000e+04
2.315500000000000000e+04
2.315600000000000000e+04
2.323000000000000000e+04
2.323100000000000000e+04
2.323200000000000000e+04
2.323300000000000000e+04
2.323400000000000000e+04
2.324100000000000000e+04
2.324200000000000000e+04
2.324300000000000000e+04
2.324400000000000000e+04
2.324500000000000000e+04
2.324600000000000000e+04
2.324700000000000000e+04
2.326000000000000000e+04
2.326300000000000000e+04
2.326400000000000000e+04
2.326500000000000000e+04
2.326600000000000000e+04
2.326700000000000000e+04
2.327800000000000000e+04
2.327900000000000000e+04
2.328000000000000000e+04
2.330400000000000000e+04
2.330900000000000000e+04
2.331000000000000000e+04
2.352300000000000000e+04
2.352600000000000000e+04
2.354400000000000000e+04
2.354500000000000000e+04
2.355500000000000000e+04
2.355600000000000000e+04
2.355800000000000000e+04
2.357200000000000000e+04
2.357300000000000000e+04
2.357600000000000000e+04
2.357700000000000000e+04
2.359000000000000000e+04
2.359100000000000000e+04
2.359200000000000000e+04
2.359300000000000000e+04
2.359400000000000000e+04
2.359500000000000000e+04
2.359600000000000000e+04
2.359700000000000000e+04
2.360000000000000000e+04
2.360500000000000000e+04
2.360600000000000000e+04
2.360800000000000000e+04
2.361000000000000000e+04
2.361100000000000000e+04
2.361500000000000000e+04
2.361600000000000000e+04
2.361700000000000000e+04
2.361800000000000000e+04
2.361900000000000000e+04
2.362000000000000000e+04
2.362100000000000000e+04
2.362200000000000000e+04
2.362300000000000000e+04
2.363500000000000000e+04
2.363600000000000000e+04
2.363700000000000000e+04
2.363800000000000000e+04
2.363900000000000000e+04
2.364000000000000000e+04
2.364100000000000000e+04
2.364200000000000000e+04
2.364700000000000000e+04
2.364800000000000000e+04
2.364900000000000000e+04
2.365000000000000000e+04
2.365100000000000000e+04
2.366000000000000000e+04
2.366100000000000000e+04
2.366200000000000000e+04
2.366300000000000000e+04
2.371600000000000000e+04
2.371800000000000000e+04
2.373600000000000000e+04
2.373900000000000000e+04
2.374000000000000000e+04
2.374100000000000000e+04
2.375300000000000000e+04
2.375400000000000000e+04
2.375600000000000000e+04
2.375800000000000000e+04
2.396800000000000000e+04
2.396900000000000000e+04
2.408900000000000000e+04
2.409000000000000000e+04
2.409100000000000000e+04
2.409200000000000000e+04
2.409500000000000000e+04
2.409600000000000000e+04
2.409700000000000000e+04
2.409800000000000000e+04
2.409900000000000000e+04
2.410000000000000000e+04
2.410100000000000000e+04
2.410200000000000000e+04
2.410300000000000000e+04
2.411600000000000000e+04
2.411700000000000000e+04
2.411800000000000000e+04
2.412100000000000000e+04
2.412200000000000000e+04
2.412800000000000000e+04
2.412900000000000000e+04
2.413900000000000000e+04
2.414000000000000000e+04
2.416900000000000000e+04
2.417000000000000000e+04
2.441100000000000000e+04
2.441200000000000000e+04
2.441300000000000000e+04
2.442500000000000000e+04
2.442700000000000000e+04
2.442800000000000000e+04
2.442900000000000000e+04
2.443100000000000000e+04
2.443300000000000000e+04
2.443400000000000000e+04
2.443900000000000000e+04
2.444000000000000000e+04
2.444100000000000000e+04
2.444200000000000000e+04
2.444300000000000000e+04
2.444700000000000000e+04
2.444800000000000000e+04
2.444900000000000000e+04
2.445100000000000000e+04
2.445200000000000000e+04
2.445300000000000000e+04
2.445900000000000000e+04
2.446000000000000000e+04
2.446100000000000000e+04
2.446500000000000000e+04
2.446600000000000000e+04
2.446700000000000000e+04
2.446800000000000000e+04
2.446900000000000000e+04
2.447000000000000000e+04
2.447100000000000000e+04
2.447700000000000000e+04
2.447800000000000000e+04
2.447900000000000000e+04
2.448000000000000000e+04
2.448100000000000000e+04
2.448300000000000000e+04
2.448400000000000000e+04
2.448500000000000000e+04
2.448600000000000000e+04
2.448700000000000000e+04
2.448800000000000000e+04
2.448900000000000000e+04
2.449000000000000000e+04
2.449100000000000000e+04
2.449500000000000000e+04
2.449600000000000000e+04
2.449700000000000000e+04
2.449800000000000000e+04
2.450000000000000000e+04
2.450100000000000000e+04
2.450400000000000000e+04
2.450500000000000000e+04
2.450600000000000000e+04
2.450700000000000000e+04
2.450800000000000000e+04
2.452000000000000000e+04
2.452100000000000000e+04
2.452200000000000000e+04
2.452300000000000000e+04
2.452400000000000000e+04
2.452500000000000000e+04
2.452600000000000000e+04
2.454400000000000000e+04
2.454500000000000000e+04
2.454600000000000000e+04
2.454700000000000000e+04
2.454800000000000000e+04
2.454900000000000000e+04
2.455000000000000000e+04
2.455800000000000000e+04
2.455900000000000000e+04
2.456000000000000000e+04
2.457000000000000000e+04
2.457100000000000000e+04
2.457300000000000000e+04
2.457700000000000000e+04
2.457800000000000000e+04
2.457900000000000000e+04
2.458000000000000000e+04
2.458100000000000000e+04
2.458300000000000000e+04
2.458400000000000000e+04
2.460100000000000000e+04
2.460200000000000000e+04
2.460300000000000000e+04
2.460400000000000000e+04
2.483300000000000000e+04
2.484500000000000000e+04
2.486700000000000000e+04
2.488000000000000000e+04
2.488100000000000000e+04
2.529700000000000000e+04
2.529800000000000000e+04
2.529900000000000000e+04
2.530000000000000000e+04
2.532000000000000000e+04
2.532100000000000000e+04
2.532200000000000000e+04
2.532300000000000000e+04
2.532400000000000000e+04
2.534100000000000000e+04
2.534200000000000000e+04
2.534300000000000000e+04
2.534400000000000000e+04
2.534500000000000000e+04
2.534600000000000000e+04
2.539100000000000000e+04
2.539200000000000000e+04
2.544300000000000000e+04
2.544400000000000000e+04
2.550800000000000000e+04
2.550900000000000000e+04
2.551000000000000000e+04
2.551100000000000000e+04
2.554000000000000000e+04
2.554100000000000000e+04
2.554200000000000000e+04
2.554400000000000000e+04
2.783500000000000000e+04
2.783600000000000000e+04
2.785400000000000000e+04
2.785500000000000000e+04
2.785600000000000000e+04
2.785700000000000000e+04
2.785800000000000000e+04
2.785900000000000000e+04
2.791900000000000000e+04
2.792000000000000000e+04
2.792100000000000000e+04
2.792200000000000000e+04
2.792300000000000000e+04
2.792400000000000000e+04
2.793900000000000000e+04
2.794000000000000000e+04
2.794100000000000000e+04
2.794200000000000000e+04
2.794300000000000000e+04
2.798200000000000000e+04
2.798300000000000000e+04
2.798400000000000000e+04
2.798500000000000000e+04
2.798600000000000000e+04
2.798700000000000000e+04
2.805000000000000000e+04
2.809200000000000000e+04
2.809300000000000000e+04
2.809400000000000000e+04
2.809500000000000000e+04
2.810900000000000000e+04
2.811000000000000000e+04
2.833300000000000000e+04
2.835100000000000000e+04
2.835200000000000000e+04
2.835300000000000000e+04
2.839700000000000000e+04
2.839800000000000000e+04
2.839900000000000000e+04
2.840000000000000000e+04
2.842800000000000000e+04
2.842900000000000000e+04
2.843000000000000000e+04
2.843100000000000000e+04
2.843200000000000000e+04
2.843300000000000000e+04
2.843500000000000000e+04
2.847400000000000000e+04
2.847600000000000000e+04
2.847700000000000000e+04
2.847800000000000000e+04
2.847900000000000000e+04
2.849100000000000000e+04
2.849200000000000000e+04
2.849300000000000000e+04
2.849400000000000000e+04
2.849500000000000000e+04
2.849600000000000000e+04
2.858300000000000000e+04
2.858700000000000000e+04
2.863000000000000000e+04
2.863100000000000000e+04
2.866300000000000000e+04
2.883000000000000000e+04
2.883100000000000000e+04
2.889300000000000000e+04
2.889400000000000000e+04
2.889500000000000000e+04
2.889600000000000000e+04
2.891800000000000000e+04
2.891900000000000000e+04
2.892000000000000000e+04
2.892100000000000000e+04
2.892200000000000000e+04
2.897400000000000000e+04
2.897500000000000000e+04
2.897600000000000000e+04
2.897700000000000000e+04
2.897800000000000000e+04
2.897900000000000000e+04
2.898000000000000000e+04
2.898100000000000000e+04
2.899600000000000000e+04
2.900000000000000000e+04
2.900100000000000000e+04
2.900200000000000000e+04
2.900300000000000000e+04
2.900400000000000000e+04
2.902400000000000000e+04
2.902500000000000000e+04
2.902600000000000000e+04
2.902700000000000000e+04
2.902800000000000000e+04
2.902900000000000000e+04
2.903000000000000000e+04
2.903100000000000000e+04
2.904200000000000000e+04
2.904300000000000000e+04
2.904400000000000000e+04
2.904500000000000000e+04
2.904700000000000000e+04
2.904800000000000000e+04
2.904900000000000000e+04
2.905000000000000000e+04
2.905100000000000000e+04
2.907000000000000000e+04
2.907100000000000000e+04
2.907200000000000000e+04
2.907300000000000000e+04
2.907400000000000000e+04
2.907500000000000000e+04
2.908700000000000000e+04
2.908800000000000000e+04
2.908900000000000000e+04
2.909100000000000000e+04
2.909200000000000000e+04
2.909300000000000000e+04
2.909400000000000000e+04
2.909500000000000000e+04
2.909600000000000000e+04
2.909700000000000000e+04
2.911600000000000000e+04
2.911800000000000000e+04
2.911900000000000000e+04
2.912000000000000000e+04
2.912100000000000000e+04
2.912200000000000000e+04
2.912300000000000000e+04
2.912500000000000000e+04
2.912600000000000000e+04
2.914900000000000000e+04
2.915000000000000000e+04
2.915100000000000000e+04
2.915200000000000000e+04
2.915300000000000000e+04
2.915400000000000000e+04
2.915500000000000000e+04
2.915600000000000000e+04
2.915700000000000000e+04
2.917100000000000000e+04
2.917300000000000000e+04
2.917400000000000000e+04
2.917500000000000000e+04
2.917600000000000000e+04
2.917700000000000000e+04
2.917800000000000000e+04
2.921500000000000000e+04
2.927800000000000000e+04
2.927900000000000000e+04
2.928000000000000000e+04
2.928100000000000000e+04
2.933900000000000000e+04
2.934000000000000000e+04
2.943000000000000000e+04
2.943100000000000000e+04
2.943400000000000000e+04
2.944500000000000000e+04
2.944600000000000000e+04
2.944700000000000000e+04
2.944800000000000000e+04
2.948700000000000000e+04
2.948800000000000000e+04
2.949100000000000000e+04
2.949200000000000000e+04
2.949300000000000000e+04
2.949400000000000000e+04
2.949500000000000000e+04
2.952700000000000000e+04
2.952800000000000000e+04
2.954100000000000000e+04
2.954200000000000000e+04
2.954300000000000000e+04
2.954800000000000000e+04
2.955300000000000000e+04
2.955400000000000000e+04
2.955500000000000000e+04
2.955600000000000000e+04
2.956000000000000000e+04
2.956400000000000000e+04
2.956500000000000000e+04
2.957400000000000000e+04
2.957500000000000000e+04
2.959500000000000000e+04
2.959600000000000000e+04
2.969500000000000000e+04
2.970800000000000000e+04
2.970900000000000000e+04
2.971000000000000000e+04
2.972500000000000000e+04
2.973100000000000000e+04
2.973200000000000000e+04
2.973300000000000000e+04
2.974500000000000000e+04
2.975200000000000000e+04
2.975300000000000000e+04
2.975400000000000000e+04
2.975500000000000000e+04
2.977300000000000000e+04
2.977400000000000000e+04
2.977500000000000000e+04
2.977600000000000000e+04
2.977700000000000000e+04
2.977800000000000000e+04
2.977900000000000000e+04
2.978000000000000000e+04
2.978200000000000000e+04
2.978300000000000000e+04
2.979300000000000000e+04
2.979400000000000000e+04
2.979500000000000000e+04
2.979600000000000000e+04
2.979700000000000000e+04
2.979800000000000000e+04
2.979900000000000000e+04
2.980000000000000000e+04
2.980100000000000000e+04
2.980200000000000000e+04
2.980800000000000000e+04
2.981600000000000000e+04
2.981700000000000000e+04
2.981800000000000000e+04
2.981900000000000000e+04
2.982000000000000000e+04
2.982100000000000000e+04
2.983700000000000000e+04
2.984200000000000000e+04
2.984300000000000000e+04
2.984400000000000000e+04
2.985000000000000000e+04
2.985400000000000000e+04
2.985500000000000000e+04
2.987300000000000000e+04
2.987400000000000000e+04
2.988300000000000000e+04
2.988500000000000000e+04
2.990800000000000000e+04
2.990900000000000000e+04
2.995400000000000000e+04
3.001100000000000000e+04
3.001200000000000000e+04
3.001300000000000000e+04
3.001400000000000000e+04
3.001600000000000000e+04
3.001700000000000000e+04
3.001900000000000000e+04
3.002000000000000000e+04
3.003100000000000000e+04
3.003700000000000000e+04
3.004300000000000000e+04
3.004400000000000000e+04
3.004500000000000000e+04
3.004700000000000000e+04
3.046800000000000000e+04
3.048400000000000000e+04
3.055000000000000000e+04
3.088900000000000000e+04
3.089100000000000000e+04
3.089200000000000000e+04
3.092000000000000000e+04
3.128600000000000000e+04
3.128900000000000000e+04
3.131800000000000000e+04
3.131900000000000000e+04
3.132300000000000000e+04
3.135000000000000000e+04
3.135100000000000000e+04
3.135200000000000000e+04
3.135300000000000000e+04
3.136000000000000000e+04
3.141700000000000000e+04
3.145200000000000000e+04
3.145700000000000000e+04
3.145900000000000000e+04
3.149700000000000000e+04
3.150100000000000000e+04
3.153000000000000000e+04
3.211500000000000000e+04
3.211600000000000000e+04
3.231700000000000000e+04
3.231800000000000000e+04
3.234300000000000000e+04
3.236800000000000000e+04
3.236900000000000000e+04
3.237000000000000000e+04
3.237100000000000000e+04
3.237200000000000000e+04
3.237300000000000000e+04
3.239900000000000000e+04
3.240000000000000000e+04
3.240100000000000000e+04
3.240200000000000000e+04
3.242700000000000000e+04
3.242800000000000000e+04
3.242900000000000000e+04
3.243000000000000000e+04
3.245100000000000000e+04
3.245200000000000000e+04
3.245300000000000000e+04
3.245400000000000000e+04
3.372600000000000000e+04
3.372700000000000000e+04
3.374900000000000000e+04
3.375000000000000000e+04
3.375100000000000000e+04
3.416700000000000000e+04
3.416800000000000000e+04
3.423000000000000000e+04
3.423300000000000000e+04
3.426500000000000000e+04
3.426600000000000000e+04
3.426700000000000000e+04
3.426800000000000000e+04
3.426900000000000000e+04
3.429800000000000000e+04
3.429900000000000000e+04
3.430000000000000000e+04
3.432300000000000000e+04
3.432400000000000000e+04
3.432500000000000000e+04
3.437800000000000000e+04
3.437900000000000000e+04
3.438000000000000000e+04
3.438100000000000000e+04
3.440600000000000000e+04
3.440700000000000000e+04
3.440800000000000000e+04
3.441000000000000000e+04
3.441100000000000000e+04
3.447300000000000000e+04
3.447400000000000000e+04
3.447500000000000000e+04
3.447600000000000000e+04
3.447700000000000000e+04
3.449500000000000000e+04
3.449600000000000000e+04
3.449700000000000000e+04
3.449800000000000000e+04
3.449900000000000000e+04
3.450000000000000000e+04
3.451300000000000000e+04
3.451500000000000000e+04
3.451600000000000000e+04
3.451700000000000000e+04
3.455500000000000000e+04
3.461000000000000000e+04
3.461100000000000000e+04
3.462200000000000000e+04
3.481100000000000000e+04
3.485800000000000000e+04
3.485900000000000000e+04
3.486000000000000000e+04
3.486100000000000000e+04
3.486200000000000000e+04
3.486300000000000000e+04
3.488400000000000000e+04
3.488500000000000000e+04
3.488600000000000000e+04
3.488700000000000000e+04
3.488800000000000000e+04
3.488900000000000000e+04
3.491000000000000000e+04
3.491100000000000000e+04
3.491200000000000000e+04
3.491300000000000000e+04
3.491400000000000000e+04
3.491500000000000000e+04
3.491600000000000000e+04
3.493400000000000000e+04
3.493500000000000000e+04
3.493600000000000000e+04
3.493700000000000000e+04
3.493800000000000000e+04
3.496100000000000000e+04
3.496200000000000000e+04
3.496300000000000000e+04
3.496400000000000000e+04
3.496500000000000000e+04
3.496700000000000000e+04
3.498800000000000000e+04
3.498900000000000000e+04
3.499000000000000000e+04
3.499100000000000000e+04
3.499200000000000000e+04
3.501100000000000000e+04
3.501200000000000000e+04
3.501300000000000000e+04
3.501400000000000000e+04
3.501500000000000000e+04
3.501600000000000000e+04
3.505800000000000000e+04
3.505900000000000000e+04
3.506000000000000000e+04
3.506100000000000000e+04
3.506200000000000000e+04
3.510600000000000000e+04
3.522500000000000000e+04
3.523100000000000000e+04
3.523200000000000000e+04
3.523300000000000000e+04
3.523400000000000000e+04
3.525200000000000000e+04
3.525400000000000000e+04
3.525900000000000000e+04
3.537900000000000000e+04
3.538300000000000000e+04
3.539700000000000000e+04
3.539800000000000000e+04
3.539900000000000000e+04
3.540800000000000000e+04
3.542900000000000000e+04
3.543000000000000000e+04
3.543100000000000000e+04
3.543200000000000000e+04
3.543300000000000000e+04
3.543400000000000000e+04
3.543500000000000000e+04
3.543600000000000000e+04
3.543700000000000000e+04
3.544500000000000000e+04
3.554600000000000000e+04
3.554700000000000000e+04
3.554900000000000000e+04
3.555000000000000000e+04
3.555100000000000000e+04
3.555200000000000000e+04
3.555300000000000000e+04
3.555400000000000000e+04
3.555600000000000000e+04
3.555700000000000000e+04
3.560800000000000000e+04
3.560900000000000000e+04
3.561000000000000000e+04
3.561100000000000000e+04
3.561300000000000000e+04
3.569100000000000000e+04
3.569200000000000000e+04
3.569300000000000000e+04
3.569400000000000000e+04
3.584300000000000000e+04
3.584400000000000000e+04
3.584500000000000000e+04
3.584600000000000000e+04
3.585500000000000000e+04
3.585600000000000000e+04
3.585700000000000000e+04
3.585800000000000000e+04
3.585900000000000000e+04
3.586000000000000000e+04
3.586100000000000000e+04
3.587800000000000000e+04
3.588000000000000000e+04
3.588200000000000000e+04
3.589200000000000000e+04
3.589300000000000000e+04
3.589400000000000000e+04
3.589500000000000000e+04
3.589600000000000000e+04
3.589900000000000000e+04
3.590000000000000000e+04
3.593200000000000000e+04
3.593300000000000000e+04
3.593400000000000000e+04
3.593600000000000000e+04
3.593700000000000000e+04
3.593800000000000000e+04
3.593900000000000000e+04
3.594000000000000000e+04
3.594100000000000000e+04
3.594700000000000000e+04
3.594800000000000000e+04
3.594900000000000000e+04
3.595000000000000000e+04
3.595100000000000000e+04
3.595200000000000000e+04
3.595300000000000000e+04
3.595400000000000000e+04
3.595500000000000000e+04
3.595600000000000000e+04
3.595700000000000000e+04
3.596600000000000000e+04
3.596700000000000000e+04
3.598200000000000000e+04
3.598300000000000000e+04
3.598400000000000000e+04
3.598500000000000000e+04
3.598600000000000000e+04
3.598800000000000000e+04
3.598900000000000000e+04
3.599000000000000000e+04
3.599100000000000000e+04
3.599200000000000000e+04
3.599400000000000000e+04
3.599500000000000000e+04
3.599600000000000000e+04
3.600200000000000000e+04
3.600300000000000000e+04
3.600400000000000000e+04
3.600500000000000000e+04
3.600700000000000000e+04
3.600800000000000000e+04
3.600900000000000000e+04
3.601100000000000000e+04
3.601200000000000000e+04
3.601300000000000000e+04
3.601400000000000000e+04
3.601500000000000000e+04
3.601600000000000000e+04
3.601700000000000000e+04
3.602500000000000000e+04
3.602600000000000000e+04
3.602700000000000000e+04
3.602800000000000000e+04
3.602900000000000000e+04
3.603000000000000000e+04
3.603300000000000000e+04
3.604200000000000000e+04
3.604300000000000000e+04
3.604400000000000000e+04
3.604500000000000000e+04
3.605200000000000000e+04
3.606200000000000000e+04
3.606300000000000000e+04
3.606400000000000000e+04
3.606500000000000000e+04
3.606600000000000000e+04
3.606700000000000000e+04
3.606800000000000000e+04
3.606900000000000000e+04
3.607000000000000000e+04
3.607900000000000000e+04
3.608000000000000000e+04
3.608100000000000000e+04
3.608200000000000000e+04
3.608300000000000000e+04
3.608400000000000000e+04
3.608500000000000000e+04
3.608600000000000000e+04
3.608700000000000000e+04
3.608800000000000000e+04
3.608900000000000000e+04
3.609100000000000000e+04
3.610000000000000000e+04
3.610200000000000000e+04
3.610300000000000000e+04
3.610400000000000000e+04
3.610500000000000000e+04
3.613200000000000000e+04
3.613300000000000000e+04
3.617100000000000000e+04
3.617200000000000000e+04
3.617400000000000000e+04
3.617500000000000000e+04
3.617600000000000000e+04
3.618900000000000000e+04
3.632000000000000000e+04
3.632800000000000000e+04
3.632900000000000000e+04
3.633000000000000000e+04
3.633100000000000000e+04
3.633300000000000000e+04
3.634100000000000000e+04
3.634200000000000000e+04
3.634300000000000000e+04
3.634400000000000000e+04
3.634500000000000000e+04
3.634600000000000000e+04
3.635800000000000000e+04
3.635900000000000000e+04
3.636000000000000000e+04
3.636100000000000000e+04
3.639100000000000000e+04
3.639200000000000000e+04
3.639300000000000000e+04
3.639400000000000000e+04
3.639700000000000000e+04
3.639800000000000000e+04
3.639900000000000000e+04
3.640000000000000000e+04
3.640100000000000000e+04
3.641200000000000000e+04
3.641300000000000000e+04
3.641400000000000000e+04
3.642200000000000000e+04
3.642300000000000000e+04
3.645900000000000000e+04
3.646000000000000000e+04
3.646100000000000000e+04
3.646200000000000000e+04
3.646300000000000000e+04
3.646400000000000000e+04
3.646500000000000000e+04
3.646800000000000000e+04
3.650800000000000000e+04
3.650900000000000000e+04
3.651000000000000000e+04
3.651100000000000000e+04
3.659100000000000000e+04
3.659200000000000000e+04
3.660400000000000000e+04
3.660500000000000000e+04
3.660600000000000000e+04
3.660700000000000000e+04
3.661900000000000000e+04
3.662000000000000000e+04
3.662100000000000000e+04
3.662200000000000000e+04
3.663400000000000000e+04
3.663500000000000000e+04
3.663600000000000000e+04
3.663700000000000000e+04
3.664800000000000000e+04
3.665000000000000000e+04
3.665200000000000000e+04
3.666400000000000000e+04
3.666500000000000000e+04
3.666600000000000000e+04
3.666700000000000000e+04
3.669700000000000000e+04
3.669800000000000000e+04
3.669900000000000000e+04
3.670000000000000000e+04
3.670100000000000000e+04
3.672100000000000000e+04
3.672200000000000000e+04
3.672300000000000000e+04
3.672400000000000000e+04
3.674400000000000000e+04
3.674500000000000000e+04
3.674600000000000000e+04
3.674700000000000000e+04
3.676600000000000000e+04
3.681700000000000000e+04
3.684900000000000000e+04
3.704300000000000000e+04
3.705300000000000000e+04
3.705400000000000000e+04
3.706600000000000000e+04
3.707600000000000000e+04
3.707700000000000000e+04
3.707800000000000000e+04
3.707900000000000000e+04
3.708300000000000000e+04
3.708400000000000000e+04
3.708500000000000000e+04
3.710700000000000000e+04
3.710800000000000000e+04
3.711100000000000000e+04
3.711200000000000000e+04
3.711900000000000000e+04
3.712000000000000000e+04
3.714200000000000000e+04
3.714300000000000000e+04
3.715000000000000000e+04
3.715800000000000000e+04
3.715900000000000000e+04
3.716600000000000000e+04
3.716700000000000000e+04
3.716800000000000000e+04
3.716900000000000000e+04
3.718200000000000000e+04
3.718800000000000000e+04
3.718900000000000000e+04
3.719000000000000000e+04
3.719200000000000000e+04
3.719300000000000000e+04
3.719400000000000000e+04
3.720700000000000000e+04
3.720800000000000000e+04
3.721500000000000000e+04
3.721600000000000000e+04
3.721700000000000000e+04
3.721800000000000000e+04
3.722100000000000000e+04
3.722200000000000000e+04
3.722300000000000000e+04
3.724900000000000000e+04
3.725000000000000000e+04
3.725100000000000000e+04
3.725200000000000000e+04
3.726400000000000000e+04
3.728300000000000000e+04
3.728400000000000000e+04
3.728500000000000000e+04
3.735400000000000000e+04
3.747900000000000000e+04
3.756300000000000000e+04
3.756400000000000000e+04
3.765700000000000000e+04
3.768600000000000000e+04
3.768700000000000000e+04
3.768800000000000000e+04
3.771500000000000000e+04
3.771600000000000000e+04
3.771700000000000000e+04
3.800000000000000000e+04
3.804400000000000000e+04
3.809500000000000000e+04
3.809600000000000000e+04
3.809700000000000000e+04
3.809800000000000000e+04
3.812600000000000000e+04
3.812700000000000000e+04
3.812800000000000000e+04
3.812900000000000000e+04
3.816700000000000000e+04
3.816800000000000000e+04
3.816900000000000000e+04
3.821300000000000000e+04
3.821400000000000000e+04
3.821500000000000000e+04
3.856000000000000000e+04
3.860900000000000000e+04
3.861100000000000000e+04
3.864700000000000000e+04
3.864800000000000000e+04
3.864900000000000000e+04
3.865000000000000000e+04
3.865100000000000000e+04
3.867400000000000000e+04
3.867500000000000000e+04
3.867600000000000000e+04
3.867700000000000000e+04
3.867800000000000000e+04
3.870200000000000000e+04
3.870300000000000000e+04
3.873900000000000000e+04
3.874000000000000000e+04
3.876600000000000000e+04
3.876700000000000000e+04
3.876800000000000000e+04
3.881600000000000000e+04
3.885000000000000000e+04
3.885100000000000000e+04
3.885200000000000000e+04
3.888300000000000000e+04
3.888400000000000000e+04
3.888500000000000000e+04
3.897600000000000000e+04
3.916400000000000000e+04
3.921700000000000000e+04
3.921800000000000000e+04
3.928600000000000000e+04
3.928700000000000000e+04
3.930500000000000000e+04
3.930600000000000000e+04
3.983400000000000000e+04
3.985600000000000000e+04
3.988900000000000000e+04
3.991500000000000000e+04
3.995500000000000000e+04
3.995600000000000000e+04
4.019000000000000000e+04
4.019100000000000000e+04
4.019200000000000000e+04
4.023000000000000000e+04
4.023200000000000000e+04
4.023300000000000000e+04
4.023400000000000000e+04
4.026700000000000000e+04
4.026900000000000000e+04
4.027000000000000000e+04
4.027100000000000000e+04
4.027200000000000000e+04
4.030000000000000000e+04
4.030200000000000000e+04
4.030300000000000000e+04
4.033000000000000000e+04
4.033200000000000000e+04
4.033300000000000000e+04
4.033400000000000000e+04
4.033500000000000000e+04
4.036200000000000000e+04
4.036400000000000000e+04
4.036500000000000000e+04
4.038900000000000000e+04
4.039000000000000000e+04
4.039100000000000000e+04
4.039200000000000000e+04
4.039300000000000000e+04
4.041900000000000000e+04
4.042100000000000000e+04
4.042200000000000000e+04
4.042300000000000000e+04
4.044800000000000000e+04
4.044900000000000000e+04
4.045000000000000000e+04
4.045100000000000000e+04
4.047300000000000000e+04
4.047400000000000000e+04
4.050100000000000000e+04
4.050300000000000000e+04
4.050400000000000000e+04
4.050500000000000000e+04
4.050600000000000000e+04
4.052500000000000000e+04
4.052600000000000000e+04
4.052700000000000000e+04
4.054700000000000000e+04
4.054800000000000000e+04
4.054900000000000000e+04
4.055500000000000000e+04
4.055700000000000000e+04
4.061700000000000000e+04
4.061800000000000000e+04
4.061900000000000000e+04
4.062000000000000000e+04
4.083500000000000000e+04
4.083600000000000000e+04
4.085800000000000000e+04
4.085900000000000000e+04
4.086000000000000000e+04
4.086100000000000000e+04
4.086200000000000000e+04
4.088900000000000000e+04
4.089000000000000000e+04
4.089100000000000000e+04
4.089200000000000000e+04
4.089300000000000000e+04
4.091700000000000000e+04
4.091800000000000000e+04
4.091900000000000000e+04
4.092100000000000000e+04
4.092200000000000000e+04
4.094700000000000000e+04
4.094800000000000000e+04
4.094900000000000000e+04
4.095000000000000000e+04
4.095100000000000000e+04
4.095200000000000000e+04
4.095300000000000000e+04
4.095400000000000000e+04
4.095500000000000000e+04
4.095600000000000000e+04
4.097800000000000000e+04
4.097900000000000000e+04
4.098000000000000000e+04
4.098100000000000000e+04
4.098200000000000000e+04
4.098300000000000000e+04
4.098400000000000000e+04
4.098500000000000000e+04
4.101300000000000000e+04
4.101600000000000000e+04
4.101700000000000000e+04
4.101800000000000000e+04
4.101900000000000000e+04
4.102000000000000000e+04
4.102100000000000000e+04
4.102200000000000000e+04
4.116600000000000000e+04
4.116700000000000000e+04
4.116800000000000000e+04
4.116900000000000000e+04
4.117000000000000000e+04
4.117100000000000000e+04
4.117200000000000000e+04
4.117300000000000000e+04
4.119000000000000000e+04
4.119100000000000000e+04
4.119200000000000000e+04
4.119300000000000000e+04
4.119400000000000000e+04
4.119600000000000000e+04
4.119700000000000000e+04
4.124400000000000000e+04
4.124500000000000000e+04
4.124600000000000000e+04
4.124700000000000000e+04
4.124900000000000000e+04
4.125000000000000000e+04
4.127200000000000000e+04
4.127300000000000000e+04
4.127400000000000000e+04
4.127500000000000000e+04
4.146900000000000000e+04
4.147000000000000000e+04
4.147100000000000000e+04
4.147200000000000000e+04
4.147300000000000000e+04
4.147400000000000000e+04
4.147500000000000000e+04
4.149300000000000000e+04
4.149400000000000000e+04
4.149500000000000000e+04
4.149600000000000000e+04
4.149700000000000000e+04
4.149800000000000000e+04
4.150100000000000000e+04
4.150200000000000000e+04
4.151800000000000000e+04
4.151900000000000000e+04
4.152000000000000000e+04
4.152100000000000000e+04
4.152200000000000000e+04
4.152300000000000000e+04
4.152400000000000000e+04
4.154300000000000000e+04
4.154700000000000000e+04
4.155000000000000000e+04
4.155100000000000000e+04
4.155300000000000000e+04
4.155400000000000000e+04
4.157400000000000000e+04
4.157500000000000000e+04
4.157600000000000000e+04
4.157700000000000000e+04
4.157800000000000000e+04
4.157900000000000000e+04
4.158000000000000000e+04
4.158100000000000000e+04
4.158200000000000000e+04
4.171200000000000000e+04
4.174300000000000000e+04
4.174400000000000000e+04
4.174500000000000000e+04
4.174600000000000000e+04
4.174700000000000000e+04
4.174800000000000000e+04
4.174900000000000000e+04
4.175000000000000000e+04
4.175100000000000000e+04
4.175200000000000000e+04
4.175300000000000000e+04
4.182300000000000000e+04
4.182400000000000000e+04
4.182500000000000000e+04
4.182600000000000000e+04
4.182700000000000000e+04
4.182800000000000000e+04
4.182900000000000000e+04
4.183000000000000000e+04
4.183100000000000000e+04
4.187700000000000000e+04
4.188300000000000000e+04
4.195800000000000000e+04
4.212000000000000000e+04
4.212100000000000000e+04
4.212200000000000000e+04
4.212300000000000000e+04
4.212400000000000000e+04
4.213300000000000000e+04
4.213400000000000000e+04
4.213500000000000000e+04
4.215000000000000000e+04
4.215100000000000000e+04
4.215200000000000000e+04
4.215300000000000000e+04
4.215400000000000000e+04
4.215500000000000000e+04
4.215600000000000000e+04
4.215700000000000000e+04
4.215900000000000000e+04
4.216000000000000000e+04
4.216100000000000000e+04
4.219200000000000000e+04
4.221200000000000000e+04
4.221300000000000000e+04
4.221400000000000000e+04
4.221500000000000000e+04
4.221600000000000000e+04
4.221700000000000000e+04
4.221800000000000000e+04
4.221900000000000000e+04
4.222000000000000000e+04
4.222100000000000000e+04
4.222200000000000000e+04
4.222300000000000000e+04
4.222400000000000000e+04
4.222500000000000000e+04
4.223900000000000000e+04
4.224000000000000000e+04
4.224100000000000000e+04
4.224200000000000000e+04
4.224300000000000000e+04
4.224400000000000000e+04
4.224500000000000000e+04
4.224600000000000000e+04
4.224700000000000000e+04
4.224800000000000000e+04
4.224900000000000000e+04
4.225000000000000000e+04
4.225100000000000000e+04
4.225200000000000000e+04
4.227300000000000000e+04
4.227400000000000000e+04
4.227500000000000000e+04
4.227600000000000000e+04
4.227700000000000000e+04
4.227800000000000000e+04
4.227900000000000000e+04
4.228000000000000000e+04
4.228100000000000000e+04
4.228200000000000000e+04
4.228300000000000000e+04
4.228400000000000000e+04
4.228500000000000000e+04
4.228600000000000000e+04
4.228700000000000000e+04
4.230100000000000000e+04
4.230200000000000000e+04
4.230400000000000000e+04
4.230500000000000000e+04
4.230600000000000000e+04
4.230700000000000000e+04
4.231100000000000000e+04
4.231200000000000000e+04
4.231300000000000000e+04
4.231400000000000000e+04
4.231500000000000000e+04
4.231600000000000000e+04
4.232700000000000000e+04
4.232800000000000000e+04
4.232900000000000000e+04
4.233000000000000000e+04
4.233100000000000000e+04
4.233200000000000000e+04
4.233300000000000000e+04
4.233500000000000000e+04
4.233900000000000000e+04
4.234000000000000000e+04
4.235100000000000000e+04
4.235200000000000000e+04
4.235300000000000000e+04
4.235800000000000000e+04
4.235900000000000000e+04
4.236000000000000000e+04
4.236100000000000000e+04
4.236200000000000000e+04
4.236400000000000000e+04
4.245900000000000000e+04
4.261800000000000000e+04
4.261900000000000000e+04
4.262000000000000000e+04
4.265500000000000000e+04
4.266600000000000000e+04
4.266700000000000000e+04
4.266800000000000000e+04
4.266900000000000000e+04
4.267000000000000000e+04
4.267300000000000000e+04
4.267400000000000000e+04
4.267500000000000000e+04
4.268600000000000000e+04
4.268700000000000000e+04
4.268800000000000000e+04
4.268900000000000000e+04
4.269000000000000000e+04
4.269100000000000000e+04
4.269200000000000000e+04
4.269300000000000000e+04
4.269400000000000000e+04
4.269500000000000000e+04
4.269600000000000000e+04
4.273800000000000000e+04
4.274200000000000000e+04
4.274300000000000000e+04
4.274400000000000000e+04
4.274500000000000000e+04
4.274600000000000000e+04
4.274700000000000000e+04
4.275100000000000000e+04
4.280700000000000000e+04
4.280800000000000000e+04
4.280900000000000000e+04
4.281100000000000000e+04
4.281200000000000000e+04
4.281300000000000000e+04
4.281400000000000000e+04
4.281500000000000000e+04
4.281700000000000000e+04
4.281800000000000000e+04
4.283400000000000000e+04
4.283500000000000000e+04
4.283600000000000000e+04
4.283700000000000000e+04
4.283800000000000000e+04
4.283900000000000000e+04
4.284000000000000000e+04
4.284100000000000000e+04
4.284300000000000000e+04
4.284400000000000000e+04
4.284500000000000000e+04
4.284600000000000000e+04
4.284700000000000000e+04
4.284800000000000000e+04
4.284900000000000000e+04
4.285800000000000000e+04
4.285900000000000000e+04
4.286000000000000000e+04
4.286100000000000000e+04
4.286200000000000000e+04
4.286300000000000000e+04
4.286400000000000000e+04
4.286500000000000000e+04
4.286600000000000000e+04
4.286700000000000000e+04
4.286800000000000000e+04
4.286900000000000000e+04
4.287000000000000000e+04
4.287100000000000000e+04
4.287200000000000000e+04
4.288000000000000000e+04
4.288100000000000000e+04
4.288200000000000000e+04
4.288300000000000000e+04
4.288400000000000000e+04
4.288500000000000000e+04
4.288600000000000000e+04
4.288700000000000000e+04
4.288800000000000000e+04
4.289000000000000000e+04
4.289300000000000000e+04
4.290600000000000000e+04
4.290700000000000000e+04
4.290800000000000000e+04
4.291000000000000000e+04
4.291100000000000000e+04
4.291200000000000000e+04
4.291300000000000000e+04
4.291400000000000000e+04
4.291500000000000000e+04
4.291600000000000000e+04
4.291700000000000000e+04
4.291800000000000000e+04
4.291900000000000000e+04
4.293100000000000000e+04
4.293300000000000000e+04
4.293500000000000000e+04
4.293900000000000000e+04
4.294000000000000000e+04
4.294100000000000000e+04
4.295700000000000000e+04
4.301700000000000000e+04
4.303900000000000000e+04
4.326300000000000000e+04
4.330600000000000000e+04
4.330700000000000000e+04
4.330800000000000000e+04
4.330900000000000000e+04
4.331000000000000000e+04
4.331100000000000000e+04
4.331200000000000000e+04
4.331300000000000000e+04
4.332100000000000000e+04
4.332200000000000000e+04
4.332300000000000000e+04
4.332400000000000000e+04
4.332500000000000000e+04
4.332600000000000000e+04
4.332700000000000000e+04
4.332800000000000000e+04
4.332900000000000000e+04
4.333000000000000000e+04
4.334200000000000000e+04
4.335200000000000000e+04
4.335400000000000000e+04
4.335500000000000000e+04
4.335600000000000000e+04
4.335800000000000000e+04
4.337000000000000000e+04
4.337200000000000000e+04
4.337400000000000000e+04
4.337500000000000000e+04
4.337600000000000000e+04
4.337700000000000000e+04
4.337800000000000000e+04
4.341500000000000000e+04
4.341600000000000000e+04
4.341700000000000000e+04
4.341800000000000000e+04
4.341900000000000000e+04
4.342100000000000000e+04
4.342200000000000000e+04
4.342300000000000000e+04
4.342400000000000000e+04
4.342500000000000000e+04
4.343700000000000000e+04
4.343800000000000000e+04
4.343900000000000000e+04
4.344000000000000000e+04
4.344100000000000000e+04
4.344400000000000000e+04
4.344500000000000000e+04
4.344600000000000000e+04
4.344700000000000000e+04
4.346200000000000000e+04
4.346300000000000000e+04
4.346400000000000000e+04
4.346500000000000000e+04
4.346600000000000000e+04
4.346800000000000000e+04
4.346900000000000000e+04
4.347000000000000000e+04
4.348100000000000000e+04
4.348200000000000000e+04
4.348300000000000000e+04
4.348400000000000000e+04
4.348500000000000000e+04
4.348600000000000000e+04
4.348800000000000000e+04
4.348900000000000000e+04
4.349000000000000000e+04
4.352700000000000000e+04
4.353100000000000000e+04
4.354500000000000000e+04
4.354600000000000000e+04
4.354800000000000000e+04
4.365100000000000000e+04
4.365200000000000000e+04
4.365300000000000000e+04
4.365400000000000000e+04
4.365500000000000000e+04
4.365600000000000000e+04
4.365900000000000000e+04
4.376100000000000000e+04
4.376600000000000000e+04
4.376700000000000000e+04
4.376800000000000000e+04
4.380400000000000000e+04
4.380500000000000000e+04
4.381100000000000000e+04
4.382400000000000000e+04
4.382500000000000000e+04
4.382600000000000000e+04
4.382700000000000000e+04
4.382800000000000000e+04
4.383000000000000000e+04
4.383500000000000000e+04
4.383600000000000000e+04
4.383700000000000000e+04
4.383800000000000000e+04
4.385200000000000000e+04
4.385400000000000000e+04
4.385500000000000000e+04
4.385900000000000000e+04
4.386000000000000000e+04
4.386100000000000000e+04
4.386200000000000000e+04
4.386300000000000000e+04
4.386400000000000000e+04
4.386500000000000000e+04
4.388000000000000000e+04
4.395800000000000000e+04
4.396000000000000000e+04
4.396100000000000000e+04
4.396200000000000000e+04
4.396400000000000000e+04
4.399900000000000000e+04
4.400000000000000000e+04
4.400100000000000000e+04
4.400200000000000000e+04
4.400300000000000000e+04
4.400400000000000000e+04
4.400500000000000000e+04
4.400600000000000000e+04
4.404000000000000000e+04
4.404100000000000000e+04
4.404200000000000000e+04
4.404300000000000000e+04
4.414500000000000000e+04
4.414600000000000000e+04
4.414700000000000000e+04
4.414800000000000000e+04
4.417500000000000000e+04
4.417600000000000000e+04
4.417700000000000000e+04
4.418800000000000000e+04
4.418900000000000000e+04
4.419000000000000000e+04
4.419700000000000000e+04
4.419800000000000000e+04
4.419900000000000000e+04
4.468800000000000000e+04
4.468900000000000000e+04
4.469000000000000000e+04
4.469200000000000000e+04
4.474800000000000000e+04
4.474900000000000000e+04
4.475000000000000000e+04
4.475100000000000000e+04
4.475200000000000000e+04
4.477600000000000000e+04
4.477700000000000000e+04
4.480500000000000000e+04
4.505500000000000000e+04
4.528400000000000000e+04
4.528500000000000000e+04
4.528600000000000000e+04
4.528700000000000000e+04
4.536700000000000000e+04
4.536800000000000000e+04
4.537000000000000000e+04
4.656800000000000000e+04
4.656900000000000000e+04
4.657000000000000000e+04
4.658800000000000000e+04
4.658900000000000000e+04
4.659000000000000000e+04
4.665000000000000000e+04
4.665100000000000000e+04
4.667000000000000000e+04
4.667100000000000000e+04
4.667200000000000000e+04
4.670200000000000000e+04
4.670300000000000000e+04
4.670400000000000000e+04
4.671300000000000000e+04
4.671400000000000000e+04
4.671500000000000000e+04
4.671600000000000000e+04
4.678800000000000000e+04
4.678900000000000000e+04
4.718500000000000000e+04
4.726300000000000000e+04
4.726400000000000000e+04
4.726600000000000000e+04
4.729400000000000000e+04
4.729500000000000000e+04
4.729600000000000000e+04
4.732500000000000000e+04
4.732600000000000000e+04
4.732700000000000000e+04
4.732900000000000000e+04
4.733000000000000000e+04
4.738100000000000000e+04
4.738200000000000000e+04
4.738300000000000000e+04
4.738400000000000000e+04
4.738600000000000000e+04
4.741800000000000000e+04
4.741900000000000000e+04
4.742000000000000000e+04
4.742100000000000000e+04
4.742200000000000000e+04
4.742300000000000000e+04
4.745800000000000000e+04
4.745900000000000000e+04
4.746000000000000000e+04
4.746100000000000000e+04
4.746200000000000000e+04
4.746300000000000000e+04
4.746600000000000000e+04
4.750000000000000000e+04
4.750100000000000000e+04
4.750200000000000000e+04
4.750300000000000000e+04
4.750400000000000000e+04
4.750500000000000000e+04
4.751900000000000000e+04
4.752000000000000000e+04
4.752100000000000000e+04
4.752200000000000000e+04
4.752300000000000000e+04
4.752400000000000000e+04
4.752500000000000000e+04
4.754300000000000000e+04
4.754400000000000000e+04
4.754500000000000000e+04
4.754600000000000000e+04
4.754700000000000000e+04
4.754800000000000000e+04
4.755000000000000000e+04
4.756000000000000000e+04
4.756100000000000000e+04
4.756200000000000000e+04
4.756300000000000000e+04
4.756400000000000000e+04
4.757400000000000000e+04
4.757500000000000000e+04
4.757600000000000000e+04
4.758100000000000000e+04
4.758200000000000000e+04
4.781300000000000000e+04
4.781400000000000000e+04
4.781500000000000000e+04
4.783800000000000000e+04
4.783900000000000000e+04
4.784000000000000000e+04
4.784100000000000000e+04
4.786700000000000000e+04
4.786800000000000000e+04
4.786900000000000000e+04
4.787000000000000000e+04
4.789300000000000000e+04
4.789400000000000000e+04
4.789600000000000000e+04
4.789700000000000000e+04
4.789800000000000000e+04
4.789900000000000000e+04
4.790000000000000000e+04
4.791800000000000000e+04
4.791900000000000000e+04
4.792000000000000000e+04
4.792100000000000000e+04
4.792200000000000000e+04
4.792300000000000000e+04
4.792400000000000000e+04
4.795100000000000000e+04
4.795200000000000000e+04
4.795300000000000000e+04
4.795400000000000000e+04
4.795500000000000000e+04
4.795600000000000000e+04
4.797800000000000000e+04
4.797900000000000000e+04
4.798100000000000000e+04
4.798200000000000000e+04
4.798300000000000000e+04
4.798400000000000000e+04
4.800500000000000000e+04
4.800600000000000000e+04
4.800700000000000000e+04
4.800800000000000000e+04
4.800900000000000000e+04
4.801000000000000000e+04
4.803200000000000000e+04
4.803300000000000000e+04
4.803400000000000000e+04
4.803500000000000000e+04
4.803600000000000000e+04
4.803700000000000000e+04
4.803800000000000000e+04
4.805800000000000000e+04
4.805900000000000000e+04
4.806000000000000000e+04
4.806100000000000000e+04
4.806200000000000000e+04
4.810700000000000000e+04
4.810800000000000000e+04
4.811000000000000000e+04
4.817200000000000000e+04
4.817300000000000000e+04
4.829500000000000000e+04
4.829600000000000000e+04
4.829700000000000000e+04
4.831700000000000000e+04
4.831800000000000000e+04
4.831900000000000000e+04
4.832000000000000000e+04
4.833700000000000000e+04
4.833800000000000000e+04
4.833900000000000000e+04
4.834000000000000000e+04
4.834100000000000000e+04
4.834200000000000000e+04
4.834400000000000000e+04
4.834500000000000000e+04
4.835900000000000000e+04
4.836000000000000000e+04
4.836100000000000000e+04
4.836200000000000000e+04
4.838900000000000000e+04
4.839000000000000000e+04
4.839100000000000000e+04
4.839200000000000000e+04
4.839300000000000000e+04
4.839400000000000000e+04
4.839500000000000000e+04
4.839600000000000000e+04
4.839700000000000000e+04
4.839800000000000000e+04
4.841500000000000000e+04
4.841600000000000000e+04
4.841800000000000000e+04
4.841900000000000000e+04
4.842000000000000000e+04
4.842100000000000000e+04
4.842200000000000000e+04
4.842300000000000000e+04
4.842400000000000000e+04
4.842500000000000000e+04
4.842600000000000000e+04
4.843900000000000000e+04
4.844000000000000000e+04
4.844100000000000000e+04
4.844200000000000000e+04
4.844300000000000000e+04
4.844400000000000000e+04
4.844500000000000000e+04
4.844600000000000000e+04
4.844700000000000000e+04
4.844800000000000000e+04
4.844900000000000000e+04
4.846400000000000000e+04
4.846500000000000000e+04
4.846700000000000000e+04
4.846800000000000000e+04
4.846900000000000000e+04
4.847000000000000000e+04
4.847100000000000000e+04
4.847200000000000000e+04
4.847500000000000000e+04
4.847600000000000000e+04
4.849000000000000000e+04
4.849100000000000000e+04
4.849200000000000000e+04
4.849300000000000000e+04
4.849400000000000000e+04
4.849500000000000000e+04
4.849600000000000000e+04
4.849700000000000000e+04
4.849800000000000000e+04
4.849900000000000000e+04
4.850000000000000000e+04
4.850100000000000000e+04
4.851300000000000000e+04
4.851400000000000000e+04
4.851600000000000000e+04
4.851700000000000000e+04
4.864600000000000000e+04
4.867900000000000000e+04
4.868000000000000000e+04
4.868100000000000000e+04
4.868200000000000000e+04
4.871500000000000000e+04
4.871600000000000000e+04
4.871700000000000000e+04
4.873300000000000000e+04
4.873400000000000000e+04
4.882500000000000000e+04
4.883600000000000000e+04
4.884000000000000000e+04
4.884100000000000000e+04
4.884200000000000000e+04
4.885400000000000000e+04
4.885500000000000000e+04
4.885600000000000000e+04
4.885700000000000000e+04
4.885800000000000000e+04
4.887100000000000000e+04
4.887200000000000000e+04
4.887300000000000000e+04
4.887400000000000000e+04
4.887500000000000000e+04
4.887600000000000000e+04
4.887700000000000000e+04
4.889200000000000000e+04
4.889300000000000000e+04
4.889400000000000000e+04
4.889500000000000000e+04
4.889600000000000000e+04
4.889700000000000000e+04
4.889800000000000000e+04
4.889900000000000000e+04
4.890000000000000000e+04
4.892100000000000000e+04
4.892200000000000000e+04
4.892300000000000000e+04
4.893300000000000000e+04
4.893400000000000000e+04
4.893500000000000000e+04
4.893600000000000000e+04
4.893700000000000000e+04
4.894100000000000000e+04
4.894200000000000000e+04
4.894300000000000000e+04
4.894400000000000000e+04
4.894500000000000000e+04
4.894600000000000000e+04
4.895400000000000000e+04
4.895500000000000000e+04
4.895600000000000000e+04
4.895800000000000000e+04
4.896400000000000000e+04
4.896800000000000000e+04
4.896900000000000000e+04
4.897500000000000000e+04
4.897600000000000000e+04
4.897700000000000000e+04
4.897800000000000000e+04
4.897900000000000000e+04
4.898400000000000000e+04
4.898500000000000000e+04
4.898900000000000000e+04
4.899800000000000000e+04
4.899900000000000000e+04
4.900000000000000000e+04
4.900400000000000000e+04
4.900500000000000000e+04
4.900600000000000000e+04
4.900700000000000000e+04
4.900800000000000000e+04
4.900900000000000000e+04
4.901000000000000000e+04
4.902200000000000000e+04
4.902500000000000000e+04
4.902600000000000000e+04
4.902700000000000000e+04
4.902800000000000000e+04
4.902900000000000000e+04
4.903000000000000000e+04
4.903100000000000000e+04
4.903300000000000000e+04
4.904300000000000000e+04
4.904400000000000000e+04
4.904600000000000000e+04
4.904700000000000000e+04
4.904800000000000000e+04
4.904900000000000000e+04
4.906300000000000000e+04
4.906400000000000000e+04
4.906500000000000000e+04
4.906600000000000000e+04
4.906700000000000000e+04
4.906800000000000000e+04
4.906900000000000000e+04
4.912300000000000000e+04
4.912400000000000000e+04
4.912600000000000000e+04
4.912700000000000000e+04
4.912800000000000000e+04
4.912900000000000000e+04
4.914100000000000000e+04
4.914200000000000000e+04
4.915100000000000000e+04
4.915200000000000000e+04
4.915300000000000000e+04
4.915400000000000000e+04
4.916200000000000000e+04
4.916300000000000000e+04
4.916400000000000000e+04
4.916500000000000000e+04
4.920100000000000000e+04
4.922900000000000000e+04
4.923000000000000000e+04
4.923100000000000000e+04
4.923200000000000000e+04
4.924400000000000000e+04
4.924500000000000000e+04
4.924600000000000000e+04
4.924700000000000000e+04
4.924800000000000000e+04
4.924900000000000000e+04
4.925600000000000000e+04
4.925700000000000000e+04
4.925800000000000000e+04
4.925900000000000000e+04
4.926000000000000000e+04
4.926100000000000000e+04
4.926200000000000000e+04
4.937300000000000000e+04
4.937400000000000000e+04
4.942500000000000000e+04
4.942600000000000000e+04
4.942700000000000000e+04
4.947100000000000000e+04
4.949600000000000000e+04
4.949700000000000000e+04
4.949800000000000000e+04
4.951000000000000000e+04
4.951100000000000000e+04
4.951200000000000000e+04
4.951300000000000000e+04
4.951400000000000000e+04
4.951500000000000000e+04
4.953000000000000000e+04
4.953300000000000000e+04
4.953400000000000000e+04
4.953500000000000000e+04
4.953600000000000000e+04
4.953800000000000000e+04
4.953900000000000000e+04
4.954800000000000000e+04
4.954900000000000000e+04
4.955100000000000000e+04
4.955200000000000000e+04
4.955300000000000000e+04
4.955400000000000000e+04
4.955500000000000000e+04
4.955700000000000000e+04
4.955800000000000000e+04
4.955900000000000000e+04
4.956700000000000000e+04
4.956800000000000000e+04
4.956900000000000000e+04
4.957000000000000000e+04
4.957100000000000000e+04
4.957200000000000000e+04
4.957300000000000000e+04
4.957400000000000000e+04
4.959000000000000000e+04
4.959100000000000000e+04
4.959200000000000000e+04
4.959300000000000000e+04
4.959400000000000000e+04
4.959500000000000000e+04
4.961400000000000000e+04
4.961500000000000000e+04
4.961600000000000000e+04
4.961700000000000000e+04
4.961800000000000000e+04
4.961900000000000000e+04
4.962000000000000000e+04
4.964100000000000000e+04
4.964200000000000000e+04
4.964300000000000000e+04
4.964400000000000000e+04
4.964500000000000000e+04
4.964600000000000000e+04
4.964700000000000000e+04
4.965900000000000000e+04
4.966000000000000000e+04
4.966100000000000000e+04
4.966200000000000000e+04
4.966300000000000000e+04
4.966400000000000000e+04
4.966500000000000000e+04
4.968400000000000000e+04
4.968500000000000000e+04
4.968600000000000000e+04
4.968700000000000000e+04
4.968800000000000000e+04
4.968900000000000000e+04
4.969000000000000000e+04
4.971100000000000000e+04
4.971300000000000000e+04
4.971500000000000000e+04
4.971600000000000000e+04
4.972500000000000000e+04
4.973200000000000000e+04
4.973300000000000000e+04
4.973400000000000000e+04
4.973500000000000000e+04
4.974200000000000000e+04
4.974300000000000000e+04
4.975300000000000000e+04
4.975400000000000000e+04
4.975500000000000000e+04
4.975700000000000000e+04
4.976200000000000000e+04
4.976300000000000000e+04
4.977000000000000000e+04
4.977100000000000000e+04
4.977200000000000000e+04
4.977800000000000000e+04
4.977900000000000000e+04
4.981000000000000000e+04
4.981100000000000000e+04
4.981700000000000000e+04
4.983200000000000000e+04
4.985200000000000000e+04
4.989800000000000000e+04
4.995900000000000000e+04
4.996000000000000000e+04
4.998400000000000000e+04
4.998500000000000000e+04
4.998600000000000000e+04
4.999600000000000000e+04
5.000900000000000000e+04
5.004600000000000000e+04
5.005600000000000000e+04
5.005700000000000000e+04
5.006400000000000000e+04
5.006500000000000000e+04
5.011200000000000000e+04
5.013000000000000000e+04
5.013100000000000000e+04
5.013200000000000000e+04
5.029500000000000000e+04
5.030400000000000000e+04
5.030500000000000000e+04
5.030600000000000000e+04
5.030800000000000000e+04
5.030900000000000000e+04
5.031000000000000000e+04
5.032000000000000000e+04
5.032100000000000000e+04
5.032400000000000000e+04
5.032500000000000000e+04
5.032600000000000000e+04
5.034300000000000000e+04
5.035500000000000000e+04
5.044800000000000000e+04
5.044900000000000000e+04
5.047300000000000000e+04
5.047400000000000000e+04
5.052100000000000000e+04
5.126400000000000000e+04
5.131700000000000000e+04
5.131800000000000000e+04
5.131900000000000000e+04
5.133100000000000000e+04
5.134400000000000000e+04
5.138100000000000000e+04
5.138200000000000000e+04
5.140300000000000000e+04
5.142700000000000000e+04
5.144300000000000000e+04
5.144400000000000000e+04
5.144500000000000000e+04
5.147300000000000000e+04
5.150000000000000000e+04
5.152400000000000000e+04
5.203500000000000000e+04
5.203600000000000000e+04
5.206200000000000000e+04
5.209100000000000000e+04
5.209200000000000000e+04
5.209300000000000000e+04
5.211500000000000000e+04
5.215900000000000000e+04
5.216000000000000000e+04
5.218400000000000000e+04
5.218500000000000000e+04
5.222600000000000000e+04
5.222700000000000000e+04
5.222800000000000000e+04
5.224700000000000000e+04
5.224900000000000000e+04
5.226200000000000000e+04
5.226300000000000000e+04
5.226900000000000000e+04
5.227000000000000000e+04
5.253700000000000000e+04
5.256000000000000000e+04
5.256100000000000000e+04
5.256200000000000000e+04
5.258600000000000000e+04
5.258700000000000000e+04
5.258800000000000000e+04
5.263600000000000000e+04
5.263700000000000000e+04
5.263800000000000000e+04
5.266100000000000000e+04
5.266200000000000000e+04
5.266500000000000000e+04
5.270600000000000000e+04
5.270700000000000000e+04
5.270800000000000000e+04
5.270900000000000000e+04
5.272200000000000000e+04
5.272300000000000000e+04
5.274800000000000000e+04
5.274900000000000000e+04
5.275000000000000000e+04
5.275100000000000000e+04
5.278000000000000000e+04
5.282400000000000000e+04
5.282500000000000000e+04
5.284400000000000000e+04
5.315400000000000000e+04
5.315500000000000000e+04
5.315600000000000000e+04
5.315700000000000000e+04
5.315800000000000000e+04
5.315900000000000000e+04
5.316000000000000000e+04
5.318300000000000000e+04
5.318400000000000000e+04
5.318500000000000000e+04
5.318600000000000000e+04
5.318700000000000000e+04
5.318800000000000000e+04
5.319000000000000000e+04
5.319100000000000000e+04
5.321400000000000000e+04
5.321500000000000000e+04
5.322000000000000000e+04
5.324200000000000000e+04
5.324300000000000000e+04
5.326300000000000000e+04
5.326400000000000000e+04
5.326500000000000000e+04
5.326600000000000000e+04
5.326700000000000000e+04
5.326800000000000000e+04
5.326900000000000000e+04
5.327000000000000000e+04
5.328600000000000000e+04
5.328700000000000000e+04
5.330600000000000000e+04
5.330700000000000000e+04
5.332100000000000000e+04
5.332200000000000000e+04
5.332300000000000000e+04
5.332400000000000000e+04
5.333800000000000000e+04
5.333900000000000000e+04
5.334000000000000000e+04
5.335200000000000000e+04
5.335300000000000000e+04
5.336600000000000000e+04
5.336700000000000000e+04
5.339700000000000000e+04
5.365200000000000000e+04
5.365300000000000000e+04
5.365500000000000000e+04
5.365600000000000000e+04
5.365700000000000000e+04
5.365800000000000000e+04
5.365900000000000000e+04
5.367800000000000000e+04
5.367900000000000000e+04
5.368000000000000000e+04
5.368100000000000000e+04
5.368200000000000000e+04
5.368500000000000000e+04
5.368600000000000000e+04
5.370600000000000000e+04
5.370700000000000000e+04
5.370800000000000000e+04
5.370900000000000000e+04
5.371000000000000000e+04
5.371100000000000000e+04
5.371200000000000000e+04
5.371300000000000000e+04
5.373200000000000000e+04
5.373300000000000000e+04
5.373400000000000000e+04
5.373500000000000000e+04
5.373600000000000000e+04
5.373700000000000000e+04
5.373800000000000000e+04
5.373900000000000000e+04
5.376700000000000000e+04
5.376800000000000000e+04
5.376900000000000000e+04
5.387400000000000000e+04
5.387700000000000000e+04
5.387800000000000000e+04
5.387900000000000000e+04
5.388000000000000000e+04
5.390800000000000000e+04
5.390900000000000000e+04
5.391700000000000000e+04
5.400600000000000000e+04
5.400700000000000000e+04
5.403400000000000000e+04
5.403500000000000000e+04
5.403600000000000000e+04
5.403700000000000000e+04
5.403800000000000000e+04
5.403900000000000000e+04
5.404000000000000000e+04
5.404100000000000000e+04
5.405300000000000000e+04
5.405400000000000000e+04
5.405500000000000000e+04
5.405600000000000000e+04
5.405700000000000000e+04
5.405800000000000000e+04
5.405900000000000000e+04
5.406100000000000000e+04
5.406200000000000000e+04
5.407800000000000000e+04
5.407900000000000000e+04
5.408000000000000000e+04
5.408100000000000000e+04
5.408200000000000000e+04
5.408300000000000000e+04
5.408400000000000000e+04
5.408500000000000000e+04
5.408600000000000000e+04
5.408700000000000000e+04
5.408800000000000000e+04
5.411700000000000000e+04
5.411800000000000000e+04
5.412100000000000000e+04
5.412200000000000000e+04
5.412300000000000000e+04
5.412400000000000000e+04
5.412500000000000000e+04
5.412600000000000000e+04
5.414800000000000000e+04
5.415000000000000000e+04
5.415100000000000000e+04
5.415200000000000000e+04
5.418000000000000000e+04
5.418100000000000000e+04
5.418200000000000000e+04
5.418300000000000000e+04
5.418400000000000000e+04
5.418500000000000000e+04
5.421000000000000000e+04
5.421400000000000000e+04
5.421500000000000000e+04
5.421700000000000000e+04
5.431200000000000000e+04
5.431300000000000000e+04
5.435400000000000000e+04
5.439000000000000000e+04
5.439100000000000000e+04
5.439200000000000000e+04
5.440400000000000000e+04
5.449200000000000000e+04
5.449300000000000000e+04
5.452200000000000000e+04
5.452300000000000000e+04
5.452400000000000000e+04
5.452500000000000000e+04
5.452600000000000000e+04
5.452700000000000000e+04
5.452800000000000000e+04
5.461800000000000000e+04
5.461900000000000000e+04
5.462000000000000000e+04
5.462100000000000000e+04
5.462200000000000000e+04
5.464400000000000000e+04
5.464500000000000000e+04
5.464600000000000000e+04
5.464700000000000000e+04
5.465300000000000000e+04
5.470200000000000000e+04
5.470300000000000000e+04
5.470600000000000000e+04
5.470700000000000000e+04
5.472500000000000000e+04
5.472600000000000000e+04
5.473000000000000000e+04
5.473100000000000000e+04
5.473400000000000000e+04
5.474500000000000000e+04
5.474600000000000000e+04
5.474800000000000000e+04
5.474900000000000000e+04
5.477100000000000000e+04
5.477200000000000000e+04
5.478900000000000000e+04
5.491500000000000000e+04
5.503300000000000000e+04
5.503400000000000000e+04
5.503500000000000000e+04
5.503700000000000000e+04
5.503800000000000000e+04
5.503900000000000000e+04
5.504000000000000000e+04
5.523400000000000000e+04
5.523500000000000000e+04
5.523600000000000000e+04
5.523700000000000000e+04
5.523800000000000000e+04
5.523900000000000000e+04
5.524000000000000000e+04
5.524100000000000000e+04
5.525700000000000000e+04
5.525800000000000000e+04
5.525900000000000000e+04
5.526000000000000000e+04
5.526100000000000000e+04
5.526200000000000000e+04
5.526300000000000000e+04
5.526400000000000000e+04
5.528200000000000000e+04
5.528300000000000000e+04
5.528400000000000000e+04
5.528500000000000000e+04
5.528600000000000000e+04
5.528700000000000000e+04
5.528800000000000000e+04
5.528900000000000000e+04
5.531500000000000000e+04
5.531600000000000000e+04
5.531700000000000000e+04
5.531900000000000000e+04
5.532000000000000000e+04
5.532100000000000000e+04
5.533500000000000000e+04
5.533700000000000000e+04
5.533800000000000000e+04
5.533900000000000000e+04
5.534100000000000000e+04
5.534200000000000000e+04
5.537800000000000000e+04
5.537900000000000000e+04
5.538200000000000000e+04
5.538300000000000000e+04
5.540000000000000000e+04
5.540100000000000000e+04
5.540200000000000000e+04
5.540300000000000000e+04
5.543000000000000000e+04
5.543100000000000000e+04
5.549400000000000000e+04
5.549500000000000000e+04
5.552600000000000000e+04
5.552700000000000000e+04
5.554700000000000000e+04
5.554900000000000000e+04
5.555000000000000000e+04
5.555100000000000000e+04
5.555200000000000000e+04
5.555300000000000000e+04
5.555400000000000000e+04
5.557100000000000000e+04
5.581200000000000000e+04
5.582300000000000000e+04
5.583600000000000000e+04
5.583700000000000000e+04
5.583800000000000000e+04
5.583900000000000000e+04
5.586500000000000000e+04
5.586600000000000000e+04
5.586700000000000000e+04
5.586800000000000000e+04
5.586900000000000000e+04
5.587000000000000000e+04
5.587100000000000000e+04
5.587800000000000000e+04
5.587900000000000000e+04
5.588300000000000000e+04
5.588400000000000000e+04
5.591100000000000000e+04
5.591200000000000000e+04
5.591300000000000000e+04
5.591400000000000000e+04
5.591500000000000000e+04
5.591900000000000000e+04
5.592000000000000000e+04
5.593600000000000000e+04
5.595600000000000000e+04
5.595700000000000000e+04
5.597600000000000000e+04
5.597800000000000000e+04
5.597900000000000000e+04
5.598100000000000000e+04
5.598200000000000000e+04
5.600000000000000000e+04
5.600100000000000000e+04
5.600200000000000000e+04
5.600300000000000000e+04
5.600400000000000000e+04
5.600500000000000000e+04
5.600600000000000000e+04
5.602600000000000000e+04
5.602700000000000000e+04
5.602800000000000000e+04
5.602900000000000000e+04
5.603000000000000000e+04
5.605100000000000000e+04
5.605200000000000000e+04
5.605300000000000000e+04
5.605400000000000000e+04
5.607500000000000000e+04
5.607600000000000000e+04
5.607700000000000000e+04
5.622200000000000000e+04
5.623100000000000000e+04
5.623200000000000000e+04
5.628400000000000000e+04
5.628500000000000000e+04
5.630100000000000000e+04
5.630200000000000000e+04
5.630300000000000000e+04
5.630400000000000000e+04
5.631500000000000000e+04
5.631600000000000000e+04
5.636300000000000000e+04
5.651500000000000000e+04
5.652200000000000000e+04
5.652300000000000000e+04
5.655000000000000000e+04
5.655100000000000000e+04
5.655200000000000000e+04
5.657800000000000000e+04
5.657900000000000000e+04
5.663200000000000000e+04
5.663300000000000000e+04
5.663400000000000000e+04
5.666300000000000000e+04
5.666400000000000000e+04
5.666500000000000000e+04
5.666600000000000000e+04
5.747500000000000000e+04
5.752300000000000000e+04
5.752400000000000000e+04
5.753400000000000000e+04
5.753500000000000000e+04
5.753600000000000000e+04
5.753700000000000000e+04
5.753900000000000000e+04
5.754000000000000000e+04
5.754100000000000000e+04
5.755300000000000000e+04
5.755400000000000000e+04
5.756800000000000000e+04
5.757000000000000000e+04
5.761000000000000000e+04
5.761100000000000000e+04
5.761200000000000000e+04
5.799500000000000000e+04
5.800600000000000000e+04
5.800800000000000000e+04
5.803000000000000000e+04
5.803200000000000000e+04
5.807100000000000000e+04
5.807200000000000000e+04
5.807300000000000000e+04
5.813400000000000000e+04
5.815600000000000000e+04
5.818600000000000000e+04
5.818700000000000000e+04
5.824500000000000000e+04
5.824600000000000000e+04
5.881300000000000000e+04
5.881400000000000000e+04
5.881500000000000000e+04
5.887000000000000000e+04
5.889700000000000000e+04
5.892200000000000000e+04
5.892400000000000000e+04
5.892500000000000000e+04
5.894900000000000000e+04
5.897200000000000000e+04
5.897300000000000000e+04
5.897400000000000000e+04
5.899600000000000000e+04
5.901500000000000000e+04
5.901600000000000000e+04
5.901700000000000000e+04
5.903200000000000000e+04
5.903300000000000000e+04
5.908700000000000000e+04
5.908800000000000000e+04
5.908900000000000000e+04
5.910100000000000000e+04
5.935800000000000000e+04
5.938800000000000000e+04
5.941400000000000000e+04
5.941500000000000000e+04
5.941600000000000000e+04
5.941700000000000000e+04
5.947100000000000000e+04
5.947200000000000000e+04
5.947300000000000000e+04
5.952700000000000000e+04
5.952800000000000000e+04
5.952900000000000000e+04
5.955100000000000000e+04
5.957200000000000000e+04
5.957300000000000000e+04
5.957400000000000000e+04
5.959200000000000000e+04
5.964600000000000000e+04
5.964700000000000000e+04
5.964800000000000000e+04
5.964900000000000000e+04
5.966800000000000000e+04
5.968100000000000000e+04
5.968300000000000000e+04
5.988000000000000000e+04
5.988100000000000000e+04
5.991100000000000000e+04
5.993700000000000000e+04
5.993800000000000000e+04
5.993900000000000000e+04
5.994000000000000000e+04
6.001500000000000000e+04
6.001600000000000000e+04
6.021300000000000000e+04
6.021400000000000000e+04
6.021500000000000000e+04
6.021700000000000000e+04
6.021800000000000000e+04
6.021900000000000000e+04
6.022000000000000000e+04
6.022100000000000000e+04
6.022200000000000000e+04
6.024600000000000000e+04
6.024700000000000000e+04
6.024800000000000000e+04
6.024900000000000000e+04
6.025000000000000000e+04
6.025100000000000000e+04
6.025200000000000000e+04
6.025300000000000000e+04
6.025400000000000000e+04
6.025500000000000000e+04
6.025600000000000000e+04
6.026500000000000000e+04
6.026600000000000000e+04
6.026700000000000000e+04
6.026800000000000000e+04
6.026900000000000000e+04
6.027100000000000000e+04
6.027200000000000000e+04
6.027300000000000000e+04
6.079300000000000000e+04
6.079400000000000000e+04
6.089000000000000000e+04
6.089100000000000000e+04
6.090300000000000000e+04
6.090400000000000000e+04
6.090500000000000000e+04
6.100200000000000000e+04
6.100300000000000000e+04
6.100500000000000000e+04
6.100800000000000000e+04
6.140200000000000000e+04
6.141200000000000000e+04
6.141300000000000000e+04
6.142800000000000000e+04
6.142900000000000000e+04
6.143000000000000000e+04
6.144500000000000000e+04
6.145800000000000000e+04
6.145900000000000000e+04
6.146000000000000000e+04
6.146100000000000000e+04
6.146200000000000000e+04
6.146300000000000000e+04
6.148300000000000000e+04
6.149500000000000000e+04
6.149600000000000000e+04
6.149700000000000000e+04
6.149800000000000000e+04
6.149900000000000000e+04
6.150100000000000000e+04
6.150200000000000000e+04
6.150300000000000000e+04
6.150400000000000000e+04
6.150500000000000000e+04
6.151500000000000000e+04
6.151600000000000000e+04
6.151700000000000000e+04
6.152000000000000000e+04
6.152100000000000000e+04
6.153400000000000000e+04
6.153500000000000000e+04
6.153600000000000000e+04
6.153700000000000000e+04
6.153800000000000000e+04
6.153900000000000000e+04
6.154000000000000000e+04
6.154100000000000000e+04
6.154200000000000000e+04
6.154300000000000000e+04
6.155200000000000000e+04
6.155300000000000000e+04
6.155400000000000000e+04
6.156100000000000000e+04
6.156200000000000000e+04
6.156300000000000000e+04
6.157200000000000000e+04
6.157400000000000000e+04
6.157500000000000000e+04
6.157600000000000000e+04
6.157700000000000000e+04
6.157800000000000000e+04
6.158000000000000000e+04
6.158200000000000000e+04
6.158300000000000000e+04
6.159500000000000000e+04
6.159600000000000000e+04
6.159800000000000000e+04
6.159900000000000000e+04
6.160100000000000000e+04
6.160200000000000000e+04
6.160300000000000000e+04
6.160400000000000000e+04
6.161500000000000000e+04
6.161600000000000000e+04
6.163200000000000000e+04
6.165700000000000000e+04
6.165800000000000000e+04
6.165900000000000000e+04
6.167500000000000000e+04
6.167600000000000000e+04
6.168900000000000000e+04
6.169000000000000000e+04
6.170200000000000000e+04
6.170300000000000000e+04
6.175000000000000000e+04
6.185400000000000000e+04
6.186600000000000000e+04
6.186700000000000000e+04
6.200000000000000000e+04
6.200100000000000000e+04
6.205600000000000000e+04
6.205700000000000000e+04
6.205800000000000000e+04
6.205900000000000000e+04
6.362100000000000000e+04
6.374100000000000000e+04
6.374200000000000000e+04
6.399500000000000000e+04
6.407300000000000000e+04
6.411900000000000000e+04
6.412000000000000000e+04
6.417600000000000000e+04
6.417800000000000000e+04
6.443000000000000000e+04
6.443100000000000000e+04
6.443200000000000000e+04
6.446200000000000000e+04
6.446300000000000000e+04
6.514200000000000000e+04
6.514300000000000000e+04
6.514400000000000000e+04
6.518100000000000000e+04
6.521900000000000000e+04
6.522000000000000000e+04
6.522100000000000000e+04
6.543200000000000000e+04
6.543300000000000000e+04
6.543400000000000000e+04
6.543500000000000000e+04
6.545700000000000000e+04
6.545800000000000000e+04
6.547400000000000000e+04
6.547500000000000000e+04
6.547600000000000000e+04
6.550500000000000000e+04
6.550600000000000000e+04
6.553400000000000000e+04
6.553500000000000000e+04
6.662500000000000000e+04
6.662600000000000000e+04
6.662700000000000000e+04
6.662800000000000000e+04
6.665600000000000000e+04
6.667700000000000000e+04
6.667800000000000000e+04
6.667900000000000000e+04
6.668000000000000000e+04
6.668100000000000000e+04
6.668200000000000000e+04
6.669800000000000000e+04
6.669900000000000000e+04
6.670000000000000000e+04
6.670100000000000000e+04
6.670200000000000000e+04
6.670300000000000000e+04
6.670400000000000000e+04
6.670500000000000000e+04
6.672600000000000000e+04
6.672700000000000000e+04
6.672800000000000000e+04
6.673000000000000000e+04
6.673100000000000000e+04
6.674700000000000000e+04
6.674800000000000000e+04
6.674900000000000000e+04
6.675000000000000000e+04
6.675100000000000000e+04
6.675200000000000000e+04
6.675300000000000000e+04
6.675400000000000000e+04
6.679100000000000000e+04
6.679200000000000000e+04
6.679300000000000000e+04
6.679400000000000000e+04
6.679500000000000000e+04
6.679600000000000000e+04
6.679700000000000000e+04
6.679800000000000000e+04
6.679900000000000000e+04
6.680900000000000000e+04
6.681000000000000000e+04
6.681100000000000000e+04
6.681200000000000000e+04
6.681300000000000000e+04
6.681400000000000000e+04
6.681500000000000000e+04
6.682700000000000000e+04
6.682800000000000000e+04
6.682900000000000000e+04
6.683000000000000000e+04
6.683100000000000000e+04
6.683200000000000000e+04
6.683300000000000000e+04
6.683400000000000000e+04
6.683500000000000000e+04
6.684900000000000000e+04
6.685000000000000000e+04
6.685100000000000000e+04
6.685200000000000000e+04
6.685300000000000000e+04
6.685400000000000000e+04
6.685500000000000000e+04
6.685600000000000000e+04
6.688500000000000000e+04
6.688600000000000000e+04
6.688700000000000000e+04
6.688800000000000000e+04
6.688900000000000000e+04
6.689000000000000000e+04
6.689100000000000000e+04
6.689200000000000000e+04
6.690500000000000000e+04
6.690600000000000000e+04
6.690700000000000000e+04
6.690800000000000000e+04
6.690900000000000000e+04
6.691000000000000000e+04
6.692500000000000000e+04
6.692600000000000000e+04
6.692700000000000000e+04
6.692800000000000000e+04
6.693800000000000000e+04
6.693900000000000000e+04
6.694000000000000000e+04
6.695000000000000000e+04
6.715000000000000000e+04
6.717000000000000000e+04
6.717100000000000000e+04
6.717200000000000000e+04
6.719800000000000000e+04
6.719900000000000000e+04
6.720000000000000000e+04
6.720100000000000000e+04
6.720200000000000000e+04
6.720300000000000000e+04
6.722600000000000000e+04
6.732500000000000000e+04
6.737200000000000000e+04
6.737300000000000000e+04
6.737400000000000000e+04
6.737500000000000000e+04
6.737600000000000000e+04
6.741000000000000000e+04
6.741100000000000000e+04
6.741200000000000000e+04
6.741300000000000000e+04
6.741400000000000000e+04
6.741500000000000000e+04
6.742800000000000000e+04
6.742900000000000000e+04
6.743000000000000000e+04
6.745100000000000000e+04
6.745200000000000000e+04
6.745300000000000000e+04
6.745400000000000000e+04
6.745500000000000000e+04
6.745600000000000000e+04
6.747100000000000000e+04
6.747200000000000000e+04
6.747300000000000000e+04
6.747400000000000000e+04
6.749000000000000000e+04
6.749100000000000000e+04
6.749200000000000000e+04
6.749300000000000000e+04
6.750500000000000000e+04
6.750600000000000000e+04
6.750700000000000000e+04
6.845400000000000000e+04
6.845500000000000000e+04
6.845600000000000000e+04
6.845700000000000000e+04
6.847400000000000000e+04
6.847700000000000000e+04
6.848400000000000000e+04
6.848500000000000000e+04
6.848600000000000000e+04
6.848700000000000000e+04
6.848800000000000000e+04
6.849100000000000000e+04
6.849200000000000000e+04
6.849300000000000000e+04
6.849400000000000000e+04
6.849500000000000000e+04
6.849600000000000000e+04
6.849700000000000000e+04
6.851700000000000000e+04
6.851800000000000000e+04
6.851900000000000000e+04
6.852000000000000000e+04
6.852100000000000000e+04
6.852200000000000000e+04
6.852300000000000000e+04
6.852400000000000000e+04
6.852500000000000000e+04
6.852600000000000000e+04
6.852700000000000000e+04
6.852800000000000000e+04
6.852900000000000000e+04
6.854300000000000000e+04
6.854700000000000000e+04
6.854900000000000000e+04
6.855000000000000000e+04
6.855100000000000000e+04
6.855200000000000000e+04
6.857000000000000000e+04
6.857100000000000000e+04
6.857200000000000000e+04
6.857300000000000000e+04
6.857400000000000000e+04
6.857500000000000000e+04
6.859600000000000000e+04
6.859700000000000000e+04
6.859800000000000000e+04
6.859900000000000000e+04
6.860000000000000000e+04
6.860100000000000000e+04
6.860200000000000000e+04
6.860700000000000000e+04
6.860900000000000000e+04
6.861000000000000000e+04
6.862400000000000000e+04
6.862500000000000000e+04
6.862700000000000000e+04
6.862900000000000000e+04
6.863000000000000000e+04
6.863700000000000000e+04
6.863800000000000000e+04
6.863900000000000000e+04
6.864000000000000000e+04
6.864100000000000000e+04
6.864200000000000000e+04
6.865800000000000000e+04
6.865900000000000000e+04
6.866000000000000000e+04
6.867500000000000000e+04
6.867600000000000000e+04
6.868500000000000000e+04
6.876600000000000000e+04
6.879500000000000000e+04
6.879600000000000000e+04
6.879700000000000000e+04
6.881000000000000000e+04
6.881100000000000000e+04
6.881200000000000000e+04
6.881300000000000000e+04
6.884300000000000000e+04
6.884500000000000000e+04
6.884600000000000000e+04
6.884700000000000000e+04
6.885500000000000000e+04
6.885600000000000000e+04
6.885700000000000000e+04
6.885800000000000000e+04
6.885900000000000000e+04
6.886000000000000000e+04
6.886100000000000000e+04
6.886200000000000000e+04
6.886300000000000000e+04
6.886400000000000000e+04
6.886500000000000000e+04
6.886600000000000000e+04
6.888400000000000000e+04
6.890400000000000000e+04
6.891700000000000000e+04
6.891800000000000000e+04
6.892200000000000000e+04
6.893700000000000000e+04
6.894900000000000000e+04
6.895000000000000000e+04
6.895100000000000000e+04
6.895200000000000000e+04
6.895300000000000000e+04
6.895400000000000000e+04
6.895500000000000000e+04
6.895600000000000000e+04
6.895700000000000000e+04
6.895800000000000000e+04
6.897500000000000000e+04
6.897600000000000000e+04
6.897700000000000000e+04
6.897900000000000000e+04
6.898000000000000000e+04
6.898100000000000000e+04
6.898200000000000000e+04
6.899800000000000000e+04
6.899900000000000000e+04
6.900000000000000000e+04
6.900100000000000000e+04
6.900200000000000000e+04
6.900300000000000000e+04
6.901800000000000000e+04
6.901900000000000000e+04
6.902000000000000000e+04
6.902100000000000000e+04
6.902200000000000000e+04
6.903500000000000000e+04
6.903600000000000000e+04
6.903700000000000000e+04
6.903800000000000000e+04
6.903900000000000000e+04
6.905500000000000000e+04
6.905600000000000000e+04
6.905700000000000000e+04
6.905800000000000000e+04
6.992100000000000000e+04
7.019900000000000000e+04
7.030900000000000000e+04
7.038800000000000000e+04
7.047000000000000000e+04
7.048900000000000000e+04
7.049000000000000000e+04
7.049100000000000000e+04
7.051700000000000000e+04
7.078000000000000000e+04
7.096600000000000000e+04
7.096700000000000000e+04
7.303200000000000000e+04
7.303300000000000000e+04
7.306100000000000000e+04
7.306200000000000000e+04
7.501500000000000000e+04
7.536300000000000000e+04
7.541100000000000000e+04
7.544300000000000000e+04
7.740200000000000000e+04
7.740400000000000000e+04
7.740700000000000000e+04
7.740800000000000000e+04
7.753400000000000000e+04
7.753500000000000000e+04
7.753600000000000000e+04
7.753700000000000000e+04
7.753800000000000000e+04
7.753900000000000000e+04
7.754000000000000000e+04
7.754100000000000000e+04
7.754200000000000000e+04
7.754300000000000000e+04
7.852800000000000000e+04
7.853000000000000000e+04
7.853400000000000000e+04
7.853600000000000000e+04
7.854100000000000000e+04
7.859900000000000000e+04
7.860300000000000000e+04
7.932700000000000000e+04
7.934500000000000000e+04
7.936600000000000000e+04
7.942800000000000000e+04
7.943000000000000000e+04
7.948000000000000000e+04
7.959100000000000000e+04
7.959200000000000000e+04
7.959300000000000000e+04
7.959400000000000000e+04
7.959500000000000000e+04
7.959600000000000000e+04
7.959700000000000000e+04
7.961400000000000000e+04
7.961500000000000000e+04
7.961600000000000000e+04
7.961700000000000000e+04
7.962000000000000000e+04
7.962400000000000000e+04
7.962700000000000000e+04
7.963100000000000000e+04
7.963500000000000000e+04
7.963700000000000000e+04
7.964100000000000000e+04
7.965700000000000000e+04
7.966100000000000000e+04
7.966800000000000000e+04
7.966900000000000000e+04
7.970100000000000000e+04
7.970200000000000000e+04
7.970400000000000000e+04
7.970600000000000000e+04
7.973500000000000000e+04
7.973800000000000000e+04
7.974000000000000000e+04
7.974200000000000000e+04
7.974600000000000000e+04
7.975200000000000000e+04
7.978100000000000000e+04
7.979000000000000000e+04
7.979200000000000000e+04
7.979700000000000000e+04
7.981900000000000000e+04
7.982000000000000000e+04
7.982400000000000000e+04
7.982500000000000000e+04
7.982600000000000000e+04
8.012200000000000000e+04
8.012400000000000000e+04
8.012900000000000000e+04
8.013200000000000000e+04
8.013400000000000000e+04
8.015800000000000000e+04
8.016100000000000000e+04
8.016300000000000000e+04
8.016500000000000000e+04
8.016700000000000000e+04
8.017000000000000000e+04
8.019000000000000000e+04
8.019100000000000000e+04
8.036500000000000000e+04
8.040800000000000000e+04
8.041100000000000000e+04
8.072200000000000000e+04
8.072400000000000000e+04
8.074300000000000000e+04
8.074500000000000000e+04
8.074900000000000000e+04
8.075400000000000000e+04
8.076500000000000000e+04
8.076600000000000000e+04
8.076700000000000000e+04
8.079700000000000000e+04
8.080000000000000000e+04
8.080300000000000000e+04
8.086100000000000000e+04
8.090500000000000000e+04
8.090700000000000000e+04
8.095100000000000000e+04
8.095200000000000000e+04
8.099700000000000000e+04
8.099800000000000000e+04
8.108600000000000000e+04
8.108900000000000000e+04
8.113300000000000000e+04
8.113400000000000000e+04
8.113500000000000000e+04
8.113600000000000000e+04
8.116200000000000000e+04
8.116400000000000000e+04
8.118400000000000000e+04
8.118600000000000000e+04
8.118800000000000000e+04
8.118900000000000000e+04
8.123300000000000000e+04
8.123400000000000000e+04
8.123500000000000000e+04
8.166600000000000000e+04
8.166700000000000000e+04
8.173100000000000000e+04
8.174700000000000000e+04
8.175000000000000000e+04
8.175200000000000000e+04
8.179400000000000000e+04
8.211400000000000000e+04
8.211500000000000000e+04
8.247500000000000000e+04
8.270300000000000000e+04
8.293600000000000000e+04
8.293800000000000000e+04
8.294000000000000000e+04
8.294200000000000000e+04
8.294400000000000000e+04
8.294600000000000000e+04
8.294800000000000000e+04
8.302200000000000000e+04
8.302400000000000000e+04
8.313900000000000000e+04
8.314400000000000000e+04
8.314800000000000000e+04
8.322500000000000000e+04
8.322700000000000000e+04
8.323000000000000000e+04
8.378200000000000000e+04
8.378900000000000000e+04
