8.567000000000000000e+04
8.582500000000000000e+04
8.608400000000000000e+04
8.614100000000000000e+04
8.614200000000000000e+04
8.619200000000000000e+04
8.619300000000000000e+04
8.619500000000000000e+04
8.619600000000000000e+04
8.622900000000000000e+04
8.623000000000000000e+04
8.623100000000000000e+04
8.626900000000000000e+04
8.627000000000000000e+04
8.627700000000000000e+04
8.632900000000000000e+04
8.633000000000000000e+04
8.633100000000000000e+04
8.633200000000000000e+04
8.637200000000000000e+04
8.654600000000000000e+04
8.654800000000000000e+04
8.654900000000000000e+04
8.658000000000000000e+04
8.658100000000000000e+04
8.658200000000000000e+04
8.658400000000000000e+04
8.658500000000000000e+04
8.706400000000000000e+04
8.715800000000000000e+04
8.716300000000000000e+04
8.720200000000000000e+04
8.720300000000000000e+04
8.720700000000000000e+04
8.720800000000000000e+04
8.720900000000000000e+04
8.723200000000000000e+04
8.723300000000000000e+04
8.723400000000000000e+04
8.726300000000000000e+04
8.726400000000000000e+04
8.726700000000000000e+04
8.726800000000000000e+04
8.726900000000000000e+04
8.730900000000000000e+04
8.735800000000000000e+04
8.735900000000000000e+04
8.736100000000000000e+04
8.739500000000000000e+04
8.739600000000000000e+04
8.740000000000000000e+04
8.740100000000000000e+04
8.740200000000000000e+04
8.742700000000000000e+04
8.743200000000000000e+04
8.743500000000000000e+04
8.757700000000000000e+04
8.757800000000000000e+04
8.757900000000000000e+04
8.758000000000000000e+04
8.762500000000000000e+04
8.762600000000000000e+04
8.762700000000000000e+04
8.762800000000000000e+04
8.762900000000000000e+04
8.767700000000000000e+04
8.767800000000000000e+04
8.768000000000000000e+04
8.768100000000000000e+04
8.771200000000000000e+04
8.776200000000000000e+04
8.777300000000000000e+04
8.800200000000000000e+04
8.801000000000000000e+04
8.812500000000000000e+04
8.812700000000000000e+04
8.817100000000000000e+04
8.817200000000000000e+04
8.817300000000000000e+04
8.817400000000000000e+04
8.817500000000000000e+04
8.817600000000000000e+04
8.823700000000000000e+04
8.823900000000000000e+04
8.824300000000000000e+04
8.824400000000000000e+04
8.824500000000000000e+04
8.824800000000000000e+04
8.829700000000000000e+04
8.830000000000000000e+04
8.835600000000000000e+04
8.892300000000000000e+04
8.892400000000000000e+04
8.892500000000000000e+04
8.892600000000000000e+04
8.894800000000000000e+04
8.895000000000000000e+04
8.895100000000000000e+04
8.897300000000000000e+04
8.898600000000000000e+04
8.928100000000000000e+04
8.928200000000000000e+04
8.929100000000000000e+04
8.929200000000000000e+04
8.929300000000000000e+04
8.929400000000000000e+04
8.929500000000000000e+04
8.934800000000000000e+04
8.934900000000000000e+04
8.935000000000000000e+04
8.935400000000000000e+04
8.936000000000000000e+04
8.939200000000000000e+04
8.940300000000000000e+04
8.940500000000000000e+04
8.940700000000000000e+04
8.940900000000000000e+04
8.942500000000000000e+04
8.943700000000000000e+04
8.950000000000000000e+04
8.950100000000000000e+04
8.950200000000000000e+04
8.950300000000000000e+04
8.950500000000000000e+04
8.950600000000000000e+04
8.952400000000000000e+04
8.953800000000000000e+04
8.954400000000000000e+04
8.954700000000000000e+04
8.955600000000000000e+04
8.955700000000000000e+04
8.956000000000000000e+04
8.956100000000000000e+04
8.956400000000000000e+04
8.956500000000000000e+04
8.956800000000000000e+04
8.959700000000000000e+04
8.960200000000000000e+04
8.960300000000000000e+04
8.960400000000000000e+04
8.960500000000000000e+04
8.968600000000000000e+04
8.969200000000000000e+04
8.973200000000000000e+04
8.982800000000000000e+04
8.982900000000000000e+04
8.983000000000000000e+04
9.005300000000000000e+04
9.005400000000000000e+04
9.005500000000000000e+04
9.005600000000000000e+04
9.008700000000000000e+04
9.008800000000000000e+04
9.008900000000000000e+04
9.012000000000000000e+04
9.012100000000000000e+04
9.012200000000000000e+04
9.012300000000000000e+04
9.012400000000000000e+04
9.012500000000000000e+04
9.012600000000000000e+04
9.012700000000000000e+04
9.017200000000000000e+04
9.018300000000000000e+04
9.018900000000000000e+04
9.019500000000000000e+04
9.020100000000000000e+04
9.020200000000000000e+04
9.022500000000000000e+04
9.022700000000000000e+04
9.022900000000000000e+04
9.023100000000000000e+04
9.023300000000000000e+04
9.023500000000000000e+04
9.023600000000000000e+04
9.023700000000000000e+04
9.023800000000000000e+04
9.026400000000000000e+04
9.026500000000000000e+04
9.026600000000000000e+04
9.027100000000000000e+04
9.027300000000000000e+04
9.027400000000000000e+04
9.027800000000000000e+04
9.029900000000000000e+04
9.030500000000000000e+04
9.030600000000000000e+04
9.031500000000000000e+04
9.031600000000000000e+04
9.031700000000000000e+04
9.031800000000000000e+04
9.031900000000000000e+04
9.032000000000000000e+04
9.032100000000000000e+04
9.034200000000000000e+04
9.034300000000000000e+04
9.034400000000000000e+04
9.034500000000000000e+04
9.034600000000000000e+04
9.034700000000000000e+04
9.034800000000000000e+04
9.034900000000000000e+04
9.035000000000000000e+04
9.035100000000000000e+04
9.036700000000000000e+04
9.036800000000000000e+04
9.036900000000000000e+04
9.037000000000000000e+04
9.037100000000000000e+04
9.037200000000000000e+04
9.037300000000000000e+04
9.037400000000000000e+04
9.037500000000000000e+04
9.037600000000000000e+04
9.037700000000000000e+04
9.037800000000000000e+04
9.037900000000000000e+04
9.038100000000000000e+04
9.040200000000000000e+04
9.040300000000000000e+04
9.040400000000000000e+04
9.040600000000000000e+04
9.040800000000000000e+04
9.040900000000000000e+04
9.041000000000000000e+04
9.041400000000000000e+04
9.043000000000000000e+04
9.043200000000000000e+04
9.043300000000000000e+04
9.043400000000000000e+04
9.043600000000000000e+04
9.043700000000000000e+04
9.043800000000000000e+04
9.043900000000000000e+04
9.044000000000000000e+04
9.044100000000000000e+04
9.047600000000000000e+04
9.047700000000000000e+04
9.047800000000000000e+04
9.047900000000000000e+04
9.049300000000000000e+04
9.049400000000000000e+04
9.049500000000000000e+04
9.049600000000000000e+04
9.049700000000000000e+04
9.049800000000000000e+04
9.049900000000000000e+04
9.050100000000000000e+04
9.050200000000000000e+04
9.052300000000000000e+04
9.052400000000000000e+04
9.052500000000000000e+04
9.052800000000000000e+04
9.053500000000000000e+04
9.053600000000000000e+04
9.053700000000000000e+04
9.053800000000000000e+04
9.053900000000000000e+04
9.056400000000000000e+04
9.056500000000000000e+04
9.056600000000000000e+04
9.056900000000000000e+04
9.057000000000000000e+04
9.058700000000000000e+04
9.058800000000000000e+04
9.059000000000000000e+04
9.059100000000000000e+04
9.060200000000000000e+04
9.062700000000000000e+04
9.062800000000000000e+04
9.067500000000000000e+04
9.067900000000000000e+04
9.087000000000000000e+04
9.090000000000000000e+04
9.105400000000000000e+04
9.105600000000000000e+04
9.107200000000000000e+04
9.109800000000000000e+04
9.110000000000000000e+04
9.110100000000000000e+04
9.111200000000000000e+04
9.111300000000000000e+04
9.111400000000000000e+04
9.111500000000000000e+04
9.113100000000000000e+04
9.113200000000000000e+04
9.113400000000000000e+04
9.113700000000000000e+04
9.113800000000000000e+04
9.115600000000000000e+04
9.116100000000000000e+04
9.116200000000000000e+04
9.116300000000000000e+04
9.137400000000000000e+04
9.137700000000000000e+04
9.144000000000000000e+04
9.637000000000000000e+04
9.637100000000000000e+04
9.640200000000000000e+04
9.640300000000000000e+04
9.646900000000000000e+04
9.647000000000000000e+04
9.660400000000000000e+04
9.666000000000000000e+04
9.671500000000000000e+04
9.717600000000000000e+04
9.725500000000000000e+04
9.725600000000000000e+04
9.745300000000000000e+04
9.748600000000000000e+04
9.750800000000000000e+04
9.755900000000000000e+04
9.759200000000000000e+04
9.762200000000000000e+04
9.762300000000000000e+04
9.772600000000000000e+04
9.816400000000000000e+04
9.816500000000000000e+04
9.826900000000000000e+04
9.827200000000000000e+04
9.827400000000000000e+04
9.827700000000000000e+04
9.827800000000000000e+04
9.827900000000000000e+04
9.828000000000000000e+04
9.830800000000000000e+04
9.830900000000000000e+04
9.831000000000000000e+04
9.831100000000000000e+04
9.831200000000000000e+04
9.831400000000000000e+04
9.837200000000000000e+04
9.837400000000000000e+04
9.837500000000000000e+04
9.838000000000000000e+04
9.838100000000000000e+04
9.841000000000000000e+04
9.841100000000000000e+04
9.841200000000000000e+04
9.841300000000000000e+04
9.841400000000000000e+04
9.841500000000000000e+04
9.841600000000000000e+04
9.858100000000000000e+04
9.858200000000000000e+04
9.858400000000000000e+04
9.858500000000000000e+04
9.858600000000000000e+04
9.858700000000000000e+04
9.862800000000000000e+04
9.862900000000000000e+04
9.863000000000000000e+04
9.863100000000000000e+04
9.863200000000000000e+04
9.863300000000000000e+04
9.863400000000000000e+04
9.863500000000000000e+04
9.871000000000000000e+04
9.871200000000000000e+04
9.871300000000000000e+04
9.871400000000000000e+04
9.871600000000000000e+04
9.871700000000000000e+04
9.871900000000000000e+04
9.878700000000000000e+04
9.878800000000000000e+04
9.878900000000000000e+04
9.879000000000000000e+04
9.879100000000000000e+04
9.879200000000000000e+04
9.879300000000000000e+04
9.879400000000000000e+04
9.903400000000000000e+04
9.903600000000000000e+04
9.950600000000000000e+04
9.950700000000000000e+04
9.950800000000000000e+04
9.950900000000000000e+04
9.951100000000000000e+04
9.951200000000000000e+04
9.954500000000000000e+04
9.957600000000000000e+04
9.957700000000000000e+04
9.957900000000000000e+04
9.967100000000000000e+04
9.967300000000000000e+04
9.967400000000000000e+04
9.967500000000000000e+04
9.967900000000000000e+04
9.969300000000000000e+04
9.969400000000000000e+04
9.969800000000000000e+04
9.972500000000000000e+04
9.972600000000000000e+04
9.972800000000000000e+04
9.973300000000000000e+04
9.973400000000000000e+04
9.973600000000000000e+04
9.975600000000000000e+04
9.975700000000000000e+04
9.975900000000000000e+04
9.976000000000000000e+04
9.976300000000000000e+04
9.976500000000000000e+04
9.976600000000000000e+04
9.977600000000000000e+04
9.977800000000000000e+04
9.977900000000000000e+04
9.978000000000000000e+04
9.978100000000000000e+04
9.978200000000000000e+04
9.978500000000000000e+04
9.978700000000000000e+04
9.978900000000000000e+04
9.983500000000000000e+04
9.983600000000000000e+04
9.983900000000000000e+04
9.984000000000000000e+04
9.986900000000000000e+04
9.987000000000000000e+04
9.987100000000000000e+04
9.987200000000000000e+04
9.987300000000000000e+04
9.987400000000000000e+04
9.987500000000000000e+04
9.993800000000000000e+04
9.993900000000000000e+04
9.994000000000000000e+04
9.994100000000000000e+04
9.994200000000000000e+04
9.994300000000000000e+04
9.994400000000000000e+04
1.001710000000000000e+05
1.001730000000000000e+05
1.001750000000000000e+05
1.002180000000000000e+05
1.002190000000000000e+05
1.002200000000000000e+05
1.002210000000000000e+05
1.002620000000000000e+05
1.002640000000000000e+05
1.002650000000000000e+05
1.002670000000000000e+05
1.002690000000000000e+05
1.002920000000000000e+05
1.002940000000000000e+05
1.002950000000000000e+05
1.002980000000000000e+05
1.002990000000000000e+05
1.003000000000000000e+05
1.003200000000000000e+05
1.003210000000000000e+05
1.003220000000000000e+05
1.003230000000000000e+05
1.003240000000000000e+05
1.003260000000000000e+05
1.003270000000000000e+05
1.003480000000000000e+05
1.003510000000000000e+05
1.003520000000000000e+05
1.003530000000000000e+05
1.003540000000000000e+05
1.003550000000000000e+05
1.003560000000000000e+05
1.003570000000000000e+05
1.004210000000000000e+05
1.004250000000000000e+05
1.004260000000000000e+05
1.004410000000000000e+05
1.004420000000000000e+05
1.004430000000000000e+05
1.004440000000000000e+05
1.004450000000000000e+05
1.004480000000000000e+05
1.004490000000000000e+05
1.004500000000000000e+05
1.004510000000000000e+05
1.004530000000000000e+05
1.004540000000000000e+05
1.004740000000000000e+05
1.004780000000000000e+05
1.004790000000000000e+05
1.005430000000000000e+05
1.005530000000000000e+05
1.005630000000000000e+05
1.005640000000000000e+05
1.005690000000000000e+05
1.005700000000000000e+05
1.005710000000000000e+05
1.005730000000000000e+05
1.005740000000000000e+05
1.009070000000000000e+05
1.009820000000000000e+05
1.009830000000000000e+05
1.009840000000000000e+05
1.009850000000000000e+05
1.010110000000000000e+05
1.010130000000000000e+05
1.010380000000000000e+05
1.010390000000000000e+05
1.010450000000000000e+05
1.010460000000000000e+05
1.010650000000000000e+05
1.010660000000000000e+05
1.010670000000000000e+05
1.010680000000000000e+05
1.010690000000000000e+05
1.010700000000000000e+05
1.011000000000000000e+05
1.011010000000000000e+05
1.011020000000000000e+05
1.011040000000000000e+05
1.011050000000000000e+05
1.011290000000000000e+05
1.011310000000000000e+05
1.011320000000000000e+05
1.011330000000000000e+05
1.011340000000000000e+05
1.011610000000000000e+05
1.011620000000000000e+05
1.011630000000000000e+05
1.011640000000000000e+05
1.011650000000000000e+05
1.011660000000000000e+05
1.011670000000000000e+05
1.011680000000000000e+05
1.012590000000000000e+05
1.012600000000000000e+05
1.012610000000000000e+05
1.012620000000000000e+05
1.012630000000000000e+05
1.012650000000000000e+05
1.012660000000000000e+05
1.012900000000000000e+05
1.012910000000000000e+05
1.012920000000000000e+05
1.012930000000000000e+05
1.012970000000000000e+05
1.013190000000000000e+05
1.014820000000000000e+05
1.015040000000000000e+05
1.017200000000000000e+05
1.017380000000000000e+05
1.017390000000000000e+05
1.017400000000000000e+05
1.017410000000000000e+05
1.018210000000000000e+05
1.018220000000000000e+05
1.018230000000000000e+05
1.018240000000000000e+05
1.018250000000000000e+05
1.018260000000000000e+05
1.018270000000000000e+05
1.019930000000000000e+05
1.019970000000000000e+05
1.020510000000000000e+05
1.020530000000000000e+05
1.021750000000000000e+05
1.021810000000000000e+05
1.021840000000000000e+05
1.022090000000000000e+05
1.022110000000000000e+05
1.022360000000000000e+05
1.022380000000000000e+05
1.022900000000000000e+05
1.028850000000000000e+05
1.029900000000000000e+05
1.030190000000000000e+05
1.030200000000000000e+05
1.030220000000000000e+05
1.030530000000000000e+05
1.030550000000000000e+05
1.030560000000000000e+05
1.030570000000000000e+05
1.030950000000000000e+05
1.030960000000000000e+05
1.030970000000000000e+05
1.030980000000000000e+05
1.036980000000000000e+05
1.038040000000000000e+05
1.038480000000000000e+05
1.038490000000000000e+05
1.039620000000000000e+05
1.042260000000000000e+05
1.042280000000000000e+05
1.042300000000000000e+05
1.042310000000000000e+05
1.042320000000000000e+05
1.042330000000000000e+05
1.042340000000000000e+05
1.042370000000000000e+05
1.042390000000000000e+05
1.042410000000000000e+05
1.042430000000000000e+05
1.042450000000000000e+05
1.045530000000000000e+05
1.045550000000000000e+05
1.045580000000000000e+05
1.045600000000000000e+05
1.045620000000000000e+05
1.045960000000000000e+05
1.045980000000000000e+05
1.046000000000000000e+05
1.046020000000000000e+05
1.046310000000000000e+05
1.046330000000000000e+05
1.048850000000000000e+05
1.048870000000000000e+05
1.050040000000000000e+05
1.050530000000000000e+05
1.050560000000000000e+05
1.050630000000000000e+05
1.050650000000000000e+05
1.050670000000000000e+05
1.051550000000000000e+05
1.051710000000000000e+05
1.051730000000000000e+05
1.051740000000000000e+05
1.051750000000000000e+05
1.051760000000000000e+05
1.052470000000000000e+05
1.052480000000000000e+05
1.052490000000000000e+05
1.052500000000000000e+05
1.052510000000000000e+05
1.052520000000000000e+05
1.053280000000000000e+05
1.053320000000000000e+05
1.053350000000000000e+05
1.053370000000000000e+05
1.053760000000000000e+05
1.053790000000000000e+05
1.053810000000000000e+05
1.053830000000000000e+05
1.057540000000000000e+05
1.058050000000000000e+05
1.058120000000000000e+05
1.058440000000000000e+05
1.058460000000000000e+05
1.058480000000000000e+05
1.058500000000000000e+05
1.058940000000000000e+05
1.058960000000000000e+05
1.058980000000000000e+05
1.059000000000000000e+05
1.059020000000000000e+05
1.059510000000000000e+05
1.059550000000000000e+05
1.059590000000000000e+05
1.059620000000000000e+05
1.059650000000000000e+05
1.059670000000000000e+05
1.059720000000000000e+05
1.059740000000000000e+05
1.060310000000000000e+05
1.060330000000000000e+05
1.060360000000000000e+05
1.060370000000000000e+05
1.060380000000000000e+05
1.061030000000000000e+05
1.062940000000000000e+05
1.062970000000000000e+05
1.067160000000000000e+05
1.068430000000000000e+05
1.068440000000000000e+05
1.068570000000000000e+05
1.068580000000000000e+05
1.068590000000000000e+05
1.068600000000000000e+05
1.068880000000000000e+05
1.068890000000000000e+05
1.068900000000000000e+05
1.069140000000000000e+05
1.069150000000000000e+05
1.069510000000000000e+05
1.070730000000000000e+05
1.071460000000000000e+05
1.071570000000000000e+05
1.071590000000000000e+05
1.072120000000000000e+05
1.073190000000000000e+05
1.073210000000000000e+05
1.073570000000000000e+05
1.073590000000000000e+05
1.073620000000000000e+05
1.073640000000000000e+05
1.073660000000000000e+05
1.073680000000000000e+05
