0.000000000000000000e+00
0.000000000000000000e+00
-6.616031422688087860e-01
2.332441003962546056e+00
-7.286768274160793979e+00
6.663222722762182748e+00
-9.184299218175104862e-01
7.923136455795378730e-01
-1.881791326345496396e+00
2.044585542642543552e-02
-2.024185045724284371e-01
-5.122133605786465260e-01
-1.940256288460818102e+00
9.854885351765066304e+00
5.550644648106365375e-01
-5.440758067402878817e-01
-5.084870300863363751e-03
8.359641220022760999e-01
5.215200812261840957e-01
4.440416243218399117e+00
0.000000000000000000e+00
0.000000000000000000e+00
0.000000000000000000e+00
0.000000000000000000e+00
