2.842800000000000000e+04
2.842900000000000000e+04
2.843000000000000000e+04
2.843100000000000000e+04
2.847400000000000000e+04
2.847600000000000000e+04
2.849100000000000000e+04
2.849200000000000000e+04
2.849300000000000000e+04
2.897400000000000000e+04
2.897500000000000000e+04
2.897600000000000000e+04
2.897700000000000000e+04
2.899600000000000000e+04
2.902400000000000000e+04
2.902500000000000000e+04
2.902600000000000000e+04
2.904200000000000000e+04
2.904300000000000000e+04
2.904400000000000000e+04
2.904500000000000000e+04
2.904700000000000000e+04
2.907000000000000000e+04
2.907100000000000000e+04
2.907200000000000000e+04
2.908700000000000000e+04
2.908800000000000000e+04
2.908900000000000000e+04
2.909100000000000000e+04
2.911600000000000000e+04
2.911800000000000000e+04
2.911900000000000000e+04
2.912000000000000000e+04
2.914900000000000000e+04
2.915000000000000000e+04
2.915100000000000000e+04
2.915200000000000000e+04
2.917100000000000000e+04
2.943000000000000000e+04
2.943100000000000000e+04
2.944500000000000000e+04
2.944600000000000000e+04
2.944700000000000000e+04
2.944800000000000000e+04
2.948700000000000000e+04
2.948800000000000000e+04
2.973100000000000000e+04
2.975200000000000000e+04
2.977300000000000000e+04
4.212300000000000000e+04
4.212400000000000000e+04
4.213300000000000000e+04
4.213400000000000000e+04
4.215400000000000000e+04
4.215500000000000000e+04
4.215600000000000000e+04
4.215700000000000000e+04
4.221700000000000000e+04
4.221800000000000000e+04
4.221900000000000000e+04
4.222000000000000000e+04
4.222100000000000000e+04
4.224400000000000000e+04
4.224500000000000000e+04
4.224600000000000000e+04
4.224700000000000000e+04
4.224800000000000000e+04
4.227800000000000000e+04
4.227900000000000000e+04
4.228000000000000000e+04
4.228100000000000000e+04
4.228200000000000000e+04
4.230500000000000000e+04
4.230600000000000000e+04
4.230700000000000000e+04
4.231100000000000000e+04
4.233100000000000000e+04
4.233200000000000000e+04
4.233300000000000000e+04
4.233500000000000000e+04
4.261800000000000000e+04
4.261900000000000000e+04
4.262000000000000000e+04
4.265500000000000000e+04
4.266600000000000000e+04
4.266700000000000000e+04
4.266800000000000000e+04
4.266900000000000000e+04
4.267000000000000000e+04
4.268600000000000000e+04
4.268700000000000000e+04
4.268800000000000000e+04
4.268900000000000000e+04
4.269000000000000000e+04
4.269100000000000000e+04
4.273800000000000000e+04
4.274200000000000000e+04
4.274300000000000000e+04
4.283400000000000000e+04
4.283500000000000000e+04
4.283600000000000000e+04
4.283700000000000000e+04
4.285800000000000000e+04
4.285900000000000000e+04
4.286000000000000000e+04
4.288000000000000000e+04
4.288100000000000000e+04
4.288200000000000000e+04
4.290600000000000000e+04
4.290700000000000000e+04
4.330600000000000000e+04
4.332100000000000000e+04
4.334200000000000000e+04
4.337000000000000000e+04
4.337200000000000000e+04
4.657000000000000000e+04
4.659000000000000000e+04
4.667200000000000000e+04
4.670400000000000000e+04
4.671500000000000000e+04
4.671600000000000000e+04
4.678800000000000000e+04
4.678900000000000000e+04
4.718500000000000000e+04
4.726300000000000000e+04
4.726400000000000000e+04
4.726600000000000000e+04
4.729400000000000000e+04
4.729500000000000000e+04
4.729600000000000000e+04
4.732500000000000000e+04
4.732600000000000000e+04
4.732700000000000000e+04
4.738100000000000000e+04
4.738200000000000000e+04
4.738300000000000000e+04
4.738400000000000000e+04
4.741800000000000000e+04
4.741900000000000000e+04
4.742000000000000000e+04
4.742100000000000000e+04
4.742200000000000000e+04
4.745800000000000000e+04
4.745900000000000000e+04
4.746000000000000000e+04
4.746100000000000000e+04
4.746200000000000000e+04
4.750000000000000000e+04
4.750100000000000000e+04
4.750200000000000000e+04
4.750300000000000000e+04
4.750400000000000000e+04
4.751900000000000000e+04
4.752000000000000000e+04
4.752100000000000000e+04
4.752200000000000000e+04
4.752300000000000000e+04
4.752400000000000000e+04
4.754300000000000000e+04
4.754400000000000000e+04
4.754500000000000000e+04
4.754600000000000000e+04
4.754700000000000000e+04
4.754800000000000000e+04
4.756000000000000000e+04
4.756100000000000000e+04
4.756200000000000000e+04
4.757400000000000000e+04
4.781300000000000000e+04
4.781400000000000000e+04
4.783800000000000000e+04
4.783900000000000000e+04
4.786700000000000000e+04
4.786800000000000000e+04
4.789300000000000000e+04
4.789400000000000000e+04
4.789600000000000000e+04
4.789700000000000000e+04
4.791800000000000000e+04
4.791900000000000000e+04
4.792000000000000000e+04
4.792100000000000000e+04
4.795100000000000000e+04
4.795200000000000000e+04
4.795300000000000000e+04
4.795400000000000000e+04
4.795500000000000000e+04
4.797800000000000000e+04
4.797900000000000000e+04
4.798100000000000000e+04
4.800500000000000000e+04
4.800600000000000000e+04
4.800700000000000000e+04
4.800800000000000000e+04
4.800900000000000000e+04
4.801000000000000000e+04
4.803200000000000000e+04
4.803300000000000000e+04
4.803400000000000000e+04
4.805800000000000000e+04
4.805900000000000000e+04
4.810700000000000000e+04
4.810800000000000000e+04
4.829500000000000000e+04
4.829600000000000000e+04
4.829700000000000000e+04
4.831700000000000000e+04
4.831800000000000000e+04
4.831900000000000000e+04
4.832000000000000000e+04
4.833700000000000000e+04
4.833800000000000000e+04
4.833900000000000000e+04
4.834000000000000000e+04
4.834100000000000000e+04
4.834200000000000000e+04
4.834400000000000000e+04
4.835900000000000000e+04
4.836000000000000000e+04
4.838900000000000000e+04
4.839000000000000000e+04
4.839100000000000000e+04
4.839200000000000000e+04
4.839300000000000000e+04
4.839400000000000000e+04
4.841500000000000000e+04
4.841600000000000000e+04
4.841800000000000000e+04
4.841900000000000000e+04
4.842000000000000000e+04
4.842100000000000000e+04
4.843900000000000000e+04
4.844000000000000000e+04
4.844100000000000000e+04
4.844200000000000000e+04
4.844300000000000000e+04
4.844400000000000000e+04
4.846400000000000000e+04
4.846500000000000000e+04
4.846700000000000000e+04
4.846800000000000000e+04
4.846900000000000000e+04
4.847000000000000000e+04
4.847100000000000000e+04
4.847200000000000000e+04
4.849000000000000000e+04
4.849100000000000000e+04
4.849200000000000000e+04
4.849300000000000000e+04
4.849400000000000000e+04
4.849500000000000000e+04
4.849600000000000000e+04
4.849700000000000000e+04
4.849800000000000000e+04
4.851300000000000000e+04
4.851400000000000000e+04
4.851600000000000000e+04
4.851700000000000000e+04
4.882500000000000000e+04
4.884000000000000000e+04
4.884100000000000000e+04
4.884200000000000000e+04
4.885400000000000000e+04
4.885500000000000000e+04
4.885600000000000000e+04
4.887100000000000000e+04
4.887200000000000000e+04
4.887300000000000000e+04
4.889200000000000000e+04
4.889300000000000000e+04
4.889400000000000000e+04
4.893300000000000000e+04
4.893400000000000000e+04
4.893500000000000000e+04
4.893600000000000000e+04
4.893700000000000000e+04
4.895400000000000000e+04
4.895500000000000000e+04
4.895600000000000000e+04
4.895800000000000000e+04
4.897500000000000000e+04
4.897600000000000000e+04
4.897700000000000000e+04
4.897800000000000000e+04
4.897900000000000000e+04
4.899800000000000000e+04
4.899900000000000000e+04
5.209200000000000000e+04
5.209300000000000000e+04
5.211500000000000000e+04
5.215900000000000000e+04
5.216000000000000000e+04
5.218400000000000000e+04
5.218500000000000000e+04
5.222600000000000000e+04
5.222700000000000000e+04
5.222800000000000000e+04
5.224700000000000000e+04
5.224900000000000000e+04
5.226200000000000000e+04
5.226300000000000000e+04
5.226900000000000000e+04
5.227000000000000000e+04
5.253700000000000000e+04
5.256000000000000000e+04
5.256100000000000000e+04
5.256200000000000000e+04
5.258600000000000000e+04
5.258700000000000000e+04
5.258800000000000000e+04
5.263600000000000000e+04
5.263700000000000000e+04
5.263800000000000000e+04
5.266100000000000000e+04
5.266200000000000000e+04
5.266500000000000000e+04
5.270600000000000000e+04
5.270700000000000000e+04
5.270800000000000000e+04
5.270900000000000000e+04
5.272200000000000000e+04
5.272300000000000000e+04
5.274800000000000000e+04
5.274900000000000000e+04
5.275000000000000000e+04
5.275100000000000000e+04
5.278000000000000000e+04
5.282400000000000000e+04
5.282500000000000000e+04
5.284400000000000000e+04
5.315600000000000000e+04
5.315700000000000000e+04
5.315800000000000000e+04
5.318600000000000000e+04
5.318700000000000000e+04
5.326500000000000000e+04
5.326600000000000000e+04
5.326700000000000000e+04
5.335200000000000000e+04
5.387400000000000000e+04
5.403400000000000000e+04
5.403800000000000000e+04
5.403900000000000000e+04
5.404000000000000000e+04
5.404100000000000000e+04
5.405900000000000000e+04
5.408400000000000000e+04
5.411700000000000000e+04
5.411800000000000000e+04
5.414800000000000000e+04
5.503300000000000000e+04
5.503400000000000000e+04
