0.000000000000000000e+00
0.000000000000000000e+00
0.000000000000000000e+00
0.000000000000000000e+00
-6.469015554006296576e+00
1.001802164545176588e+01
-6.811289834765386075e-01
1.196806826976788196e+00
-2.178842869059335552e+00
-1.239793814810856265e+00
-1.911178155355087060e+00
-2.280631376371271557e+00
-3.794821729410246647e+00
6.528778584953944808e+00
-1.326819447960152054e+00
-2.296221291479642712e+00
4.481665722899118576e-01
-2.248312915001599688e+00
-1.095211332530361847e+00
8.040692188518084871e-01
0.000000000000000000e+00
0.000000000000000000e+00
0.000000000000000000e+00
0.000000000000000000e+00
