0.000000000000000000e+00
0.000000000000000000e+00
0.000000000000000000e+00
7.951282347885404533e+01
1.214313313718660652e+02
2.524159684574544116e+01
1.229073830880707874e+01
5.192781707343823605e+00
6.896434503649878422e+00
1.457230060520552328e+01
1.369840596700913515e+01
1.811784912289767036e+01
8.319174958412167697e+00
3.458476203175256103e+01
1.705998856735508085e+01
4.234290769374819519e+01
1.461127336276071276e+01
7.888935888391065987e+01
6.464892113027584486e+00
1.254624432893474584e+01
1.460189675576425206e+00
3.364521779231240295e+00
4.996705992961551601e+01
5.529821241597750792e+00
