3.766100000000000000e+04 8.492735295617573898e-01 1.919192408814867495e-02
3.766200000000000000e+04 8.692570919701713139e-01 -1.267441760023548247e-01
3.766300000000000000e+04 1.026195101307752156e+00 -4.953093485492359588e-02
3.768500000000000000e+04 7.635757781052506799e-01 -3.069858135274706329e-03
3.768600000000000000e+04 8.968901304271119646e-01 3.179010397838884922e-02
3.768700000000000000e+04 7.902833332058745164e-01 1.477285648537231821e-01
3.768800000000000000e+04 7.536728397588690065e-01 1.287125887104429156e-01
3.770000000000000000e+04 6.563638260851590855e-01 9.791428991663611581e-02
3.771400000000000000e+04 8.766345385897457154e-01 -4.863132412440678010e-02
3.771500000000000000e+04 1.017574632451481609e+00 -1.257324587326882209e-03
3.771600000000000000e+04 1.027267399496003542e+00 1.270614121249807604e-01
3.771700000000000000e+04 9.640946102019227748e-01 7.762735620614810705e-02
3.771800000000000000e+04 1.011590248568516648e+00 -5.475694733393220159e-02
3.771900000000000000e+04 1.029506176098635706e+00 7.102507346184909476e-02
3.772000000000000000e+04 6.028519864181781651e-01 -7.088281801975419849e-02
3.774400000000000000e+04 9.446459982981054715e-01 -9.640751568976130281e-02
3.774500000000000000e+04 9.505258345442182399e-01 -4.793586518576650746e-02
3.774700000000000000e+04 9.119506164400703607e-01 2.737995425352546600e-02
3.774800000000000000e+04 1.005936886959887477e+00 -1.266140903816607294e-02
3.774900000000000000e+04 1.059715260661184155e+00 -7.348970484319090890e-02
3.775000000000000000e+04 9.597847272309636413e-01 2.572811742793907133e-02
3.776800000000000000e+04 5.442420628677956396e-01 4.237396171987446031e-02
3.776900000000000000e+04 7.857889677961984454e-01 -1.384967065036322442e-01
3.777000000000000000e+04 1.016391575373559730e+00 -2.484245225497361265e-02
3.777100000000000000e+04 1.043812342487461908e+00 -6.841328960726557329e-02
3.778100000000000000e+04 9.498714474715171940e-01 6.636315749863828939e-02
3.779100000000000000e+04 1.026585717638359929e+00 -3.142442089327726618e-02
3.780600000000000000e+04 1.014269751932696861e+00 1.879713018874732411e-01
3.793800000000000000e+04 9.438322577720799078e-01 4.985551946401019230e-02
3.794000000000000000e+04 9.194919943600196044e-01 7.598555647972685123e-02
3.795100000000000000e+04 9.628171824582297811e-01 4.842436392544383073e-02
3.799800000000000000e+04 7.997531136294089293e-01 1.626384742382099013e-01
3.800000000000000000e+04 6.326370735403682444e-01 2.247904763555867158e-01
3.804400000000000000e+04 1.009389080100631997e+00 6.858747946563183151e-02
3.809400000000000000e+04 9.889706678153077357e-01 1.904246385441673295e-01
3.809500000000000000e+04 9.793585853137480868e-01 1.501043020939304973e-02
3.809600000000000000e+04 1.043515685540671090e+00 8.266838393368472482e-02
3.809700000000000000e+04 1.013862748938925362e+00 4.580397010119299783e-02
3.809800000000000000e+04 1.057190560092808651e+00 3.819743366999479861e-02
3.810100000000000000e+04 9.990951197977782083e-01 -9.213325244528116145e-03
3.810200000000000000e+04 6.953238190372352800e-01 8.807288672870795809e-02
3.812500000000000000e+04 9.356597019808319260e-01 1.044068860253239833e-01
3.812600000000000000e+04 9.438294726460152440e-01 1.236372884886613316e-01
3.812700000000000000e+04 9.795017760072186608e-01 1.653974768394206596e-01
3.812800000000000000e+04 9.420263339192069818e-01 1.383425872755655039e-01
3.812900000000000000e+04 1.041557569971058195e+00 1.572619326936113282e-01
3.813200000000000000e+04 1.070758380697228951e+00 -1.670631007497052137e-02
3.813300000000000000e+04 1.065385305607227107e+00 2.200727131248695484e-02
3.816700000000000000e+04 9.215630841040932664e-01 5.537871650450147676e-02
3.816800000000000000e+04 1.067212891780140671e+00 1.146523549529324393e-01
3.816900000000000000e+04 1.011290518938958494e+00 1.418472610528460076e-01
3.817200000000000000e+04 1.095773860026547197e+00 1.948986523404115101e-01
3.817400000000000000e+04 1.000050629173864447e+00 4.609880172594205128e-02
3.821300000000000000e+04 1.014189215204343242e+00 2.714455244667423467e-02
3.821400000000000000e+04 1.050031903993358773e+00 1.104784028984304584e-01
3.821500000000000000e+04 1.022569572255251691e+00 7.643517709645344937e-02
3.821800000000000000e+04 1.018312236354271594e+00 9.511211245205020148e-02
3.821900000000000000e+04 1.347912856786043223e+00 3.868336947415683402e-02
3.822000000000000000e+04 1.043055198493845870e+00 -5.781249381434720204e-03
3.822500000000000000e+04 9.893152330670461625e-01 1.171985741571178602e-01
3.825900000000000000e+04 8.184771014949737689e-01 9.836391941524323668e-02
3.827200000000000000e+04 1.016374494350618995e+00 5.338628098643201370e-02
3.827700000000000000e+04 9.659000113290701073e-01 7.518202548571255306e-02
3.828100000000000000e+04 1.006275831923270303e+00 8.080292136186092988e-02
3.828300000000000000e+04 9.839425508300136958e-01 6.405116808012413510e-02
3.830700000000000000e+04 1.063534705356631527e+00 3.070098282166545609e-02
3.831000000000000000e+04 1.015589957529821508e+00 1.123481673603746525e-02
3.833800000000000000e+04 1.035067017766263975e+00 3.491879528463298632e-02
3.848000000000000000e+04 9.564571314531274959e-01 6.485402510272927912e-02
3.856000000000000000e+04 9.570999172444804026e-01 5.723088338680824838e-02
3.860900000000000000e+04 1.055275738091643323e+00 6.642520221982077533e-02
3.861100000000000000e+04 8.905821135003905153e-01 1.001603249900196724e-01
3.864700000000000000e+04 1.017228399160510444e+00 1.013618721595954814e-01
3.864800000000000000e+04 9.736588267358216031e-01 7.682576949278926981e-02
3.864900000000000000e+04 9.686525523896558632e-01 3.736822648462918665e-03
3.865000000000000000e+04 9.858513552239258626e-01 1.815429026968937432e-01
3.865100000000000000e+04 1.010371123043473318e+00 2.489059658549402365e-01
3.867400000000000000e+04 9.179237085152560649e-01 1.204851765654715023e-01
3.867500000000000000e+04 9.123116540511971850e-01 7.488077209663011879e-02
3.867600000000000000e+04 9.421343158176758159e-01 1.233125484334277461e-01
3.867700000000000000e+04 8.918344894923645461e-01 2.317503476138279561e-01
3.867800000000000000e+04 9.886788431734913063e-01 2.882590826468944822e-01
3.869900000000000000e+04 9.641703681792445080e-01 -6.550866753598776071e-02
3.870000000000000000e+04 9.801762946417916789e-01 -1.918329038559235533e-02
3.870100000000000000e+04 9.859201008088768203e-01 -1.111627098003887051e-02
3.870200000000000000e+04 1.043764821911978391e+00 1.379158118990350401e-01
3.870300000000000000e+04 8.089501899829266707e-01 1.588643232542983896e-01
3.870800000000000000e+04 9.741663919538985361e-01 2.498094992755285626e-02
3.873700000000000000e+04 1.043336509583933314e+00 -2.781828570568868272e-03
3.873800000000000000e+04 1.002753021693501223e+00 -6.164059803898537526e-02
3.873900000000000000e+04 1.001413562506414445e+00 6.514937967435886768e-02
3.874000000000000000e+04 1.074498161292692044e+00 1.249722285858897164e-01
3.874400000000000000e+04 1.067532902588158805e+00 -4.317176875497909933e-02
3.874500000000000000e+04 1.022457444195248533e+00 7.704477072288559714e-02
3.874600000000000000e+04 9.658410638432145534e-01 1.121373873860305598e-01
3.876600000000000000e+04 1.005963072146133452e+00 6.180005083949885458e-02
3.876700000000000000e+04 9.130796835374344056e-01 8.964881337008909212e-02
3.876800000000000000e+04 9.960028115252240744e-01 7.183062420610004939e-02
3.877300000000000000e+04 8.641481292144421733e-01 -1.051846340426725174e-01
3.877400000000000000e+04 1.005346859213603006e+00 -4.910013157256232219e-02
3.877500000000000000e+04 1.013165768761107088e+00 2.231978558816487615e-02
3.877600000000000000e+04 9.787308152555080909e-01 4.738018483273696152e-02
3.877700000000000000e+04 9.749018287817454720e-01 3.547948853562564800e-03
3.877800000000000000e+04 8.596851258624282899e-01 8.801238220757505448e-02
3.881600000000000000e+04 9.454613378398838419e-01 1.743262052032183360e-02
3.885000000000000000e+04 9.995198124786778271e-01 5.938456238594702619e-02
3.885100000000000000e+04 9.877187407050956880e-01 6.960244876671749237e-02
3.885200000000000000e+04 1.074094940685099253e+00 1.167516726190347964e-01
3.885700000000000000e+04 9.339626612296241248e-01 1.636581799577590743e-02
3.886700000000000000e+04 8.892714989157222139e-01 -6.568283402777984857e-03
3.886800000000000000e+04 9.463988723150745797e-01 -8.853313744717690101e-03
3.886900000000000000e+04 8.435090024148264032e-01 4.745920337563280106e-02
3.888300000000000000e+04 1.011611772862286207e+00 5.603241135128047418e-02
3.888400000000000000e+04 9.884071583484311807e-01 -1.237980929524695566e-03
3.888500000000000000e+04 9.644810488011483773e-01 7.752413532579660593e-02
3.889000000000000000e+04 9.752049737366881299e-01 -1.552150629506338086e-02
3.889100000000000000e+04 8.858147951342059123e-01 6.741111725884604833e-02
3.889200000000000000e+04 8.746953220191628908e-01 8.510917807400059099e-02
3.889400000000000000e+04 8.994115304154318702e-01 1.172548163804301852e-01
3.889900000000000000e+04 9.205606671904060789e-01 1.038700620429174049e-01
3.890000000000000000e+04 9.484104229050359658e-01 2.291864811787708636e-02
3.890100000000000000e+04 8.977803253347099721e-01 -1.718509621842956997e-02
3.890200000000000000e+04 9.749125110009586592e-01 1.094192257515118616e-01
3.891700000000000000e+04 9.505761633712968006e-01 -2.523649009953624067e-03
3.891800000000000000e+04 9.715440574357333547e-01 -1.728427975940853220e-02
3.891900000000000000e+04 9.809060131137962157e-01 1.640029392999099375e-02
3.892100000000000000e+04 9.911205885421421335e-01 -5.661084759252763346e-03
3.892500000000000000e+04 9.989518639226064867e-01 4.358115512921512807e-02
3.892600000000000000e+04 1.053303288727961418e+00 3.996978577606241645e-02
3.892700000000000000e+04 1.021975636132200549e+00 2.098108257870972063e-02
3.892800000000000000e+04 1.039621258062734199e+00 1.340170905366041935e-02
3.892900000000000000e+04 9.571111960346347924e-01 1.359193219318587022e-03
3.893300000000000000e+04 9.579440558595829769e-01 3.772822717632567241e-02
3.893400000000000000e+04 9.098474773932265780e-01 6.607430752471715740e-02
3.893500000000000000e+04 9.978272002931967144e-01 5.502602755342837423e-03
3.893600000000000000e+04 1.049367608819707032e+00 8.883030733717531269e-02
3.894700000000000000e+04 9.690982051747092374e-01 -3.270095743165345875e-02
3.894900000000000000e+04 9.687794204668758180e-01 -4.725512874443345973e-02
3.895000000000000000e+04 1.052489395787890247e+00 -3.024835725738172706e-02
3.896600000000000000e+04 9.556150529018183626e-01 1.160777255883841952e-01
3.897600000000000000e+04 9.859826642825144649e-01 5.030437931081523095e-02
3.899100000000000000e+04 9.399094659048922162e-01 7.938072935566962973e-02
3.899600000000000000e+04 9.464358457032021610e-01 2.914350604033175487e-02
3.916400000000000000e+04 8.699239432882408529e-01 4.708148652295416486e-02
3.921700000000000000e+04 1.030536941481041247e+00 2.756548977588976768e-02
3.921800000000000000e+04 1.036275202377685778e+00 4.330456078855127178e-04
3.928600000000000000e+04 1.033696140442845968e+00 2.965804575080842331e-02
3.928700000000000000e+04 1.032150901662678644e+00 4.848010004618049512e-02
3.930500000000000000e+04 9.082412374850836745e-01 4.879459096087915282e-02
3.930600000000000000e+04 9.972689806812103930e-01 3.717681743060197858e-02
3.934300000000000000e+04 9.651380547382937269e-01 7.255031591937878555e-02
3.934400000000000000e+04 9.955678056329019254e-01 5.451869380922513830e-02
3.940000000000000000e+04 9.646871540622802277e-01 9.001285042772574907e-02
3.940100000000000000e+04 1.023361332372804355e+00 6.747922515310264546e-02
3.940200000000000000e+04 1.077397652721351129e+00 1.478620371520575523e-02
3.940300000000000000e+04 1.016814979212431691e+00 1.717057295313978091e-02
3.940400000000000000e+04 9.450649146324653360e-01 7.527440196420188967e-02
3.946700000000000000e+04 1.059781897528285999e+00 3.245677786604122400e-02
3.946800000000000000e+04 1.041538090912159875e+00 6.998906111011538034e-02
3.946900000000000000e+04 9.830385132094028311e-01 7.744737211064416094e-02
3.947100000000000000e+04 1.024969620738630738e+00 6.464670204089303929e-02
3.947200000000000000e+04 9.388954734359412635e-01 1.721251428910186843e-01
3.947300000000000000e+04 1.000094796636011418e+00 3.808961746912867263e-02
3.949600000000000000e+04 9.293936677606903229e-01 1.146375010736133959e-01
3.949700000000000000e+04 9.235891685967435594e-01 4.674940379634683757e-02
3.952500000000000000e+04 1.044894379395552519e+00 6.821635795373501288e-02
3.952600000000000000e+04 1.031958638950947860e+00 8.000087732513216920e-02
3.952700000000000000e+04 1.048578463673153660e+00 -4.640637115159650800e-02
3.956800000000000000e+04 1.129079105095584179e+00 1.283580430376671591e-02
3.956900000000000000e+04 1.050993350878643762e+00 1.213035181473015589e-02
3.960800000000000000e+04 1.011816071381274718e+00 1.450215356722170945e-01
3.960900000000000000e+04 1.044890365603419857e+00 2.822525558085547254e-02
3.961000000000000000e+04 1.109757908269165094e+00 5.406587030798275934e-02
3.961100000000000000e+04 1.084188300422498807e+00 6.924831235036395249e-02
3.961200000000000000e+04 1.078488218861299641e+00 1.433890025698695003e-01
3.961300000000000000e+04 1.063623526661920282e+00 1.698694440409467127e-02
3.962000000000000000e+04 1.074126683222364598e+00 1.095746758950080779e-01
3.965400000000000000e+04 1.048061281576608383e+00 7.916579565471076885e-02
3.966500000000000000e+04 1.202191659374300503e+00 1.390208741292798533e-01
3.966600000000000000e+04 1.124802014153058360e+00 5.387209978456414944e-02
3.966700000000000000e+04 1.122832412926037637e+00 2.242524134228592730e-02
3.966800000000000000e+04 1.134840399115491838e+00 6.458001929208008474e-02
3.967800000000000000e+04 1.074297232159408200e+00 4.149612605330502829e-02
3.967900000000000000e+04 1.068721941233232053e+00 1.011784442247922328e-01
3.968000000000000000e+04 1.004601906803320954e+00 2.920806924941915517e-02
3.968100000000000000e+04 1.053386277086931999e+00 1.042802636310606601e-01
3.968200000000000000e+04 1.070547292652360483e+00 7.869688438319036999e-03
3.969200000000000000e+04 1.094976791143491779e+00 1.042241898533634026e-01
3.969400000000000000e+04 1.061126121296781299e+00 2.946940471161147226e-02
3.969500000000000000e+04 1.081678720038668162e+00 1.628576971596618767e-02
3.969600000000000000e+04 9.748956311778909090e-01 3.919615450269405693e-02
3.972300000000000000e+04 1.159127939594513323e+00 7.888834835910349397e-02
3.972400000000000000e+04 9.990301739423504968e-01 6.869790621798893548e-02
3.972500000000000000e+04 1.093204741633324817e+00 -1.863330328680644007e-02
3.972600000000000000e+04 1.116987053340490865e+00 7.496606879393200029e-02
3.975100000000000000e+04 1.139722309365966968e+00 1.269954458097103112e-01
3.975200000000000000e+04 1.075767113404665798e+00 2.335186404631153442e-02
3.975300000000000000e+04 1.094322667017384898e+00 3.545836579574010439e-02
3.978800000000000000e+04 1.109074488971574457e+00 4.905602342708136054e-02
3.978900000000000000e+04 1.072548608312194673e+00 -9.150836629238838851e-03
