1.001750000000000000e+05 1.037702093471819520e+00 -1.614922943375805484e-02
1.002140000000000000e+05 9.379309254619823122e-01 -1.182652251520035017e-03
1.002170000000000000e+05 9.686977627264535817e-01 -4.378018149287027198e-03
1.002180000000000000e+05 1.059304213198441147e+00 -1.298334827606601183e-01
1.002190000000000000e+05 9.706655954303272660e-01 -3.355703145838804385e-02
1.002200000000000000e+05 1.107077858628217504e+00 5.947476040232630747e-03
1.002210000000000000e+05 1.057786976663732670e+00 1.006410231870096539e-01
1.002490000000000000e+05 9.441797049911545558e-01 7.522825649943067593e-03
1.002500000000000000e+05 1.183373524439480295e+00 6.095172370714757593e-02
1.002620000000000000e+05 9.953485571304520052e-01 -6.580022084217887479e-02
1.002640000000000000e+05 9.200402566577823293e-01 1.452614338774480263e-01
1.002650000000000000e+05 1.117403588985206753e+00 6.020545148471315167e-02
1.002670000000000000e+05 1.069703514321314941e+00 -2.072303947146162881e-02
1.002690000000000000e+05 1.029408529407522144e+00 -1.538662929855590632e-02
1.002890000000000000e+05 9.355508832912217132e-01 2.048106708513588309e-02
1.002900000000000000e+05 1.019518027435275087e+00 3.141945768575542253e-02
1.002910000000000000e+05 9.725602882728947574e-01 2.483862222065812836e-02
1.002920000000000000e+05 9.156456984961137691e-01 -7.851260889904543294e-02
1.002940000000000000e+05 8.971476442273641494e-01 -6.633747606020826137e-02
1.002950000000000000e+05 9.284750580396888830e-01 4.107030955410835571e-02
1.002980000000000000e+05 8.868201462043869832e-01 -5.551126577261979514e-03
1.002990000000000000e+05 8.283311254812646407e-01 -9.663211661422199672e-03
1.003000000000000000e+05 9.519114265872274938e-01 1.520015479011905873e-03
1.003170000000000000e+05 1.032385557301032097e+00 -1.889223132285277815e-02
1.003180000000000000e+05 1.112857598707532647e+00 1.924613523081682848e-02
1.003190000000000000e+05 1.069326670481338226e+00 1.262791940508691674e-02
1.003200000000000000e+05 9.383327952531387295e-01 -1.092700092493457537e-01
1.003210000000000000e+05 9.276266303357734166e-01 -8.528576567997528390e-02
1.003220000000000000e+05 8.784565546379765610e-01 -6.697311476277001407e-03
1.003230000000000000e+05 1.028537017999161751e+00 3.625419964490571995e-02
1.003240000000000000e+05 9.699772681442944133e-01 2.293925738803906378e-02
1.003260000000000000e+05 9.403353105248376531e-01 -6.987767805636446727e-02
1.003270000000000000e+05 8.983596348599881543e-01 -5.843690288717675457e-02
1.003440000000000000e+05 1.128471527675743324e+00 3.886378084820496515e-02
1.003470000000000000e+05 1.001210388993790890e+00 4.635455040541244104e-02
1.003480000000000000e+05 1.046614276038197566e+00 -9.936987356398060967e-02
1.003510000000000000e+05 1.213058176606743199e+00 -4.609556455970264914e-03
1.003520000000000000e+05 8.691530630485211351e-01 -9.107129866666258122e-02
1.003530000000000000e+05 9.241662599222310037e-01 -6.391339751665116309e-02
1.003540000000000000e+05 9.394317592614370716e-01 -2.632956663795560023e-02
1.003550000000000000e+05 8.909510740528712169e-01 2.147915474660521892e-02
1.003560000000000000e+05 9.870805350015824375e-01 -8.622397401997307365e-02
1.003570000000000000e+05 8.843674000231542820e-01 9.417732024532332602e-03
1.004130000000000000e+05 1.060531759071056790e+00 3.442609576404868921e-02
1.004210000000000000e+05 8.901768579617478361e-01 -8.577814501836465710e-02
1.004250000000000000e+05 9.100198605925675643e-01 -5.681661925073917818e-02
1.004260000000000000e+05 8.050625214434989907e-01 6.469615933412539710e-03
1.004380000000000000e+05 1.024080255340014567e+00 -4.579629987847495809e-02
1.004390000000000000e+05 1.002234513647613179e+00 -2.392789406387324860e-02
1.004400000000000000e+05 1.115706163351165348e+00 6.655041178886766939e-02
1.004410000000000000e+05 9.612686322976740083e-01 -5.711205317394749820e-02
1.004420000000000000e+05 1.003724415090464062e+00 -3.625371542409636799e-02
1.004430000000000000e+05 1.055531912480629941e+00 -1.350651408790197183e-01
1.004440000000000000e+05 1.083213301415116847e+00 6.682318503925870068e-02
1.004450000000000000e+05 1.053332239145679416e+00 1.418837855985923546e-01
1.004480000000000000e+05 1.145927142708506707e+00 5.306518810431253008e-02
1.004490000000000000e+05 9.920497438319735295e-01 -6.589056188727795971e-02
1.004500000000000000e+05 9.838478811104652832e-01 -2.934294674980006054e-02
1.004510000000000000e+05 1.014141980871359650e+00 9.968599205410721975e-02
1.004530000000000000e+05 9.244538599301181936e-01 1.319194280343553502e-02
1.004540000000000000e+05 8.422325866894657675e-01 8.348514846367498243e-02
1.004680000000000000e+05 1.181049230427188901e+00 5.836676902000346306e-02
1.004710000000000000e+05 1.085912566102200216e+00 -1.060030970007817819e-02
1.004740000000000000e+05 9.858718882752137702e-01 1.361391477253435719e-02
1.004780000000000000e+05 9.043178788802074264e-01 -1.197305900883181007e-01
1.004790000000000000e+05 9.404519760531272476e-01 -1.884298742852465181e-01
1.005430000000000000e+05 9.113409968726011723e-01 -7.447964819140057147e-02
1.005530000000000000e+05 7.470512152905425252e-01 -6.854172395538840612e-02
1.005630000000000000e+05 7.977079414056209572e-01 5.665938596040041852e-02
1.005640000000000000e+05 9.886847536225181754e-01 -6.861816943462960283e-02
1.005690000000000000e+05 1.008023786163533053e+00 -3.426495142540115363e-02
1.005700000000000000e+05 1.026987516049123750e+00 -6.872557003286736133e-02
1.005710000000000000e+05 9.838254681078647534e-01 -7.526445293405699399e-02
1.005730000000000000e+05 8.984346945578507437e-01 -2.346686899929084982e-02
1.005740000000000000e+05 8.232496192804387158e-01 -9.568993039271957157e-02
1.009030000000000000e+05 1.033150025694068219e+00 1.338080394295000641e-01
1.009040000000000000e+05 1.014528765314554493e+00 4.632036665710603102e-02
1.009050000000000000e+05 1.306304189434386753e+00 1.121086243783628450e-01
1.009060000000000000e+05 1.103470815241308189e+00 2.778612032941914917e-02
1.009070000000000000e+05 1.129190854431280755e+00 8.554626372385595867e-02
1.009790000000000000e+05 1.064194864994309153e+00 2.865087043003771913e-02
1.009800000000000000e+05 1.045152438412964679e+00 -2.216943726625953542e-02
1.009810000000000000e+05 1.108421172929457521e+00 7.083925381206794547e-02
1.009820000000000000e+05 1.066360278706615983e+00 -3.341363643365579533e-02
1.009830000000000000e+05 1.088837019094275993e+00 8.865815550722658256e-02
1.009840000000000000e+05 1.090058878604063919e+00 1.176258332245398164e-01
1.009850000000000000e+05 1.160371629208508004e+00 1.226474993410012204e-02
1.010090000000000000e+05 9.856557755900241524e-01 4.165059915817624636e-02
1.010100000000000000e+05 1.048555020741857025e+00 8.768166717642239538e-02
1.010110000000000000e+05 1.197230993085286022e+00 3.060642202302056580e-02
1.010130000000000000e+05 1.023127373978561128e+00 1.534264670288812693e-01
1.010290000000000000e+05 9.413965213341051186e-01 9.447794750376818651e-02
1.010300000000000000e+05 9.510564117413118357e-01 8.440975142212335525e-02
1.010310000000000000e+05 9.378104897712977728e-01 3.331483364881523968e-02
1.010380000000000000e+05 1.046410913978451429e+00 1.513362964770597063e-01
1.010390000000000000e+05 1.097950000974778906e+00 1.192130716656948086e-01
1.010450000000000000e+05 9.505131456883898489e-01 1.627355607842938534e-01
1.010460000000000000e+05 1.074351082218224063e+00 7.059397892672240882e-02
1.010620000000000000e+05 1.058826450604211100e+00 1.232103211031110729e-01
1.010630000000000000e+05 8.760128065654108065e-01 1.621004962727053827e-02
1.010650000000000000e+05 1.003085862525048055e+00 7.534589956413322021e-02
1.010660000000000000e+05 9.676621737644431898e-01 1.059959394553865591e-01
1.010670000000000000e+05 9.599870001122555729e-01 1.279762129250837377e-01
1.010680000000000000e+05 8.949731260367455032e-01 2.162609041750336025e-01
1.010690000000000000e+05 9.639140308904419197e-01 1.396180748133586669e-01
1.010700000000000000e+05 1.021941353905067462e+00 1.418724716542680009e-01
1.010950000000000000e+05 9.750631842501171764e-01 1.102823930552319226e-01
1.010970000000000000e+05 8.786153965698361157e-01 2.867018192208810323e-02
1.011000000000000000e+05 1.090852167861951605e+00 9.010646355637445815e-02
1.011010000000000000e+05 1.130484091639757382e+00 6.640046150727080265e-02
1.011020000000000000e+05 1.072414761719223231e+00 1.296955412437022503e-01
1.011040000000000000e+05 1.063225352759282760e+00 1.680674049019593441e-01
1.011050000000000000e+05 9.828583895393940839e-01 7.352874615504058353e-02
1.011060000000000000e+05 1.004964822600404872e+00 1.619852119140942626e-01
1.011280000000000000e+05 1.000582620950840385e+00 3.274038799304347658e-02
1.011290000000000000e+05 9.534836028924541518e-01 1.618401031209926177e-01
1.011310000000000000e+05 9.135251056727369257e-01 1.301273963855339721e-01
1.011320000000000000e+05 1.023915149252070833e+00 9.976938110880936850e-02
1.011330000000000000e+05 9.465672695169859985e-01 1.124939498722812570e-01
1.011340000000000000e+05 1.021714967058610979e+00 1.628718370679241856e-01
1.011410000000000000e+05 9.308330271517283316e-01 1.593811945359367432e-01
1.011570000000000000e+05 1.022504958413419374e+00 6.519569723074986056e-02
1.011580000000000000e+05 1.192338058966252889e+00 1.391417814510940709e-01
1.011610000000000000e+05 1.048372260454152771e+00 1.107507311069724498e-01
1.011620000000000000e+05 1.057198296405280402e+00 3.820229296262019764e-02
1.011630000000000000e+05 9.615158835451820263e-01 1.255050867275354642e-01
1.011640000000000000e+05 9.651048163688024095e-01 8.495622621457797619e-02
1.011650000000000000e+05 9.828734173218256487e-01 1.092383805580071782e-01
1.011660000000000000e+05 9.592613247111884123e-01 -1.343905285916137740e-02
1.011670000000000000e+05 1.008876133822451004e+00 -8.277746214547437864e-02
1.011680000000000000e+05 1.039859859782514384e+00 3.727964943043202140e-02
1.011690000000000000e+05 9.754919204680138067e-01 9.409024386405924478e-02
1.011700000000000000e+05 9.342037881656295450e-01 1.258110437401442072e-01
1.011710000000000000e+05 9.019153028783684078e-01 1.079018269275434511e-01
1.012400000000000000e+05 9.600326824168490258e-01 8.500591493382177177e-02
1.012410000000000000e+05 1.020195324880974086e+00 1.754709660777075686e-01
1.012420000000000000e+05 9.193032752548182529e-01 2.082372286092450675e-01
1.012570000000000000e+05 1.055627848741475416e+00 3.306703879300666726e-02
1.012580000000000000e+05 1.093881184755704394e+00 6.667140637299176498e-02
1.012590000000000000e+05 1.063758154751788698e+00 5.221902845448688976e-03
1.012600000000000000e+05 1.166384494302446395e+00 6.351093603316212977e-02
1.012610000000000000e+05 1.119452784976223692e+00 1.228511292115379849e-01
1.012620000000000000e+05 1.112116446859283680e+00 1.324656243601505246e-01
1.012630000000000000e+05 9.325287310587402345e-01 1.229761396184069211e-01
1.012650000000000000e+05 1.001366772178043929e+00 6.943936125157146311e-02
1.012660000000000000e+05 1.105440078390458769e+00 7.097730335104281141e-02
1.012690000000000000e+05 1.079587298918068150e+00 1.491472822835211987e-01
1.012880000000000000e+05 1.020364484251594428e+00 2.290783508300814689e-02
1.012890000000000000e+05 1.067239199714131281e+00 3.909209010090180375e-02
1.012900000000000000e+05 1.131900622025948877e+00 3.969937159556116008e-02
1.012910000000000000e+05 9.780101142141783832e-01 1.635799120499694670e-01
1.012920000000000000e+05 1.073597884024622751e+00 7.275538829996779436e-03
1.012930000000000000e+05 9.525312440376088041e-01 1.205219011074119551e-01
1.012970000000000000e+05 1.114213277535149649e+00 1.777952279610242603e-02
1.012980000000000000e+05 1.017203477239828402e+00 6.156866377754721675e-02
1.012990000000000000e+05 1.010556037735593993e+00 1.156910314670705070e-01
1.013000000000000000e+05 9.143651450922503088e-01 1.701333072757026110e-01
1.013160000000000000e+05 1.146480183130507813e+00 3.804897638386438991e-02
1.013170000000000000e+05 1.084583038452588299e+00 7.696040315401752804e-03
1.013180000000000000e+05 1.192929416116374819e+00 5.308037921066110360e-02
1.013190000000000000e+05 1.031215857115429957e+00 -3.718915144898955749e-02
1.013260000000000000e+05 1.015764807430597383e+00 1.987247984253572367e-02
1.013270000000000000e+05 1.039946640630790009e+00 7.130845532290189248e-02
1.013280000000000000e+05 1.136273404889370342e+00 2.357409381840203100e-02
1.013590000000000000e+05 9.187730168604375525e-01 4.054239776777332493e-02
1.013600000000000000e+05 8.750172903727762019e-01 1.402914864108531501e-01
1.013620000000000000e+05 9.420337460210951308e-01 1.367085549718325965e-01
1.014350000000000000e+05 1.042340549200136079e+00 2.016698895942644620e-01
1.014370000000000000e+05 1.024325964155196278e+00 1.259967363818866593e-01
1.014570000000000000e+05 9.442364749489144948e-01 1.729220545455683045e-01
1.014580000000000000e+05 1.000055583116976177e+00 1.434936062952900382e-01
1.014590000000000000e+05 9.648674597286240884e-01 6.455699037588012723e-02
1.014820000000000000e+05 1.010462925145108493e+00 -2.223537095926788817e-02
1.014850000000000000e+05 9.696614657431167350e-01 1.028476606300859214e-01
1.014860000000000000e+05 1.003327909538863194e+00 6.099024294125941770e-02
1.015040000000000000e+05 1.035301074855913273e+00 1.060780729193858130e-01
1.015050000000000000e+05 1.060945731027987504e+00 1.197981188435809918e-01
1.015060000000000000e+05 1.082965225264803877e+00 1.572149795193190092e-01
1.015070000000000000e+05 1.054884167678262985e+00 1.793648756295061208e-01
1.015080000000000000e+05 1.013872618835807149e+00 1.227226651751038983e-01
1.015320000000000000e+05 9.330997082240918283e-01 1.069763343274995476e-01
1.017200000000000000e+05 9.883458119052970225e-01 9.221055272720721230e-02
1.017380000000000000e+05 1.016780398171651223e+00 1.081540034982801796e-01
1.017390000000000000e+05 1.022435061058394101e+00 1.417524558836918969e-01
1.017400000000000000e+05 9.926112742821252555e-01 8.621443308609673395e-02
1.017410000000000000e+05 1.063759880992512175e+00 1.332322118625912932e-01
1.018210000000000000e+05 8.065695949431521683e-01 2.757462291976280344e-01
1.018220000000000000e+05 8.378663024901469303e-01 2.377412060525604109e-01
1.018230000000000000e+05 8.147059315375414501e-01 4.006345438549635540e-01
1.018240000000000000e+05 9.608605982737590256e-01 2.776534582500131965e-01
1.018250000000000000e+05 8.975787549675461330e-01 4.415118983991990209e-01
1.018260000000000000e+05 8.673140305191067156e-01 3.287761008017925923e-01
1.018270000000000000e+05 1.008954537755358150e+00 2.446709598907548799e-01
1.019710000000000000e+05 1.006342903751954676e+00 1.296229383051334359e-02
1.019930000000000000e+05 8.851075569312226721e-01 2.331365502703458548e-01
1.019970000000000000e+05 9.671464114210668317e-01 1.283160006694169797e-01
1.020510000000000000e+05 8.696536738064001293e-01 2.312312415524481191e-01
1.020530000000000000e+05 9.340352974449536161e-01 1.622405694970455448e-01
1.021750000000000000e+05 1.067073594990725738e+00 1.611819331848750661e-02
1.021810000000000000e+05 1.072501643595273668e+00 4.813911075223807623e-02
