3.979000000000000000e+04 1.079597390556007896e+00 7.683287656665602205e-02
3.979100000000000000e+04 1.058551436752785957e+00 -5.502952501883462064e-03
3.980800000000000000e+04 1.074875201433234784e+00 7.698977590794474357e-02
3.980900000000000000e+04 1.079541128201079392e+00 -4.012466784505126782e-02
3.981000000000000000e+04 1.084666631517657187e+00 3.351863284586379527e-02
3.981100000000000000e+04 1.071589211118501472e+00 9.057714416903583921e-02
3.983400000000000000e+04 9.840846829175680099e-01 -7.138711946084501381e-02
3.985600000000000000e+04 9.748700952069279113e-01 -5.214766605691253942e-02
3.986600000000000000e+04 1.072405163779696080e+00 -1.339879359127132963e-02
3.986800000000000000e+04 1.022528701438693233e+00 -4.829917310751998677e-02
3.986900000000000000e+04 1.109154677094635222e+00 -2.222037821381833700e-02
3.987000000000000000e+04 1.036058948915540734e+00 -2.552283165476645563e-02
3.987100000000000000e+04 1.054636479400762328e+00 5.588142671813384893e-02
3.987200000000000000e+04 1.044862044801017298e+00 1.059048879169993268e-01
3.987300000000000000e+04 1.065068415140808522e+00 4.689638629701142758e-02
3.987400000000000000e+04 9.566058153849474888e-01 1.516046980082620954e-01
3.987500000000000000e+04 1.028564697555901075e+00 2.724815811756931688e-02
3.988900000000000000e+04 1.015942482129009949e+00 2.368462563673873894e-02
3.991500000000000000e+04 1.054053482843284817e+00 1.024091463210599073e-01
3.995500000000000000e+04 9.783409572503769525e-01 2.563695569616142658e-02
3.995600000000000000e+04 1.040301987143938067e+00 4.770179985007641510e-02
4.009300000000000000e+04 1.036294038903531556e+00 5.429250976631724845e-02
4.013000000000000000e+04 1.140756166482468803e+00 1.325035495322899118e-02
4.013100000000000000e+04 1.139094584879509542e+00 5.622639862003032257e-02
4.013200000000000000e+04 1.149205425574103767e+00 2.904115335300710629e-02
4.013300000000000000e+04 1.200552346008474602e+00 -1.490820005162230358e-02
4.013400000000000000e+04 1.096131714112987376e+00 3.016421799486601607e-02
4.017000000000000000e+04 1.145518222819202458e+00 -1.232610297194058728e-02
4.017600000000000000e+04 1.071432400269391128e+00 -6.983411037431595803e-02
4.018900000000000000e+04 1.051913802758711158e+00 -1.463120803814956308e-02
4.019000000000000000e+04 1.078421327542729902e+00 4.784895468915296990e-02
4.019100000000000000e+04 1.026104531827476185e+00 -3.585153733570459189e-02
4.019200000000000000e+04 1.111096498206073591e+00 2.537682666625347416e-02
4.023000000000000000e+04 9.903689947971180407e-01 -6.918867381842699893e-02
4.023100000000000000e+04 8.654677096489846733e-01 -1.268808877500301469e-01
4.023200000000000000e+04 1.023870439658006948e+00 -3.921433915136583043e-03
4.023300000000000000e+04 1.076544358843215976e+00 -3.696010386976207596e-02
4.023400000000000000e+04 9.321451833720511004e-01 -1.550471870650939159e-02
4.025500000000000000e+04 1.107168108455717670e+00 1.010565101589745163e-01
4.025600000000000000e+04 1.087577300116014278e+00 8.960455688145799180e-02
4.026700000000000000e+04 9.954957703867567398e-01 -6.933861081365522150e-02
4.026800000000000000e+04 1.111360930080720344e+00 4.448801606694835487e-02
4.026900000000000000e+04 1.078177079800001437e+00 1.165412076568564728e-02
4.027000000000000000e+04 1.081936991413991800e+00 -1.353614522467097396e-02
4.027100000000000000e+04 9.717479787344970310e-01 -4.117462033590051085e-02
4.027200000000000000e+04 9.301475933395090268e-01 -7.578432249836988821e-02
4.029900000000000000e+04 1.124912067108077895e+00 -1.545526272955699554e-02
4.030000000000000000e+04 1.060769543145280824e+00 -1.120586788731263482e-03
4.030200000000000000e+04 1.077450584535855294e+00 -4.758609767334737173e-02
4.030300000000000000e+04 9.774043384498716236e-01 1.109742387682436798e-01
4.030400000000000000e+04 1.174712772864098476e+00 1.499578984453782925e-02
4.030500000000000000e+04 1.158101578270340104e+00 -7.261756604992525288e-02
4.031700000000000000e+04 1.125213612267108809e+00 2.784914987145065482e-02
4.031800000000000000e+04 1.060900275281937422e+00 2.905964000724556642e-02
4.031900000000000000e+04 1.070220094785229614e+00 6.275733150048451447e-02
4.032900000000000000e+04 1.128991592494765328e+00 -1.541714796098559402e-02
4.033000000000000000e+04 1.032931275230420054e+00 -2.416087014854020540e-02
4.033100000000000000e+04 1.089547059517952832e+00 -3.396785573153066062e-02
4.033200000000000000e+04 1.122338079791255661e+00 1.981903538247027641e-02
4.033300000000000000e+04 1.044778790220434628e+00 4.798674072626162718e-02
4.033400000000000000e+04 1.068588331109195266e+00 4.839296596921822957e-02
4.033500000000000000e+04 9.798832560911993061e-01 -2.445952464038548060e-02
4.033600000000000000e+04 1.119965613507766466e+00 -2.511324231119030706e-02
4.035000000000000000e+04 1.061709995478444135e+00 1.111720525464053311e-01
4.035100000000000000e+04 1.025377803408248578e+00 9.187814579437987572e-02
4.035200000000000000e+04 1.065124007082797419e+00 9.674602263536958777e-03
4.035300000000000000e+04 1.102009299502289208e+00 -1.311457609236751226e-02
4.036200000000000000e+04 1.053396268836551464e+00 4.530069452051366241e-03
4.036300000000000000e+04 1.003811708953747717e+00 2.733526809270133903e-02
4.036400000000000000e+04 1.030456757925312328e+00 1.523125564444810683e-02
4.036500000000000000e+04 1.029582990175067936e+00 6.950853200078474514e-03
4.037700000000000000e+04 1.041335553268513348e+00 3.560843700397289813e-02
4.037800000000000000e+04 1.058848722076616511e+00 -2.189372290129857831e-03
4.038800000000000000e+04 1.078520686273890972e+00 -1.697329411652417908e-02
4.038900000000000000e+04 1.022224327974643909e+00 5.982210030939671269e-02
4.039000000000000000e+04 1.148238655483748483e+00 5.084876143326270970e-02
4.039100000000000000e+04 1.032022854483976460e+00 3.380386705926705787e-02
4.039200000000000000e+04 1.027586390400056615e+00 -4.225475184194659589e-02
4.039300000000000000e+04 1.004806804585295810e+00 -5.307982442950234803e-02
4.039400000000000000e+04 1.122788398327971393e+00 3.324019561016783308e-02
4.041800000000000000e+04 1.200559575126205036e+00 2.338068280990960104e-02
4.041900000000000000e+04 1.035960219610053912e+00 -2.633697899007005072e-02
4.042000000000000000e+04 1.099521714520365734e+00 5.678416448079852408e-02
4.042100000000000000e+04 1.070735451631024571e+00 -1.826184216681097164e-02
4.042200000000000000e+04 1.005371396945122342e+00 8.037963453148185000e-02
4.042300000000000000e+04 1.038765451965515618e+00 7.671577893290609795e-02
4.042400000000000000e+04 1.085977862493512802e+00 3.826421494624877850e-02
4.042500000000000000e+04 1.069254355224328323e+00 -2.749876850396336045e-02
4.044700000000000000e+04 1.085733251337908989e+00 1.733070815772935758e-02
4.044800000000000000e+04 1.084517077820803310e+00 9.225295201914558707e-02
4.044900000000000000e+04 1.094586128935284508e+00 -6.211557406906963348e-03
4.045000000000000000e+04 1.004504177636116324e+00 -5.067178397983112918e-03
4.045100000000000000e+04 1.030004851421812972e+00 5.126144674218276881e-02
4.045200000000000000e+04 1.081837287962896132e+00 5.181363261898707523e-02
4.047300000000000000e+04 1.096701742589208939e+00 1.167441341684835251e-02
4.047400000000000000e+04 9.810759735638842072e-01 -3.266498401597203033e-02
4.047500000000000000e+04 1.073586757614562570e+00 6.398510677284542647e-02
4.047600000000000000e+04 1.070364545994939354e+00 6.499860299459334079e-02
4.049900000000000000e+04 1.141119207624225140e+00 2.966696932153063335e-02
4.050000000000000000e+04 1.152503701038638306e+00 1.116508923049973068e-01
4.050100000000000000e+04 1.070474493806522265e+00 3.290672520209626806e-02
4.050200000000000000e+04 1.168091375030872126e+00 4.109220100143590182e-02
4.050300000000000000e+04 1.084508013218880240e+00 -2.128825780195642281e-02
4.050400000000000000e+04 1.144028493062160257e+00 2.702338984481855721e-02
4.050500000000000000e+04 1.092135239318950513e+00 -2.846955063754312565e-02
4.050600000000000000e+04 1.076762602093296994e+00 4.644404375439865201e-02
4.050700000000000000e+04 1.161888231860855214e+00 -6.935391150331704502e-02
4.050800000000000000e+04 1.073907221143015844e+00 2.517590732278936205e-02
4.051900000000000000e+04 1.147227718229334892e+00 -4.888147431775842489e-02
4.052100000000000000e+04 1.104809824611041824e+00 -4.366594821446345698e-02
4.052200000000000000e+04 1.153311874441939722e+00 -1.556738634473087309e-02
4.052300000000000000e+04 1.128890597383183092e+00 -1.850133910470799781e-02
4.052400000000000000e+04 1.177579000740774706e+00 6.407730725828106322e-02
4.052500000000000000e+04 1.343394101962303022e+00 1.542178601982115149e-01
4.052600000000000000e+04 1.195835138053876756e+00 3.058914091061615964e-02
4.052700000000000000e+04 1.245272920504522096e+00 -3.601995577622041540e-03
4.054400000000000000e+04 1.150671363565838101e+00 2.817642276103454746e-02
4.054500000000000000e+04 1.080270358090350102e+00 8.771047982105702190e-02
4.054600000000000000e+04 1.111995940274736805e+00 6.997674662204222962e-02
4.054700000000000000e+04 1.102054585839698397e+00 3.756388516192601945e-02
4.054800000000000000e+04 1.074626503084574747e+00 -3.242931595543005474e-02
4.054900000000000000e+04 1.100932245576732083e+00 -5.404711550230131833e-03
4.055000000000000000e+04 1.027489409220877503e+00 3.666764728531420742e-02
4.055100000000000000e+04 1.072321498556227937e+00 4.361621295010194993e-02
4.055500000000000000e+04 1.073097623534381206e+00 1.764267424126444604e-03
4.055700000000000000e+04 1.028472981787509122e+00 8.000310854112475945e-02
4.055800000000000000e+04 1.082960525561724285e+00 3.371400125216638538e-02
4.055900000000000000e+04 1.121616261046090690e+00 -2.243137171586980817e-03
4.056000000000000000e+04 1.141677378462876646e+00 1.187120671123605975e-01
4.061700000000000000e+04 1.100379971964826842e+00 3.113492918861585079e-02
4.061800000000000000e+04 1.103379188034879110e+00 1.676082160980722768e-02
4.061900000000000000e+04 1.056235160489517488e+00 4.728862140388045282e-02
4.062000000000000000e+04 1.016313837592768277e+00 -2.228285969446845705e-02
4.063700000000000000e+04 1.151022690490995259e+00 7.441435376817853720e-02
4.063800000000000000e+04 1.114764614876633031e+00 5.065068797919867333e-02
4.063900000000000000e+04 1.157362623904371057e+00 1.658114299761964117e-01
4.064900000000000000e+04 1.133216823392604544e+00 7.692982726526041704e-02
4.067800000000000000e+04 1.253085579566340924e+00 -5.094264780384329463e-04
4.080800000000000000e+04 1.126116739121723276e+00 -1.821060037105987073e-02
4.080900000000000000e+04 1.210566569847110863e+00 -1.270351812998976940e-02
4.083300000000000000e+04 1.144486340788954726e+00 1.443152315254435727e-02
4.083400000000000000e+04 1.143469875943064817e+00 -2.151484739540922286e-02
4.083500000000000000e+04 1.111649167794168225e+00 -2.126073707932888551e-02
4.083600000000000000e+04 1.136359819588715903e+00 -5.983657668420461900e-02
4.085400000000000000e+04 1.125355965255593338e+00 -3.984922808653942189e-02
4.085500000000000000e+04 1.226666701954301608e+00 2.540369296073362315e-02
4.085800000000000000e+04 1.236977197651517812e+00 -3.941518788658344291e-02
4.085900000000000000e+04 1.217866127396443732e+00 1.577650917894094992e-02
4.086000000000000000e+04 1.256565642146621586e+00 8.034255176944254950e-02
4.086100000000000000e+04 1.276017086870541384e+00 7.959522002473014279e-02
4.086200000000000000e+04 1.198754063411670234e+00 1.042563580377357281e-02
4.088300000000000000e+04 1.180739830906945897e+00 -5.964775157385398402e-02
4.088400000000000000e+04 1.233679123163957669e+00 8.098379552892633060e-02
4.088700000000000000e+04 1.203727312637235425e+00 -2.869653747147298331e-02
4.088800000000000000e+04 1.089014531808294661e+00 -3.585628506516080893e-02
4.088900000000000000e+04 1.164732653468751211e+00 -6.655812817146376792e-02
4.089000000000000000e+04 1.231540210309380878e+00 -1.020831255328877724e-01
4.089100000000000000e+04 1.120042183532426794e+00 4.715510784953171747e-02
4.089200000000000000e+04 1.032107648648875609e+00 -8.442126161135833640e-02
4.089300000000000000e+04 1.148243523742250138e+00 8.699825753066892098e-02
4.090400000000000000e+04 1.170140795944455192e+00 4.749513995620766732e-02
4.090500000000000000e+04 1.162984101321449248e+00 -5.233663594439910693e-02
4.090600000000000000e+04 1.207610842757204095e+00 -1.153884259195080281e-01
4.091200000000000000e+04 1.262260483608297124e+00 -1.059348580301910508e-01
4.091500000000000000e+04 1.177455616809831351e+00 -3.995821465599515981e-02
4.091600000000000000e+04 1.172627751233689120e+00 -1.425986422773017348e-01
4.091700000000000000e+04 1.203765551558461544e+00 -4.588727485598826511e-02
4.091800000000000000e+04 1.421983435804706986e+00 -1.588992355726730199e-01
4.091900000000000000e+04 1.227147599775092246e+00 5.812477775263102941e-02
4.092100000000000000e+04 1.192996818949323634e+00 3.307463495369782069e-02
4.092200000000000000e+04 1.101712902444984987e+00 -7.124185247429304368e-02
4.093700000000000000e+04 1.075760211298772306e+00 -4.052228555780187924e-02
4.093800000000000000e+04 9.218422563713581930e-01 1.961990844254075592e-02
4.094400000000000000e+04 1.279071130019976410e+00 -4.393128974404403309e-02
4.094700000000000000e+04 1.007442465193855829e+00 2.100012478321304152e-02
4.094800000000000000e+04 1.235904149986591483e+00 -2.874245697215204939e-02
4.094900000000000000e+04 1.173873326047589538e+00 -7.684336533593129348e-02
4.095000000000000000e+04 1.180364663987719442e+00 -3.659275886399976363e-02
4.095100000000000000e+04 1.179097069320905744e+00 -8.020201463850996915e-02
4.095200000000000000e+04 1.183125089708087829e+00 6.637353531142778373e-02
4.095300000000000000e+04 1.141977376081357409e+00 -2.082289679297924870e-02
4.095400000000000000e+04 1.172610247369201719e+00 1.004811627959353859e-01
4.095500000000000000e+04 1.197737809462589675e+00 2.101009498811191520e-02
4.095600000000000000e+04 1.175981352075446074e+00 -2.969298294378567085e-02
4.096600000000000000e+04 1.186647053205435176e+00 1.322064390319592671e-02
4.096700000000000000e+04 1.127492270335012758e+00 -5.908771334095914984e-02
4.097500000000000000e+04 1.165938721196549288e+00 -3.886182905083451072e-02
4.097800000000000000e+04 1.176579339184208095e+00 -3.402000358105098515e-02
4.097900000000000000e+04 1.111862799562761905e+00 -1.423979266885547768e-01
4.098000000000000000e+04 1.161813326204735652e+00 1.327638038153908240e-02
4.098100000000000000e+04 1.154907309882714506e+00 1.517400559075280861e-02
4.098200000000000000e+04 1.190481676594856042e+00 1.985303625243127479e-02
4.098300000000000000e+04 1.102070857134810344e+00 -9.906379034572032616e-03
4.098400000000000000e+04 1.101601052939471970e+00 -5.046721355396801417e-02
4.098500000000000000e+04 1.180915767750356116e+00 -5.297145216614739666e-02
4.101300000000000000e+04 1.161511998999285478e+00 -1.440811342811132156e-01
4.101500000000000000e+04 1.211454153543692680e+00 -2.516504485485833442e-02
4.101600000000000000e+04 1.133085011255038577e+00 -5.298458277833214408e-02
4.101700000000000000e+04 1.230616649021750053e+00 -1.475186643870758998e-02
4.101800000000000000e+04 1.172418516775929564e+00 -2.616574468390934355e-02
