6.852700000000000000e+04 1.050725800173855529e+00 3.582078617646337199e-02
6.852800000000000000e+04 1.090596367557172819e+00 5.789479934471070816e-02
6.852900000000000000e+04 1.027168350383401707e+00 4.982489544436981971e-02
6.854300000000000000e+04 1.121907686291189865e+00 1.245623907126102714e-01
6.854700000000000000e+04 7.221803256849448349e-01 1.184852514955722635e-01
6.854900000000000000e+04 9.228776533846261287e-01 1.100678638545323079e-01
6.855000000000000000e+04 9.801956729933881673e-01 1.860598583555837793e-02
6.855100000000000000e+04 8.869325474752812744e-01 1.079450903770229619e-01
6.855200000000000000e+04 1.027557468602619206e+00 9.087282305124325110e-02
6.857000000000000000e+04 1.111437856190945705e+00 1.273105033140520259e-01
6.857100000000000000e+04 1.093098616912193677e+00 5.831586416178830695e-02
6.857200000000000000e+04 1.074264597045837100e+00 7.826370372789374918e-02
6.857300000000000000e+04 1.106456868332553523e+00 1.090583156803118098e-01
6.857400000000000000e+04 1.066663573923579911e+00 7.615597960468856176e-02
6.857500000000000000e+04 1.079736936556619842e+00 1.070428547475909958e-01
6.859600000000000000e+04 1.081583203742448873e+00 8.258293748030798298e-02
6.859700000000000000e+04 1.172759529578069948e+00 5.834946652153157748e-02
6.859800000000000000e+04 1.155508553498605595e+00 9.815513110779333639e-02
6.859900000000000000e+04 9.531988324389839562e-01 1.964872135568646316e-01
6.860000000000000000e+04 1.081724206758278406e+00 1.151368086548303082e-01
6.860100000000000000e+04 1.056573794512259079e+00 1.359927375826264495e-01
6.860200000000000000e+04 1.066638228797497812e+00 1.180935453390660472e-01
6.860700000000000000e+04 1.097540614938014913e+00 3.283080866279056154e-02
6.860900000000000000e+04 1.163550133436237699e+00 9.464114005791322837e-02
6.861000000000000000e+04 1.051000882200038511e+00 1.286074683622170055e-02
6.862400000000000000e+04 7.835331899000602673e-01 4.624329749989298383e-02
6.862500000000000000e+04 6.501492070859969941e-01 2.385042164770746487e-01
6.862700000000000000e+04 5.938949485641480397e-01 1.739953487278592115e-01
6.862900000000000000e+04 8.334856701127574263e-01 1.188833804519692922e-01
6.863000000000000000e+04 9.815736174232806421e-01 4.218306809938043161e-02
6.863700000000000000e+04 1.056863815097184078e+00 1.483870525557057785e-01
6.863800000000000000e+04 1.010705876690568328e+00 2.097347537353721203e-01
6.863900000000000000e+04 1.092723786336797787e+00 1.350098187689380107e-02
6.864000000000000000e+04 1.135699129516914763e+00 1.346619417889054482e-01
6.864100000000000000e+04 1.065078467037799292e+00 5.395248736245868149e-02
6.864200000000000000e+04 1.147872056846886979e+00 7.416266421210754300e-02
6.864300000000000000e+04 1.040633802031383670e+00 1.421455702287701961e-01
6.864600000000000000e+04 6.316491881601579150e-01 4.678016066196621220e-03
6.865800000000000000e+04 1.045850096155787501e+00 5.395036411794237874e-02
6.865900000000000000e+04 1.136285202268819905e+00 9.793332496325661551e-02
6.866000000000000000e+04 1.103967490702999266e+00 5.368432001081556437e-02
6.866100000000000000e+04 1.104820341348527801e+00 3.880960304774965647e-02
6.866200000000000000e+04 9.329473102931808981e-01 2.340374254636982676e-01
6.866300000000000000e+04 6.810838859571571868e-01 2.325214627302669146e-01
6.866400000000000000e+04 9.635150892266971523e-01 2.448575556667003175e-02
6.867500000000000000e+04 1.158941297208917032e+00 4.519058532970483127e-02
6.867600000000000000e+04 1.179569037076025451e+00 1.083570438427336746e-01
6.867700000000000000e+04 1.108161175516463093e+00 5.914512534974249169e-02
6.867800000000000000e+04 1.057661688003438849e+00 1.222033194153899494e-01
6.867900000000000000e+04 1.093999910663108865e+00 5.041270555897820610e-02
6.868000000000000000e+04 1.025932125031771003e+00 -1.789211201142612909e-02
6.868500000000000000e+04 1.142734354433964095e+00 3.241584176092990321e-02
6.868600000000000000e+04 1.079021755265451077e+00 1.705710712230430748e-01
6.868700000000000000e+04 1.091414374954029487e+00 8.592389077373528694e-02
6.868800000000000000e+04 1.110616350287278342e+00 1.226498411225251661e-01
6.868900000000000000e+04 1.033118094763764372e+00 2.793831766770362574e-02
6.876600000000000000e+04 1.021431767571740590e+00 -1.796865284120454515e-02
6.879500000000000000e+04 1.118262593539980365e+00 4.566730384532884102e-02
6.879600000000000000e+04 1.228383768616364113e+00 9.662259227304514919e-02
6.879700000000000000e+04 1.189664547771033032e+00 -6.108711606909977311e-03
6.881000000000000000e+04 1.185175281395210112e+00 7.301445156270375270e-02
6.881100000000000000e+04 1.053004189904878318e+00 3.573352568092377779e-02
6.881200000000000000e+04 1.066336712524901698e+00 6.170713129378632700e-02
6.881300000000000000e+04 1.091442740103131470e+00 4.948205563125795958e-02
6.884300000000000000e+04 1.004955442767984097e+00 -1.305281594593140915e-01
6.884500000000000000e+04 9.148367921011276716e-01 -1.072653454336204848e-01
6.884600000000000000e+04 9.918767390282282603e-01 -1.153389585389455324e-01
6.884700000000000000e+04 9.742779411648131438e-01 3.648409814333753581e-02
6.885500000000000000e+04 1.039493125333650569e+00 3.961320920336811741e-02
6.885600000000000000e+04 1.163476911117976131e+00 4.569072794718168073e-02
6.885700000000000000e+04 1.078367194547170893e+00 1.763686223962223354e-01
6.885800000000000000e+04 1.044903828596223549e+00 5.798701932553929073e-02
6.885900000000000000e+04 1.091140185228666404e+00 -5.086301732546438109e-02
6.886000000000000000e+04 1.158032086759211987e+00 -1.190955680929302457e-01
6.886100000000000000e+04 1.104309283128207309e+00 -2.131735496976719380e-02
6.886200000000000000e+04 1.146293989284977055e+00 -8.344529843192233232e-02
6.886300000000000000e+04 1.009562968661119386e+00 -5.759057738813351361e-03
6.886400000000000000e+04 1.163591584481226793e+00 1.964350689547561882e-02
6.886500000000000000e+04 1.225560442380460913e+00 3.251035017162499929e-02
6.886600000000000000e+04 1.230409570660455643e+00 1.045458558395574306e-01
6.886700000000000000e+04 1.265467311748455392e+00 1.575812362848271198e-01
6.886800000000000000e+04 1.207443075248503694e+00 2.482555594660540432e-03
6.888400000000000000e+04 1.171871231236013999e+00 1.418108379330803026e-01
6.889200000000000000e+04 1.170758413697130962e+00 1.334831514854193102e-01
6.889300000000000000e+04 1.146305975209969574e+00 1.302338251536112046e-01
6.889400000000000000e+04 9.828449393234027776e-01 1.910863681343927256e-02
6.890400000000000000e+04 1.233902476231053980e+00 1.202021471353341697e-01
6.890500000000000000e+04 1.115691435361891859e+00 -1.299368026687813468e-02
6.891700000000000000e+04 1.061833860998934842e+00 3.701814795579847633e-02
6.891800000000000000e+04 1.004178739571390366e+00 2.389125120339041439e-02
6.892200000000000000e+04 1.016892536824768323e+00 4.943426233367729378e-02
6.892300000000000000e+04 1.206817308280000889e+00 1.245338525144712577e-01
6.892400000000000000e+04 1.162015128810979236e+00 1.475862127081119524e-01
6.892500000000000000e+04 1.020844185727026288e+00 -6.234226697357832248e-02
6.893700000000000000e+04 1.233895174762770219e+00 7.552955171303635251e-02
6.893800000000000000e+04 1.205714279592300375e+00 1.885667065715515289e-01
6.893900000000000000e+04 1.195706470762482487e+00 1.012479733083781752e-01
6.894000000000000000e+04 1.144558184845109849e+00 8.481435867445349941e-02
6.894900000000000000e+04 9.721711506638619493e-01 5.304915999895026130e-02
6.895000000000000000e+04 1.055211902911381561e+00 2.532403153771502213e-02
6.895100000000000000e+04 1.093536448136675387e+00 -1.239657663698325168e-01
6.895200000000000000e+04 1.172213352749730042e+00 -6.581999073180683224e-02
6.895300000000000000e+04 1.228573720371238132e+00 -4.796157373226517945e-02
6.895400000000000000e+04 1.147499317228708016e+00 -7.281617776608882708e-02
6.895500000000000000e+04 1.249228765526151586e+00 4.698112619732040113e-02
6.895600000000000000e+04 1.217976706505154549e+00 4.678286626634635403e-02
6.895700000000000000e+04 1.204561349635737022e+00 -5.866814913160287720e-02
6.895800000000000000e+04 1.252222425100640635e+00 5.566244858915050248e-02
6.895900000000000000e+04 1.267940421226238845e+00 9.626811231043216899e-02
6.896000000000000000e+04 1.184936140784704106e+00 1.148249048020638791e-01
6.896100000000000000e+04 1.158969603695394923e+00 5.874203784498745196e-02
6.897500000000000000e+04 1.191607204140517462e+00 -1.141861069994937472e-01
6.897600000000000000e+04 1.147254804184848931e+00 -5.044892178021763429e-02
6.897700000000000000e+04 1.146334641755774486e+00 2.913081133818008414e-03
6.897900000000000000e+04 1.160360630403740378e+00 6.571481313493010568e-02
6.898000000000000000e+04 1.122339893450841730e+00 4.412921707782461317e-02
6.898100000000000000e+04 1.185095529294114769e+00 4.457406651893718041e-02
6.898200000000000000e+04 1.217879648381111179e+00 1.278290931538540176e-01
6.898300000000000000e+04 1.206431752332566054e+00 1.460388543910781101e-01
6.898400000000000000e+04 1.184242855426811625e+00 4.193561024166889140e-02
6.898500000000000000e+04 1.113710673309048493e+00 -1.892684752191133718e-02
6.899800000000000000e+04 1.170105051682532205e+00 -8.469471219828814124e-02
6.899900000000000000e+04 1.136204361024487186e+00 7.575541757923677684e-04
6.900000000000000000e+04 1.189084182137505330e+00 3.529173752101250755e-02
6.900100000000000000e+04 1.020504921931730147e+00 2.355953743737878789e-02
6.900200000000000000e+04 1.166745617866648654e+00 4.611071299604753773e-03
6.900300000000000000e+04 1.258498728148564894e+00 6.854390880546946951e-02
6.900400000000000000e+04 1.162688831152610458e+00 9.527029740778304723e-02
6.900500000000000000e+04 1.147850269913252674e+00 4.325618118832944003e-02
6.900600000000000000e+04 1.178765157928722385e+00 9.339762687774876004e-02
6.900700000000000000e+04 1.080927163637861455e+00 -2.654297310034740148e-02
6.901800000000000000e+04 1.148817120252499935e+00 -2.000920299713656800e-02
6.901900000000000000e+04 1.168823673034737665e+00 9.565212551705858102e-02
6.902000000000000000e+04 1.182240086760121045e+00 -2.633757100996693759e-02
6.902100000000000000e+04 1.203189243140899034e+00 2.353587832940018734e-02
6.902200000000000000e+04 1.280732177962667473e+00 1.091252576604207908e-01
6.903500000000000000e+04 1.207903925678425638e+00 7.379261548455300079e-02
6.903600000000000000e+04 1.250177230196681366e+00 1.182437380017279521e-01
6.903700000000000000e+04 1.179749130532619317e+00 -4.237750494617727876e-02
6.903800000000000000e+04 1.190305705730971830e+00 2.615946334289977540e-02
6.903900000000000000e+04 1.273624137623402319e+00 9.825102596392178145e-02
6.904000000000000000e+04 1.170717231860190610e+00 8.288051758035515360e-02
6.904100000000000000e+04 1.231636596689990260e+00 8.822595117644935203e-02
6.904200000000000000e+04 1.133762989560740175e+00 -3.865602499418455129e-02
6.905500000000000000e+04 1.058155303685329951e+00 -8.030549667833279670e-02
6.905600000000000000e+04 1.220044597818473964e+00 9.476226401802059773e-02
6.905700000000000000e+04 1.025636834301206779e+00 -7.370936957866443262e-02
6.905800000000000000e+04 1.295667018073231702e+00 1.523381520525986521e-01
6.906000000000000000e+04 1.106226961892860405e+00 9.790551595838933863e-02
6.907100000000000000e+04 1.094927580381686028e+00 -1.020467661586120650e-01
6.907200000000000000e+04 1.109889599923381764e+00 -5.284495146843537494e-02
6.907300000000000000e+04 1.122023281511406623e+00 -3.338334204508916492e-02
6.907400000000000000e+04 1.112634611231684723e+00 2.333268365846516423e-02
6.907500000000000000e+04 1.110693478923529209e+00 -3.471577644268881990e-02
6.911300000000000000e+04 9.664113966807285072e-01 -1.011828939144978207e-01
6.911400000000000000e+04 1.099926227183003258e+00 -9.779366316466900355e-02
6.916500000000000000e+04 1.125896522515103637e+00 -1.579951628257540014e-02
6.925600000000000000e+04 9.885180221814112711e-01 -3.769262761229252856e-02
6.938100000000000000e+04 1.094214037988017418e+00 1.092111487637863754e-01
6.938200000000000000e+04 1.078354326855251566e+00 1.499594166827331321e-01
6.938400000000000000e+04 1.078482344310031316e+00 -1.343659929784588904e-02
6.938500000000000000e+04 1.119981254386122060e+00 -1.929414519152707703e-05
6.938600000000000000e+04 1.060659152934981586e+00 -5.946686611597373079e-02
6.938700000000000000e+04 1.067375058769086005e+00 -5.457027344489168152e-02
6.947000000000000000e+04 1.026660349913292247e+00 3.057305334337691305e-02
6.947400000000000000e+04 1.043473744452058316e+00 -2.690317136144166482e-03
6.947600000000000000e+04 1.093843804231716454e+00 -3.400497650786711568e-02
6.947700000000000000e+04 1.045818655961572086e+00 -4.724446906003625102e-02
6.947800000000000000e+04 1.107982678951774602e+00 -9.655055901894513126e-02
6.950000000000000000e+04 8.659784556226064467e-01 7.475064307599024738e-02
6.950400000000000000e+04 1.093106122235927069e+00 -3.026043280818650847e-03
6.950500000000000000e+04 1.032341318855187762e+00 -4.109434743950651781e-02
6.950600000000000000e+04 1.038918719026555415e+00 -6.592775353421202744e-02
6.950700000000000000e+04 1.048413571937432343e+00 2.817741111278294908e-02
6.950800000000000000e+04 9.861299071883267153e-01 -1.075866507920604370e-01
6.952900000000000000e+04 1.055321716066598414e+00 1.101660016923371038e-01
6.978800000000000000e+04 1.001863321733603263e+00 -1.211913406271314733e-02
6.978900000000000000e+04 1.194835162446865162e+00 7.296243369323922312e-02
6.979000000000000000e+04 1.111805409897883568e+00 9.603705853857233410e-02
6.979100000000000000e+04 1.293616197955587355e+00 2.718297131629422367e-03
6.979200000000000000e+04 1.285351932972630618e+00 4.072153852360560489e-02
6.982700000000000000e+04 1.112476813094753769e+00 4.570328093792935462e-03
6.983200000000000000e+04 1.026959237086524146e+00 -1.566221658574244169e-01
6.983300000000000000e+04 1.054554223874735408e+00 -7.640215623524669597e-02
6.983400000000000000e+04 1.008558684533624961e+00 -1.704640803650309955e-01
6.991700000000000000e+04 1.037293431464016535e+00 -5.013398884142207523e-02
6.991800000000000000e+04 1.098228927077353756e+00 2.483179081425676213e-02
6.992100000000000000e+04 1.058030308630460326e+00 1.101909197416435157e-02
6.992400000000000000e+04 1.116712427177370071e+00 -6.720203473258683224e-02
6.992500000000000000e+04 1.087992100947984264e+00 1.950392555308855247e-01
6.997400000000000000e+04 8.581964456190286361e-01 6.942649330211759368e-03
7.019300000000000000e+04 1.237749243611939498e+00 1.052824189105506791e-01
7.019900000000000000e+04 1.146738027098014978e+00 -7.288071735397299612e-03
7.030900000000000000e+04 1.083026438524453905e+00 -3.405549019483208872e-02
7.038800000000000000e+04 1.117843019785601522e+00 6.135052513860505402e-02
7.042600000000000000e+04 9.897905035536130880e-01 3.371103821927028121e-02
7.044500000000000000e+04 8.084964698651623261e-01 1.250729545223859887e-02
7.044600000000000000e+04 1.051372492480483922e+00 4.454733187265477040e-02
7.044700000000000000e+04 1.040926270398023101e+00 1.998243766033880320e-01
7.046900000000000000e+04 1.127882902497578277e+00 5.058060537501924553e-02
