4.713200000000000000e+04 1.080171355454794258e+00 1.275960398301504047e-02
4.713300000000000000e+04 1.015702014202927606e+00 -8.342436954831269902e-02
4.713400000000000000e+04 1.058256667416709096e+00 -2.225995286185574254e-02
4.713500000000000000e+04 1.042414618696072992e+00 -7.891677899868196344e-02
4.713600000000000000e+04 1.122133211130283525e+00 3.777069782661978542e-02
4.713700000000000000e+04 1.043326963882976965e+00 -1.676257037010136786e-01
4.716900000000000000e+04 9.193464898542772490e-01 -9.315582154937800119e-02
4.717800000000000000e+04 1.219106625162729607e+00 1.997415378771009303e-02
4.717900000000000000e+04 1.259949775621959311e+00 3.619327330288307776e-02
4.718000000000000000e+04 9.935206536484609829e-01 -1.378952133142751640e-02
4.718100000000000000e+04 1.063159013924232843e+00 -4.676880542850109929e-02
4.718200000000000000e+04 1.027972890295824948e+00 -3.151725008572062517e-03
4.718300000000000000e+04 1.110268081893029501e+00 5.268397252632690125e-03
4.718400000000000000e+04 1.080644876889219175e+00 -9.602410056300429708e-02
4.718500000000000000e+04 9.364210035784235053e-01 2.835415783867380538e-02
4.721600000000000000e+04 9.794135535129897541e-01 -3.081000081860912204e-02
4.721700000000000000e+04 9.290453598736942986e-01 -3.471604515284094916e-02
4.722300000000000000e+04 1.190990991131331889e+00 -9.083436051484164442e-03
4.722400000000000000e+04 1.182576576906342991e+00 7.687759459831779163e-02
4.722500000000000000e+04 1.239613120847634864e+00 5.874177989246801013e-02
4.722600000000000000e+04 1.153469067214897947e+00 -3.710824791186290161e-02
4.722700000000000000e+04 1.246871391556085618e+00 4.214587391425540092e-02
4.722800000000000000e+04 9.865052023798212000e-01 -6.686561848543893724e-03
4.722900000000000000e+04 1.058352931765797367e+00 -1.611587681381966841e-01
4.723000000000000000e+04 1.020706059728567316e+00 -8.181835895865130492e-02
4.724700000000000000e+04 9.636744231279443795e-01 2.563494347180650390e-02
4.724800000000000000e+04 9.664355881678406979e-01 -9.927342523369199478e-02
4.725400000000000000e+04 1.194861106310204590e+00 3.217743045449091704e-02
4.725500000000000000e+04 1.204176119610981921e+00 -4.058245280946559674e-03
4.725600000000000000e+04 1.098106322370119070e+00 -2.688488649210155415e-02
4.725700000000000000e+04 1.192707336294045684e+00 1.796005418509106361e-02
4.725800000000000000e+04 1.027722319931533734e+00 -6.596791017507980248e-02
4.725900000000000000e+04 1.101217989435559597e+00 -1.101653449161069387e-01
4.726100000000000000e+04 1.045541198857116605e+00 9.767733160629137393e-03
4.726200000000000000e+04 9.812941773305536852e-01 -1.420659878333220827e-01
4.726300000000000000e+04 1.012611892662020008e+00 -1.127934748165849571e-01
4.726400000000000000e+04 1.024929482949402670e+00 -4.208997869455217283e-02
4.726600000000000000e+04 9.874117043590127096e-01 -1.798068887546210026e-02
4.728400000000000000e+04 1.302764119843831558e+00 1.114922533456711440e-01
4.728500000000000000e+04 1.291376146992664342e+00 6.552336890326874996e-02
4.728600000000000000e+04 1.189015594119675168e+00 6.433077655597799205e-02
4.728700000000000000e+04 1.266793440724775843e+00 4.353695637341151170e-02
4.728800000000000000e+04 1.186888521796886753e+00 3.773046710209328886e-02
4.728900000000000000e+04 1.045665325326134765e+00 -1.030501662145395930e-01
4.729200000000000000e+04 1.124830731919599591e+00 -2.103325237703032591e-02
4.729300000000000000e+04 1.082881143685340275e+00 -1.597456467083646359e-01
4.729400000000000000e+04 1.051824824889938004e+00 -5.917135660601834796e-02
4.729500000000000000e+04 1.064817249704515856e+00 -2.098866177525654519e-02
4.729600000000000000e+04 1.067038017922360638e+00 -2.777846431595710000e-02
4.731000000000000000e+04 9.113234542515983305e-01 -4.284118679902189364e-02
4.732000000000000000e+04 1.042865476946865044e+00 -1.566573406754938058e-01
4.732100000000000000e+04 9.884965961375440369e-01 -3.951969750856792335e-02
4.732500000000000000e+04 1.012161472282579355e+00 -1.839633124934159439e-02
4.732600000000000000e+04 9.724118695393363376e-01 -1.000388805110674073e-01
4.732700000000000000e+04 1.019396104311373952e+00 -2.737956214448891007e-02
4.732900000000000000e+04 1.149019163309570324e+00 5.143238814309415707e-02
4.733000000000000000e+04 1.012904029494921643e+00 -9.312766027944854863e-03
4.737500000000000000e+04 1.136437681580147574e+00 7.853704781646411726e-02
4.737700000000000000e+04 1.017400451010489038e+00 -1.503766320838469672e-01
4.737800000000000000e+04 9.854001077466665315e-01 -1.262836932835199877e-01
4.737900000000000000e+04 9.936524904596978347e-01 -2.016706603678619647e-01
4.738000000000000000e+04 9.266112633300462864e-01 -2.068089380058795723e-01
4.738100000000000000e+04 9.643301057656439301e-01 -1.428776274054323892e-01
4.738200000000000000e+04 9.622718197098160120e-01 -1.929412879439885986e-01
4.738300000000000000e+04 1.077352130281832743e+00 -8.561417000383383935e-02
4.738400000000000000e+04 9.858546243260276620e-01 -1.027555159348656905e-01
4.738600000000000000e+04 1.133113136571464175e+00 -2.342694143996213244e-02
4.741400000000000000e+04 1.133410425222810325e+00 8.850189593748176986e-03
4.741500000000000000e+04 9.607273379665992596e-01 -2.452351445137955152e-02
4.741600000000000000e+04 9.765279667227777516e-01 -6.432712728440566352e-02
4.741700000000000000e+04 1.107429426510300408e+00 -2.415648570808362830e-02
4.741800000000000000e+04 9.807129458649218590e-01 -1.898731821665190778e-01
4.741900000000000000e+04 1.093477336888662776e+00 3.063296648491058843e-02
4.742000000000000000e+04 1.045162663938300263e+00 -1.852830698625182737e-01
4.742100000000000000e+04 1.092316606448821670e+00 -1.149936037654306215e-01
4.742200000000000000e+04 1.083217961549604702e+00 -5.420192502308446986e-02
4.742300000000000000e+04 1.069798863616322038e+00 2.174268987046334284e-02
4.745400000000000000e+04 1.192273624408751953e+00 3.313845320630075253e-02
4.745500000000000000e+04 1.250409816277358477e+00 5.930185265606364997e-02
4.745600000000000000e+04 9.834591852946492629e-01 -5.965776523337629200e-02
4.745700000000000000e+04 1.005446513711227174e+00 -4.784261438759179752e-02
4.745800000000000000e+04 1.104318437708419864e+00 -7.973439118427722017e-02
4.745900000000000000e+04 1.005670651709675179e+00 -4.820392538504611468e-02
4.746000000000000000e+04 8.605066017449393145e-01 -6.257033104147829983e-02
4.746100000000000000e+04 1.056286230929228243e+00 3.512616394432688943e-02
4.746200000000000000e+04 1.021133973823080243e+00 1.361533659282217201e-02
4.746300000000000000e+04 1.125401671272068249e+00 5.191922873935617133e-02
4.746600000000000000e+04 1.175914503850052029e+00 1.008695631420379255e-02
4.749600000000000000e+04 1.047976972742177271e+00 -7.010925603169389231e-02
4.749700000000000000e+04 9.537820827929611722e-01 -1.454135148474207939e-01
4.749800000000000000e+04 1.043812955525499797e+00 -1.019858401903697559e-01
4.749900000000000000e+04 1.049236022842477078e+00 5.208404358720460786e-02
4.750000000000000000e+04 1.088048020858738418e+00 -8.956376149127107111e-02
4.750100000000000000e+04 1.046754962504125697e+00 -2.853555188710443086e-02
4.750200000000000000e+04 1.023904636281841585e+00 -2.522999764482043022e-02
4.750300000000000000e+04 1.036752575292883005e+00 7.207679962623368859e-03
4.750400000000000000e+04 1.049521820140095762e+00 -4.932060424281236449e-02
4.750500000000000000e+04 1.101719294152694095e+00 6.716898433199476950e-03
4.751700000000000000e+04 1.008794572269843925e+00 -8.704197642659351752e-02
4.751800000000000000e+04 9.415620205604627868e-01 3.524174938526047213e-02
4.751900000000000000e+04 1.108906571240376948e+00 1.362544483731174816e-01
4.752000000000000000e+04 1.046491868747356113e+00 -4.144290814684297580e-02
4.752100000000000000e+04 1.010199092539836085e+00 -3.306656085753888197e-02
4.752200000000000000e+04 1.098993100664202860e+00 -6.140134875668663839e-02
4.752300000000000000e+04 1.078243936077717624e+00 -3.321823358294766909e-02
4.752400000000000000e+04 1.001135046199910006e+00 1.054729300190890718e-03
4.752500000000000000e+04 1.066332533474593669e+00 2.500251397725774399e-02
4.754300000000000000e+04 9.963800789713883610e-01 -1.254209442966750521e-01
4.754400000000000000e+04 1.026161598763125848e+00 2.566533777008792733e-02
4.754500000000000000e+04 9.813159274461158432e-01 -4.003648599444991490e-02
4.754600000000000000e+04 1.082148626072924946e+00 -8.882895913029076329e-02
4.754700000000000000e+04 1.059629611290128892e+00 -3.649945237168446266e-03
4.754800000000000000e+04 9.760159771791478978e-01 1.556424533679223038e-03
4.755000000000000000e+04 1.047615752600114858e+00 8.370287343596079233e-02
4.756000000000000000e+04 9.699100676191632076e-01 -6.085160621606242742e-02
4.756100000000000000e+04 1.085420842235447658e+00 -1.277935775979422706e-01
4.756200000000000000e+04 1.047829131520626289e+00 -1.296471330997099429e-02
4.756300000000000000e+04 1.098728758379399872e+00 -3.257123824048038102e-02
4.756400000000000000e+04 1.138479075463198820e+00 4.807413038203926098e-02
4.757400000000000000e+04 9.266608614315027248e-01 -4.406518328337977186e-02
4.757500000000000000e+04 1.073180838312361773e+00 3.174720242164902340e-02
4.757600000000000000e+04 1.093964069055324950e+00 6.389919133352640890e-02
4.758100000000000000e+04 1.091698615873583522e+00 1.055858535641882381e-02
4.758200000000000000e+04 8.772183905500160472e-01 -4.355567916170032666e-02
4.774100000000000000e+04 1.115031192544054139e+00 2.281040675379716887e-02
4.774200000000000000e+04 1.039765273475760532e+00 -1.680869271106333607e-01
4.774300000000000000e+04 1.159548110966830636e+00 5.203038735556532457e-02
4.774400000000000000e+04 1.070687265143629663e+00 -6.959706015301984905e-02
4.774700000000000000e+04 1.026699117345762247e+00 -1.269881027703415599e-01
4.775100000000000000e+04 1.000810412464367527e+00 -2.441006964773677693e-02
4.775200000000000000e+04 1.079213510329027015e+00 -1.408262280027735014e-01
4.775300000000000000e+04 1.022140737819650758e+00 -1.007751366020441242e-01
4.780200000000000000e+04 1.119704265053453440e+00 6.711679715082383146e-02
4.780300000000000000e+04 9.986590797779880679e-01 -1.255363142111213526e-01
4.780400000000000000e+04 1.001579544618333983e+00 -1.506481209399496701e-01
4.780500000000000000e+04 1.074211958530273403e+00 -7.482623672122942771e-02
4.780600000000000000e+04 1.047013443033032898e+00 -1.108399326479653779e-01
4.780700000000000000e+04 1.027102555418293317e+00 -8.434885250634199805e-02
4.780800000000000000e+04 9.808448995679909244e-01 -7.075840059113121423e-03
4.780900000000000000e+04 9.958570770160377617e-01 -1.445933020858055362e-01
4.781000000000000000e+04 1.072453185252716379e+00 -7.402356303037405105e-02
4.781100000000000000e+04 1.104029446749777099e+00 4.558618233288812271e-02
4.781200000000000000e+04 1.055557990696427195e+00 -4.057895278992566801e-02
4.781300000000000000e+04 1.092995763368533657e+00 -1.042325999705553258e-01
4.781400000000000000e+04 9.910944564883714669e-01 -1.043140852482545011e-01
4.781500000000000000e+04 1.027419793850408158e+00 -1.159539970733177577e-01
4.782700000000000000e+04 1.062610317950462457e+00 -4.467711708126651665e-02
4.782800000000000000e+04 1.001234810341084858e+00 -6.582732023910611852e-02
4.782900000000000000e+04 1.047956002764994787e+00 -1.980484593579092401e-01
4.783000000000000000e+04 1.044326183576409717e+00 -1.089596338607402501e-02
4.783100000000000000e+04 9.657669358901485035e-01 -6.307577247128023923e-02
4.783200000000000000e+04 9.542458816330917637e-01 -4.151074149867295393e-02
4.783300000000000000e+04 9.371119094879181155e-01 -6.590224644274184085e-02
4.783400000000000000e+04 9.752826251187192153e-01 -8.958118699423571474e-02
4.783500000000000000e+04 1.045938141445619696e+00 -4.429637811298269695e-02
4.783600000000000000e+04 1.080471853089885359e+00 -6.528380940643812701e-04
4.783700000000000000e+04 9.911651751829215762e-01 -2.003810566489753753e-01
4.783800000000000000e+04 1.062420687433481392e+00 -6.659877430455166114e-02
4.783900000000000000e+04 1.037861582228576385e+00 -3.355804015015434461e-02
4.784000000000000000e+04 9.196884640628013585e-01 -2.624953993807112307e-03
4.784100000000000000e+04 1.061957326422809489e+00 -1.307839402886288027e-01
4.785500000000000000e+04 1.145350236980009928e+00 4.629985600592677331e-02
4.785600000000000000e+04 1.004341939580468690e+00 -4.226504881925918083e-02
4.785700000000000000e+04 9.785824892524042085e-01 -1.143738962498703771e-01
4.785800000000000000e+04 1.026532754287012406e+00 -1.141849836024545484e-01
4.785900000000000000e+04 1.056744813559300056e+00 -1.053734131005478331e-01
4.786000000000000000e+04 9.617714481734623844e-01 -1.386899809732574651e-01
4.786100000000000000e+04 1.017196475010892609e+00 -5.912438269129954849e-02
4.786200000000000000e+04 1.035388160696640414e+00 -6.344251440929465913e-02
4.786300000000000000e+04 9.598671282414013017e-01 -1.095230470260530158e-02
4.786400000000000000e+04 1.007493963600504916e+00 -3.615799442391617966e-03
4.786500000000000000e+04 1.276505018851961326e+00 -5.818845425078471301e-02
4.786600000000000000e+04 1.029724017710764494e+00 -1.558575108409352705e-01
4.786700000000000000e+04 1.113821172192677622e+00 -4.481939654947501850e-02
4.786800000000000000e+04 1.001454381272308680e+00 -7.621364429894178505e-02
4.786900000000000000e+04 1.092574068114545716e+00 8.482905994983212794e-03
4.787000000000000000e+04 9.833302891534122514e-01 -1.003236937110958682e-01
4.788600000000000000e+04 1.077823282570500085e+00 -8.208460405972067483e-03
4.788700000000000000e+04 1.065742881226758421e+00 9.161250294244565467e-03
4.788800000000000000e+04 9.992590667468395083e-01 -8.131866845831653423e-02
4.788900000000000000e+04 1.057180555755905305e+00 -3.874382797282849289e-02
4.789000000000000000e+04 9.926801130736784273e-01 -3.075377898439943247e-02
4.789100000000000000e+04 9.910700376078409590e-01 -7.288008584749471053e-02
4.789200000000000000e+04 1.094027085778098929e+00 -2.863380561896044368e-02
4.789300000000000000e+04 1.073217538081175704e+00 -1.275682347379035984e-02
4.789400000000000000e+04 1.028978527775600949e+00 -4.261380522563273932e-02
4.789600000000000000e+04 1.070153031098660446e+00 -6.572534377255163929e-02
4.789700000000000000e+04 9.414717649636789032e-01 -4.070534517407645159e-03
4.789800000000000000e+04 1.063317054485172442e+00 -1.619040085292120235e-01
4.789900000000000000e+04 1.035021516553978005e+00 -1.292317002723051000e-01
4.790000000000000000e+04 1.017062927891249968e+00 -8.782355130899463513e-02
4.791100000000000000e+04 1.155314651967175310e+00 -8.043984907386468597e-03
4.791200000000000000e+04 1.076591195761776421e+00 -4.833383010950383085e-02
4.791300000000000000e+04 1.001625251387758375e+00 -1.581361800071651447e-01
4.791400000000000000e+04 1.057566384877834054e+00 -5.003375505128788980e-02
4.791500000000000000e+04 1.052658585165530125e+00 -1.104824238153348792e-01
4.791600000000000000e+04 9.467468890955562655e-01 -5.855334518010745642e-02
4.791700000000000000e+04 1.028604019427836080e+00 -6.155926230072902156e-02
4.791800000000000000e+04 9.708928466895521137e-01 -7.534875887294126273e-02
4.791900000000000000e+04 1.060917015285718357e+00 -7.530419837856584808e-02
