7.047000000000000000e+04 1.075658113456833931e+00 -5.121772595298303837e-02
7.047400000000000000e+04 1.033656575586904935e+00 5.835502957480923764e-02
7.047900000000000000e+04 1.034352068815681758e+00 -5.496522052752646215e-02
7.048900000000000000e+04 1.011218343218633020e+00 -6.751203668508713729e-02
7.049000000000000000e+04 1.109654238070900689e+00 6.082933067109925346e-02
7.049100000000000000e+04 9.364687985422506245e-01 -8.696684190086338695e-02
7.049200000000000000e+04 1.153963837518722668e+00 5.149331531644774085e-02
7.049300000000000000e+04 1.069212654925701500e+00 2.015329219602982665e-03
7.049500000000000000e+04 1.019316226319187946e+00 3.734096587222186098e-02
7.051700000000000000e+04 1.067038097204549230e+00 -7.016016044568050558e-02
7.051800000000000000e+04 1.125236131488771774e+00 -1.420274187168545955e-02
7.077700000000000000e+04 1.067483509836312905e+00 -2.724769231057066685e-02
7.077800000000000000e+04 1.067794959482232464e+00 4.049793923679591290e-02
7.078000000000000000e+04 1.157284661299799788e+00 4.088379160587893996e-02
7.081200000000000000e+04 9.159978425913879452e-01 -1.399362910071485187e-02
7.096600000000000000e+04 1.018969394217458913e+00 -6.147015193398635419e-02
7.096700000000000000e+04 1.117489713395347861e+00 -4.320397476726611785e-02
7.097100000000000000e+04 1.112325908209680803e+00 -9.758280359773932600e-02
7.097200000000000000e+04 1.139984636429697717e+00 -7.071530030442629844e-02
7.097300000000000000e+04 1.081977634578168423e+00 2.676882535394254845e-02
7.097400000000000000e+04 1.154977097396753472e+00 -8.650283471790394529e-02
7.097500000000000000e+04 1.051043851321482370e+00 -7.110311833399617087e-02
7.097600000000000000e+04 1.070130173767793513e+00 -8.156738838437818662e-02
7.097700000000000000e+04 1.071439239372779850e+00 -6.303184667269286570e-03
7.098800000000000000e+04 1.036257524804236496e+00 1.425021897828780866e-02
7.203000000000000000e+04 1.091957556632677351e+00 5.375029252425106430e-02
7.220700000000000000e+04 1.112948091950651364e+00 6.154356804718224931e-03
7.220900000000000000e+04 1.103943241340658910e+00 3.382509006572185194e-03
7.221000000000000000e+04 1.091357606139742975e+00 -7.033907097937726338e-02
7.221100000000000000e+04 9.828695277240301342e-01 1.936504898772420935e-01
7.221200000000000000e+04 1.010895098151960214e+00 -4.244744625681218242e-02
7.272000000000000000e+04 1.022620106830701259e+00 -1.215537674846942084e-02
7.281700000000000000e+04 9.331676313108733245e-01 -9.330378072996178829e-02
7.283900000000000000e+04 1.147502881646027317e+00 9.017962530210170413e-02
7.284100000000000000e+04 1.108999127886766578e+00 -4.856941772633757703e-02
7.284200000000000000e+04 1.066983808407801160e+00 6.253387030440570038e-02
7.284300000000000000e+04 1.107731986412843650e+00 1.254003697502962533e-01
7.286000000000000000e+04 1.056174567826339450e+00 2.611004835097119597e-03
7.286100000000000000e+04 9.419124079809089167e-01 6.916775129717633863e-02
7.286300000000000000e+04 9.138999798391516105e-01 -6.107610420623822700e-02
7.286400000000000000e+04 9.241845988977785975e-01 7.445132811079971380e-02
7.286700000000000000e+04 1.042608774598779986e+00 1.408540414542031050e-01
7.289000000000000000e+04 1.089247183756720139e+00 5.699192029875018752e-03
7.289300000000000000e+04 1.068033680285510156e+00 9.554109844327660084e-02
7.289400000000000000e+04 1.063708955925828148e+00 1.728938959801272490e-01
7.289800000000000000e+04 1.106775286270295089e+00 7.558619084167929499e-03
7.290000000000000000e+04 1.070607282428309937e+00 -1.517047919170671534e-03
7.290200000000000000e+04 1.023426983124490652e+00 4.549226342600965617e-02
7.290300000000000000e+04 8.699415252134821142e-01 1.045984497505354494e-01
7.290400000000000000e+04 1.001632816373140500e+00 1.588289729892878310e-01
7.291500000000000000e+04 9.364640782950549580e-01 -1.583191802582751412e-02
7.291600000000000000e+04 9.794676982090086970e-01 -2.322509073904222357e-02
7.291700000000000000e+04 8.930248452126884340e-01 -9.007360628692454019e-02
7.292200000000000000e+04 1.107822507872705975e+00 -2.529580917130947945e-02
7.292300000000000000e+04 1.023776424477317537e+00 1.551008496695744331e-02
7.295200000000000000e+04 1.080236158377954059e+00 1.074539653474777118e-01
7.295300000000000000e+04 8.902405099311595515e-01 1.149539262335754486e-01
7.295400000000000000e+04 1.015547599901529097e+00 1.830016825798692071e-01
7.295500000000000000e+04 1.063728309980317643e+00 1.276957006017404306e-01
7.295600000000000000e+04 1.047165884774818201e+00 6.171514424583002256e-02
7.295700000000000000e+04 9.842218240472175861e-01 3.929798463556630206e-02
7.295800000000000000e+04 1.044701305200205432e+00 2.327759968091542772e-02
7.295900000000000000e+04 1.032416807193356600e+00 -7.819997651734352656e-03
7.298500000000000000e+04 9.902941102089972691e-01 4.159238953459507004e-02
7.300800000000000000e+04 1.018501057313525582e+00 5.967436749869836805e-03
7.303200000000000000e+04 1.070277136630872761e+00 -2.199260991558188178e-03
7.303300000000000000e+04 1.074637425280308811e+00 -7.931360619912784793e-02
7.303500000000000000e+04 1.064657354636608266e+00 3.649181744013514465e-03
7.303600000000000000e+04 1.042626740484182024e+00 6.237964202641146927e-02
7.303700000000000000e+04 1.069042680909721543e+00 -6.758802478253066008e-03
7.303800000000000000e+04 1.128100431254185576e+00 5.437348650923282123e-02
7.304100000000000000e+04 1.011251011206057093e+00 9.674139317229343837e-02
7.304200000000000000e+04 1.016166549075498748e+00 1.282644204573441526e-01
7.306100000000000000e+04 1.078229662154110313e+00 4.597399984991126787e-02
7.306200000000000000e+04 9.571501681374007253e-01 2.261706038414078648e-02
7.312600000000000000e+04 9.383231942532996861e-01 8.028326009488583048e-02
7.315300000000000000e+04 1.148848219455715691e+00 5.102937441521265827e-02
7.322100000000000000e+04 1.356192832003916715e+00 7.880116833246024466e-02
7.322200000000000000e+04 1.149103684645998324e+00 2.474810936277304849e-02
7.424200000000000000e+04 1.079698700355534724e+00 1.928563672445743893e-01
7.424500000000000000e+04 1.036830718695989306e+00 4.443486006183897802e-02
7.425600000000000000e+04 9.611736911311616893e-01 -2.621182243613385046e-02
7.425800000000000000e+04 1.086895682023031107e+00 1.862306784382627978e-02
7.425900000000000000e+04 1.017827079955264002e+00 -9.576027728884915075e-03
7.426100000000000000e+04 1.112589188941677021e+00 6.565646500537970776e-02
7.426300000000000000e+04 1.022615417012112449e+00 3.931413887850834094e-02
7.426500000000000000e+04 7.975085401600652268e-01 -6.896298016209490012e-02
7.439400000000000000e+04 1.105608816666983962e+00 3.913066124761938741e-02
7.439600000000000000e+04 1.070675355012378871e+00 3.669721095122246979e-02
7.439800000000000000e+04 1.138286888794152185e+00 2.639186190502089413e-02
7.440000000000000000e+04 1.097447068361993461e+00 8.253496143937680274e-02
7.440200000000000000e+04 1.049140952345560818e+00 -2.103416643523374485e-02
7.440400000000000000e+04 9.251449948394088185e-01 -5.319241193405574442e-02
7.501500000000000000e+04 1.204174670401930491e+00 4.346245708872659846e-02
7.504700000000000000e+04 1.064715254611436679e+00 -4.056828023253735566e-02
7.536300000000000000e+04 9.581995831310702316e-01 -5.687673444339708118e-03
7.541100000000000000e+04 1.072329055949897247e+00 3.189630889030459215e-02
7.541300000000000000e+04 1.036856743261430625e+00 -6.082404240850555754e-02
7.541500000000000000e+04 1.241418837622720206e+00 2.321615622715829386e-02
7.541700000000000000e+04 1.055424914540627812e+00 1.872297762834157150e-04
7.541900000000000000e+04 1.060820818920147568e+00 -9.660163622540081374e-02
7.542100000000000000e+04 1.292447490727523407e+00 1.182560994641510856e-02
7.542400000000000000e+04 1.246459421125222011e+00 -5.595643893908654187e-02
7.542600000000000000e+04 1.258055404215471906e+00 -8.130459532311461873e-03
7.542800000000000000e+04 1.380602364965828555e+00 7.787917648306372231e-02
7.543000000000000000e+04 1.287444273189000565e+00 2.584444155313245922e-02
7.544300000000000000e+04 1.114684679575125292e+00 -5.823609780084984013e-03
7.554700000000000000e+04 1.214103651157600661e+00 -1.773758816230234028e-02
7.554900000000000000e+04 1.259047581609876731e+00 -1.782277568984095770e-02
7.559600000000000000e+04 9.241273620546421874e-01 -2.401163464392436220e-02
7.717900000000000000e+04 9.693416314946534662e-01 4.400041006567295687e-03
7.718500000000000000e+04 1.024477836091829630e+00 6.292504171677580638e-02
7.739900000000000000e+04 1.010322509313007489e+00 -1.404333156207231148e-02
7.740100000000000000e+04 9.026705598883061343e-01 -8.152606660224889779e-02
7.740200000000000000e+04 1.009920403131788547e+00 3.856305091359190501e-02
7.740400000000000000e+04 9.502468274850395247e-01 1.258051188789154617e-01
7.740700000000000000e+04 1.032319535827873391e+00 -6.220794089918032371e-02
7.740800000000000000e+04 1.110221405748977874e+00 -5.476109745441478521e-02
7.752900000000000000e+04 1.105299406338647428e+00 6.187370289370274640e-02
7.753000000000000000e+04 1.035392353478537419e+00 2.696461530869225312e-02
7.753100000000000000e+04 9.610739345402478095e-01 -1.068291734559473627e-01
7.753400000000000000e+04 1.057223720722205718e+00 1.205507702480413945e-01
7.753500000000000000e+04 1.116956529951315780e+00 1.001731848825632328e-02
7.753600000000000000e+04 1.167344144720213084e+00 1.065046817877155355e-01
7.753700000000000000e+04 1.133968561338602354e+00 3.927717778170537744e-02
7.753800000000000000e+04 1.138859981941308774e+00 -3.088593790351005716e-02
7.753900000000000000e+04 1.029874357713187027e+00 -4.495942843244965514e-02
7.754000000000000000e+04 1.090144988426290595e+00 6.178320866619282231e-02
7.754100000000000000e+04 1.113642058074552299e+00 2.297880234583855527e-02
7.754200000000000000e+04 1.014800429999523690e+00 -3.488807988376421004e-02
7.754300000000000000e+04 1.054549057430430370e+00 2.822735547221855504e-02
7.814100000000000000e+04 9.079759581320321349e-01 3.222981245382308679e-02
7.814300000000000000e+04 9.330455624830797934e-01 -2.698496682585753773e-02
7.850500000000000000e+04 1.027427791411709146e+00 -5.181812581276269702e-02
7.851000000000000000e+04 1.053059314311125538e+00 8.504927303700168112e-03
7.852800000000000000e+04 9.699267373493370981e-01 2.177528303694510961e-02
7.853000000000000000e+04 1.045408602789237529e+00 -7.241910532113847443e-02
7.853400000000000000e+04 9.917510185564537561e-01 -8.668753344833442231e-02
7.853600000000000000e+04 1.116087659928758358e+00 -2.834031286845286809e-02
7.854100000000000000e+04 1.155094333678522656e+00 -1.083305026047495616e-02
7.858400000000000000e+04 9.976000599677689040e-01 5.668644290295594967e-02
7.859900000000000000e+04 1.086174552222290313e+00 -7.553543892114253366e-02
7.860300000000000000e+04 8.104546362614100108e-01 -4.462915369977848989e-02
7.932700000000000000e+04 1.125949031888456631e+00 5.039087801977569503e-02
7.934500000000000000e+04 1.165453368448129190e+00 3.030793435414037493e-02
7.936600000000000000e+04 1.135450579608877408e+00 -4.405919838147699663e-02
7.942800000000000000e+04 1.121722689264785133e+00 1.169531818089229597e-01
7.943000000000000000e+04 1.110656575432508841e+00 2.123967623709056840e-02
7.948000000000000000e+04 9.365741284408631850e-01 1.049796415127581123e-01
7.959100000000000000e+04 1.176252243948013421e+00 5.437250000930837247e-03
7.959200000000000000e+04 1.403631470775523304e+00 3.408699515940514374e-02
7.959300000000000000e+04 1.139956871448925435e+00 -3.438100980063407003e-02
7.959400000000000000e+04 1.150561880025919415e+00 9.048859527887578857e-02
7.959500000000000000e+04 1.065995336266478688e+00 2.964943340325742679e-02
7.959600000000000000e+04 1.196817771036937206e+00 1.001234992397312569e-02
7.959700000000000000e+04 1.167608072064051594e+00 4.065725188347050351e-02
7.960000000000000000e+04 1.068766871050477185e+00 -6.010809887373100117e-03
7.961400000000000000e+04 1.121363144868924966e+00 5.792574871761127508e-02
7.961500000000000000e+04 1.230206029887349173e+00 -1.564299465292061028e-02
7.961600000000000000e+04 1.228738147859137708e+00 1.644069698960274467e-02
7.961700000000000000e+04 1.158288346872947239e+00 -3.911274199913052085e-02
7.962000000000000000e+04 1.227305347408884861e+00 -6.387512560668870409e-02
7.962400000000000000e+04 1.173707579833969339e+00 3.709973503882514623e-02
7.962700000000000000e+04 1.129789299167859529e+00 -5.225170380370520312e-02
7.963100000000000000e+04 1.055363152563174367e+00 -4.900772122301598477e-02
7.963500000000000000e+04 1.215102089715859979e+00 -3.673937155394239179e-02
7.963700000000000000e+04 1.019593659014928377e+00 5.468898484320010994e-02
7.964100000000000000e+04 1.078443402669366336e+00 1.166971153605127626e-01
7.964200000000000000e+04 1.113829890292819425e+00 -6.470622366039796569e-02
7.964500000000000000e+04 1.064119520158083310e+00 1.863197172364554344e-02
7.965700000000000000e+04 1.196021559721962113e+00 1.446219437836114910e-03
7.966100000000000000e+04 1.122209431187267015e+00 9.611179846109259295e-02
7.966800000000000000e+04 1.016966386536884315e+00 9.020441427344172425e-02
7.966900000000000000e+04 1.003375123177023154e+00 2.506890932223186652e-02
7.970100000000000000e+04 1.102554372611858735e+00 -1.956248702024619701e-02
7.970200000000000000e+04 1.084001005470123680e+00 1.023383753554317488e-01
7.970400000000000000e+04 9.756552420505505419e-01 -2.997258067344342816e-02
7.970600000000000000e+04 1.045525081804566936e+00 -4.250311960959017588e-02
7.972300000000000000e+04 1.099503033973521227e+00 -1.703730836822260966e-02
7.973500000000000000e+04 1.132045787811613025e+00 -1.243279433607037123e-03
7.973800000000000000e+04 1.173277436864601286e+00 -3.627282447242392155e-02
7.974000000000000000e+04 8.161599486240254109e-01 3.481021513920751903e-02
7.974200000000000000e+04 1.100214814793530671e+00 6.764158281350799579e-03
7.974600000000000000e+04 1.160426948181348505e+00 -5.581155715653474819e-02
7.975200000000000000e+04 1.220605242742375252e+00 6.243264298706441284e-02
7.976200000000000000e+04 1.130445944545005021e+00 -3.047917447662044227e-02
7.976400000000000000e+04 1.114833100260339327e+00 2.635771586162862900e-03
7.978100000000000000e+04 1.144823595434120822e+00 -5.232553268332887364e-02
7.979000000000000000e+04 1.212118523379576374e+00 5.254859056179642801e-02
7.979200000000000000e+04 1.175104870246777011e+00 4.425488779077692975e-02
7.979700000000000000e+04 1.469897282944168992e+00 -1.732570656229684425e-02
7.979900000000000000e+04 1.131145497773839326e+00 -5.862537134619890539e-02
7.980100000000000000e+04 1.115393127298130116e+00 3.700912299306577391e-02
7.980300000000000000e+04 1.129682368468617470e+00 -1.007977025691468159e-01
7.980500000000000000e+04 1.114114801262361842e+00 -4.058274882864325306e-02
7.981900000000000000e+04 1.089392731899717415e+00 -3.112121297735164285e-02
7.982000000000000000e+04 1.119578938830386505e+00 -8.244293968674167028e-02
7.982400000000000000e+04 1.152397856049921732e+00 3.613234743434353552e-02
7.982500000000000000e+04 1.118509867310772732e+00 -6.270391763653970774e-02
7.982600000000000000e+04 1.063321084847871800e+00 -9.212066698184979974e-03
