8.500000000000000000e+04 1.070348722478730030e+00 1.116567297892149396e-01
8.500100000000000000e+04 1.017664717180138734e+00 -4.767908809190085639e-02
8.500200000000000000e+04 1.054399165644316572e+00 4.752548506499338493e-02
8.500300000000000000e+04 1.045892392058029197e+00 5.097805077211607638e-02
8.500900000000000000e+04 1.073705549688517946e+00 6.465324050046096505e-02
8.501000000000000000e+04 1.048208628559021527e+00 3.482918559697394806e-02
8.501100000000000000e+04 1.039959284505245884e+00 2.368509195916159576e-02
8.557500000000000000e+04 9.758046138187413954e-01 -9.263284738260326237e-03
8.557600000000000000e+04 9.155580396113235375e-01 -6.383922236158078023e-02
8.567000000000000000e+04 9.074071015384065353e-01 -2.495349307598960023e-02
8.582500000000000000e+04 9.106546526562651067e-01 1.297730970202516654e-01
8.585000000000000000e+04 1.023446883176668765e+00 -5.348523469427246546e-02
8.585400000000000000e+04 9.609163376753417918e-01 -7.308425934639289044e-03
8.585500000000000000e+04 1.143814916396538983e+00 -6.465035501771329574e-02
8.587900000000000000e+04 9.719002609710997165e-01 -8.785243460973304538e-03
8.588300000000000000e+04 1.006851706794389845e+00 -7.512016452907527286e-02
8.588400000000000000e+04 1.023776605253124528e+00 -6.195357051481983207e-02
8.588600000000000000e+04 8.958330878623189664e-01 -1.868540776015244209e-02
8.588700000000000000e+04 1.112176770845272333e+00 4.581115386488420621e-02
8.590600000000000000e+04 1.049745067406705035e+00 2.385072776503568970e-02
8.590800000000000000e+04 1.046739521133773998e+00 2.167013322039140072e-02
8.590900000000000000e+04 1.178914710687868794e+00 -1.519135543569865021e-01
8.594000000000000000e+04 1.110938933299124631e+00 -1.303573591991636360e-01
8.594200000000000000e+04 9.479785925181352102e-01 -1.467672623402990414e-03
8.594300000000000000e+04 9.553022528910237732e-01 2.550998574921261447e-02
8.594400000000000000e+04 1.040006205055666655e+00 -3.303418808376636095e-02
8.594600000000000000e+04 1.187853560245127893e+00 9.425783086034698541e-03
8.595200000000000000e+04 7.453007458074777380e-01 7.339202939985221830e-02
8.601800000000000000e+04 7.981098383145051045e-01 -1.356446902773030851e-02
8.605500000000000000e+04 8.837057227329725428e-01 3.297867452036706143e-02
8.608300000000000000e+04 1.049619918574318911e+00 1.116849240386885538e-02
8.608400000000000000e+04 1.163992252111269110e+00 6.363586767902410998e-04
8.611300000000000000e+04 1.079591369772024079e+00 9.600151104722376427e-02
8.611400000000000000e+04 1.040638832046235862e+00 -2.187166743555404164e-02
8.611700000000000000e+04 1.114904767745596770e+00 2.893930127329015153e-02
8.613200000000000000e+04 7.796132103430591931e-01 4.951616382430932412e-02
8.613700000000000000e+04 9.590533222596302476e-01 -2.530061148914057936e-02
8.613800000000000000e+04 9.850108127936858526e-01 5.804647002634043262e-02
8.613900000000000000e+04 9.883105534376211976e-01 4.637806510086120437e-02
8.614100000000000000e+04 9.687083335614881108e-01 -2.291621979078405785e-02
8.614200000000000000e+04 1.061190666114617098e+00 9.928358430224711734e-03
8.617700000000000000e+04 1.018514447300811865e+00 1.147124325553670054e-01
8.617800000000000000e+04 1.183085834242620260e+00 7.652367675289109550e-02
8.617900000000000000e+04 1.049741041851139256e+00 -9.601560460710849981e-03
8.619200000000000000e+04 1.126994387551906840e+00 3.052155273659846318e-02
8.619300000000000000e+04 1.170311538893967551e+00 -3.728461133168466113e-02
8.619500000000000000e+04 1.058272679996647536e+00 -3.261953384046730603e-02
8.619600000000000000e+04 1.097294801313653867e+00 3.294093750960810918e-02
8.622800000000000000e+04 1.046910853272104092e+00 2.232661256472076236e-02
8.622900000000000000e+04 9.911426228724153908e-01 8.087795581431046765e-02
8.623000000000000000e+04 1.014038386654611434e+00 -4.256448060666137567e-02
8.623100000000000000e+04 1.087132170231004613e+00 -1.385426109946795992e-01
8.623200000000000000e+04 1.111904300768436604e+00 5.875931933157349518e-02
8.625600000000000000e+04 9.931986080433419239e-01 -6.422137697287158553e-02
8.625700000000000000e+04 1.151148621205966505e+00 -8.993339491660076734e-03
8.626600000000000000e+04 1.097152876582156544e+00 8.562633184411286638e-03
8.626900000000000000e+04 1.109444237660439869e+00 -4.661558004599374028e-02
8.627000000000000000e+04 1.125150596596860453e+00 -1.256200246791803685e-02
8.627600000000000000e+04 1.029949889147185216e+00 -3.486814903210895805e-03
8.627700000000000000e+04 1.059920063164398130e+00 -3.968097157854183488e-02
8.627800000000000000e+04 9.453821269036879471e-01 -7.349043974572644355e-02
8.629700000000000000e+04 9.642767178920275128e-01 9.451898819448982525e-02
8.632900000000000000e+04 1.019670853783388065e+00 8.620018383787728111e-02
8.633000000000000000e+04 9.954899703258226484e-01 -2.507369398126362697e-02
8.633100000000000000e+04 1.041073012194426051e+00 -5.859498853279272029e-02
8.633200000000000000e+04 9.523951947854047972e-01 -7.294542397069254946e-02
8.633400000000000000e+04 9.912685601562950533e-01 -1.073644065440208933e-01
8.637200000000000000e+04 1.034528674255495106e+00 -2.224212678981137351e-02
8.637700000000000000e+04 1.012837285802190568e+00 6.634590311413210428e-02
8.639000000000000000e+04 9.637498182274545355e-01 1.022424270612913230e-02
8.639100000000000000e+04 9.310117788191979438e-01 -2.815335847458404206e-03
8.643900000000000000e+04 9.544209129506452394e-01 -2.291305153854588869e-02
8.648700000000000000e+04 8.645563581505437689e-01 9.196135417232388642e-03
8.651500000000000000e+04 9.465462495733305559e-01 8.910410542774274689e-02
8.651600000000000000e+04 9.066338313746516997e-01 1.216299530102776805e-01
8.651800000000000000e+04 9.188091103205924259e-01 1.080046120451420427e-01
8.651900000000000000e+04 9.795492352518717638e-01 2.929703119477638368e-02
8.652100000000000000e+04 9.596423376216400847e-01 5.222127957398219056e-02
8.653800000000000000e+04 1.069764863789341547e+00 5.356233484344804369e-02
8.653900000000000000e+04 9.619047296242951850e-01 7.130322148735680765e-02
8.654200000000000000e+04 1.014735199181098002e+00 -2.886834517458600896e-02
8.654600000000000000e+04 1.119664328856495805e+00 7.543263616921043468e-02
8.654800000000000000e+04 1.028263920701017353e+00 -7.752202505156720325e-02
8.654900000000000000e+04 1.085374007589964940e+00 -1.806073819184492862e-02
8.657800000000000000e+04 9.449568793041339676e-01 -3.165356719444295530e-02
8.657900000000000000e+04 1.031632880057183232e+00 -4.059643824606855994e-02
8.658000000000000000e+04 1.030126174836931030e+00 -1.671582835644036535e-02
8.658100000000000000e+04 1.013850498328281891e+00 6.372692835356333352e-02
8.658200000000000000e+04 9.543334755368271249e-01 1.174546114245003485e-02
8.658400000000000000e+04 9.870227779541780322e-01 -1.060861292206777967e-02
8.658500000000000000e+04 1.043729337692219428e+00 4.158380347544923111e-02
8.659600000000000000e+04 9.943299672993082261e-01 3.699124045045411313e-02
8.659700000000000000e+04 9.533790514779139080e-01 -1.327139946182795752e-02
8.659800000000000000e+04 9.551214028774833720e-01 -1.155956773518399851e-02
8.660100000000000000e+04 1.015892384934659720e+00 7.681101075960673590e-03
8.660400000000000000e+04 1.050955665190998367e+00 1.212196596088432887e-02
8.669900000000000000e+04 9.092452549101044390e-01 7.949533426891927657e-02
8.689400000000000000e+04 9.913319317334456926e-01 -1.766415592724746852e-01
8.689500000000000000e+04 1.017677901838851984e+00 5.504825440056174135e-02
8.693200000000000000e+04 8.691859271459237979e-01 -1.193262972736135602e-01
8.693300000000000000e+04 9.627457628631730380e-01 4.461330942241497483e-02
8.695900000000000000e+04 9.444353781306357165e-01 2.361965868333895657e-02
8.696000000000000000e+04 1.048106251614154383e+00 8.526063281449991482e-02
8.698100000000000000e+04 1.057723129219360514e+00 -1.080632119019647383e-02
8.706400000000000000e+04 1.055260087070772457e+00 -9.371926312520297009e-02
8.707400000000000000e+04 1.025051310196818388e+00 6.193011418016521746e-02
8.711100000000000000e+04 1.050017372216743627e+00 -9.391591648234796919e-03
8.712300000000000000e+04 1.212680639613636036e+00 7.553705032339137759e-02
8.712400000000000000e+04 1.001064135283256995e+00 -4.535202528845576342e-02
8.712600000000000000e+04 1.051835567778000691e+00 4.903833005740415758e-03
8.712900000000000000e+04 9.630678126011756879e-01 3.122749936254470837e-02
8.714200000000000000e+04 1.066331655105103415e+00 4.189698540844213892e-02
8.715400000000000000e+04 9.948862167371216314e-01 -6.317596818863256691e-02
8.715500000000000000e+04 1.015066597872984033e+00 1.295447323466419713e-02
8.715700000000000000e+04 9.948650233713681734e-01 -9.497852285739692701e-02
8.715800000000000000e+04 1.039063880112845117e+00 -8.545790685009659396e-03
8.716300000000000000e+04 1.115377606139599687e+00 -1.954858624017088639e-02
8.718900000000000000e+04 1.029374423075509082e+00 6.950155928297782615e-02
8.719000000000000000e+04 1.026954992226414509e+00 5.997367400197312765e-02
8.719700000000000000e+04 8.140147848613230597e-01 -6.271127036876313066e-02
8.720200000000000000e+04 1.047569593241096664e+00 -1.070381591406020100e-01
8.720300000000000000e+04 9.596388382470939504e-01 3.967478956313825328e-02
8.720700000000000000e+04 1.191827988507734748e+00 9.319925733195678907e-02
8.720800000000000000e+04 9.999794037081578546e-01 -2.839741056112154299e-02
8.720900000000000000e+04 1.046093787909748718e+00 1.327766157984472117e-01
8.722800000000000000e+04 9.287484908982397425e-01 -4.643594727548471662e-02
8.723000000000000000e+04 9.639056040857382213e-01 -1.858506721345621910e-03
8.723100000000000000e+04 9.629215536587143465e-01 -8.372681533163332150e-04
8.723200000000000000e+04 1.220772540403186390e+00 9.252371785813427729e-02
8.723300000000000000e+04 1.045686260671274015e+00 2.284271895441890993e-02
8.723400000000000000e+04 1.087781966546817580e+00 1.822890756744608570e-02
8.725200000000000000e+04 9.041575230263926288e-01 4.709865803146092572e-02
8.725500000000000000e+04 6.784207957291853441e-01 5.596234442412013899e-02
8.726300000000000000e+04 1.052640414560999993e+00 -3.422615077639774850e-02
8.726400000000000000e+04 9.760609586128924375e-01 -8.575010722518990047e-02
8.726500000000000000e+04 1.136456045352536082e+00 4.586598985968192571e-02
8.726600000000000000e+04 9.015749774792797266e-01 -1.932094006289267890e-02
8.726700000000000000e+04 9.920007737530591729e-01 2.151656577871776527e-02
8.726800000000000000e+04 9.295384604319946176e-01 -2.764414319908043219e-02
8.726900000000000000e+04 1.139548421793877164e+00 5.423750920409924764e-02
8.730200000000000000e+04 8.961136516377027350e-01 6.429649898979761247e-03
8.730900000000000000e+04 8.018531419202487021e-01 -1.557124926156552500e-02
8.733900000000000000e+04 9.277472657257064270e-01 1.142124267494236955e-01
8.734800000000000000e+04 6.311210166548606448e-01 1.098045072107750458e-01
8.735300000000000000e+04 9.179038358303490686e-01 -6.022569516945534829e-02
8.735500000000000000e+04 1.010753067325374621e+00 4.202492485389625054e-02
8.735800000000000000e+04 1.085435403775978580e+00 3.743809523109168508e-02
8.735900000000000000e+04 1.002205824775109333e+00 4.923003721288530393e-02
8.736100000000000000e+04 1.120689116107718375e+00 1.001351472000708009e-01
8.739200000000000000e+04 1.044595102858026925e+00 -6.396529519011534548e-02
8.739300000000000000e+04 1.031706700999481585e+00 -4.309953721502061963e-02
8.739400000000000000e+04 1.049848217613307710e+00 -3.175831130027723798e-02
8.739500000000000000e+04 1.119918750345185288e+00 3.322743707624567500e-02
8.739600000000000000e+04 1.049684601413338303e+00 -4.287549626130529590e-02
8.739700000000000000e+04 9.582135908094271404e-01 -6.579217548435227492e-02
8.739800000000000000e+04 1.063062155695135846e+00 -4.559167528105058376e-02
8.740000000000000000e+04 1.134139054695006754e+00 1.319234956934056506e-02
8.740100000000000000e+04 9.637158797373893693e-01 -8.385869732968215251e-02
8.740200000000000000e+04 9.816816369352314720e-01 -2.638692441910264752e-02
8.742700000000000000e+04 1.080629557814728914e+00 4.751471802190708124e-03
8.742800000000000000e+04 1.038220717460128784e+00 1.283035529279017220e-02
8.743200000000000000e+04 1.017247936385241580e+00 5.768477311989610862e-02
8.743500000000000000e+04 1.099125833675310471e+00 8.226323832261499269e-02
8.757100000000000000e+04 9.895339944840918500e-01 4.051678273914983107e-03
8.757300000000000000e+04 1.046632161334156708e+00 6.394067038904445444e-02
8.757400000000000000e+04 1.112400393993579817e+00 -1.161045552392691617e-02
8.757700000000000000e+04 8.066513378757178554e-01 -4.286030771530881245e-02
8.757800000000000000e+04 1.091153009556286024e+00 1.267081310787853687e-01
8.757900000000000000e+04 1.070423135342130738e+00 4.558633218392981606e-02
8.758000000000000000e+04 1.037301659168835988e+00 4.946879317305910573e-02
8.762500000000000000e+04 9.877134423956004383e-01 6.864993464051887852e-03
8.762600000000000000e+04 9.365290141914122124e-01 3.851727269867696174e-02
8.762700000000000000e+04 8.739170255779057372e-01 1.509377209979219717e-02
8.762800000000000000e+04 1.059927600946261483e+00 8.032766897276752416e-02
8.762900000000000000e+04 1.047476708315455252e+00 1.344722027496948191e-01
8.767700000000000000e+04 1.052108928143576261e+00 2.418621715912514653e-02
8.767800000000000000e+04 1.115276316903287990e+00 -3.212610986907332711e-02
8.768000000000000000e+04 9.652518620020270612e-01 -5.249826907566391802e-03
8.768100000000000000e+04 1.084740656035716233e+00 4.673244673989341777e-03
8.771200000000000000e+04 1.033127366571290784e+00 7.851459524654053057e-02
8.776200000000000000e+04 1.060538554871801376e+00 9.634835897996758824e-02
8.777300000000000000e+04 9.458094262241767414e-01 1.321914487617960321e-01
8.800200000000000000e+04 1.159715789763246407e+00 7.960571272967016665e-02
8.801000000000000000e+04 1.212904080983717048e+00 -3.618661954577091083e-02
8.812500000000000000e+04 9.985661493953363887e-01 2.168560013780972823e-02
8.812700000000000000e+04 9.767070553624229712e-01 -6.791133770720290952e-02
8.816700000000000000e+04 9.854893760979589468e-01 -2.093847205815102877e-02
8.816800000000000000e+04 9.497396038908759719e-01 7.138128134806730196e-02
8.817000000000000000e+04 1.017381754227802526e+00 2.937727599471501652e-02
8.817100000000000000e+04 1.045131673554767104e+00 4.446023129181968930e-02
8.817200000000000000e+04 9.785935593940893185e-01 5.783582429949956499e-02
8.817300000000000000e+04 9.289826688464565274e-01 1.362628598844628780e-01
8.817400000000000000e+04 9.892541695885926911e-01 1.911707799146282818e-02
8.817500000000000000e+04 1.001680124250702963e+00 1.497334013331331169e-03
8.817600000000000000e+04 9.639245997797545318e-01 7.514596119584297795e-02
8.823700000000000000e+04 9.896517336907015849e-01 6.962481753622531098e-03
8.823900000000000000e+04 1.038078381174332376e+00 4.002212044004996479e-03
8.824300000000000000e+04 9.777819317127175447e-01 6.421694582010246954e-02
8.824400000000000000e+04 1.024443661766880176e+00 -4.832301990257122787e-02
8.824500000000000000e+04 9.962736514778067765e-01 -8.474556576254535512e-02
