4.541900000000000000e+04 1.018594812343151412e+00 -6.117711022656085323e-02
4.542000000000000000e+04 9.564255786873463450e-01 1.724155404410720321e-02
4.542100000000000000e+04 9.952163887072896786e-01 4.705690677463212485e-02
4.542400000000000000e+04 1.007032873172849730e+00 7.102728582783991718e-02
4.544100000000000000e+04 1.042427452447056258e+00 1.095012703348968719e-02
4.546400000000000000e+04 1.061984969280517221e+00 2.133147436248374745e-02
4.569100000000000000e+04 9.610881399704758188e-01 4.997933678228119042e-02
4.569200000000000000e+04 9.503496133315172401e-01 -1.482922204690770816e-02
4.569300000000000000e+04 9.899820856265939550e-01 2.338105896439188203e-02
4.569400000000000000e+04 9.829588561059939833e-01 -3.138506445469149697e-02
4.569500000000000000e+04 9.882223360272361923e-01 7.921012344640116637e-03
4.569600000000000000e+04 9.931895176796088354e-01 -2.746925645106452693e-02
4.569800000000000000e+04 1.255797081329957932e+00 -6.994545648735488175e-02
4.569900000000000000e+04 9.588368149089326886e-01 2.029935369940813472e-02
4.571200000000000000e+04 7.085074547262524280e-01 6.879850473419030221e-02
4.571300000000000000e+04 9.044600905513942024e-01 5.441955521405178638e-03
4.571500000000000000e+04 9.447695491493645070e-01 -2.969832225129334646e-02
4.571600000000000000e+04 9.594280966656903997e-01 -1.074366891111899237e-02
4.571700000000000000e+04 1.025247531738056495e+00 7.652199924920369267e-02
4.574000000000000000e+04 9.544854622590913662e-01 -4.347025646433593654e-02
4.574100000000000000e+04 1.005857798930529290e+00 6.983225723597485946e-02
4.574200000000000000e+04 1.076856808331684290e+00 2.228042285872594563e-02
4.574300000000000000e+04 9.828122555791657389e-01 3.357166685885941415e-02
4.574400000000000000e+04 1.015942689596621262e+00 4.972475253191036351e-03
4.574500000000000000e+04 1.042761012243862861e+00 -1.373070220832202093e-01
4.574600000000000000e+04 1.013019694430078221e+00 -1.173843691750167950e-01
4.574700000000000000e+04 1.053171881882201566e+00 3.590957210412370343e-02
4.576600000000000000e+04 9.940724653510089048e-01 -3.592371132365214728e-03
4.576700000000000000e+04 1.042719587952623206e+00 8.841642715167623290e-03
4.576800000000000000e+04 1.107989494497731542e+00 8.995272255316702492e-02
4.576900000000000000e+04 9.960735137325815725e-01 3.093095901832797201e-02
4.577000000000000000e+04 9.899560941677061354e-01 3.715282954494337347e-02
4.577100000000000000e+04 9.499485310521527115e-01 -1.329911848319122354e-02
4.577200000000000000e+04 1.030552555502919576e+00 8.938998733568760680e-02
4.579000000000000000e+04 1.051226143024337034e+00 9.075106030144537705e-02
4.579100000000000000e+04 1.032057102039839469e+00 7.162876875306245505e-02
4.579200000000000000e+04 1.023418983934155868e+00 3.069788862233339966e-02
4.579300000000000000e+04 9.596640171089748650e-01 -5.693197808637575491e-02
4.579400000000000000e+04 1.040568996333870233e+00 -1.277852715205313357e-02
4.579500000000000000e+04 1.011691333690037720e+00 5.036202844603909420e-03
4.579600000000000000e+04 1.084987572464200190e+00 1.309941269747511572e-01
4.579700000000000000e+04 9.931527679958220833e-01 2.564427678957523216e-02
4.580500000000000000e+04 1.072091888751181887e+00 8.826385150546034453e-02
4.580600000000000000e+04 1.052683975453031939e+00 3.691508834909797837e-02
4.582500000000000000e+04 9.626200057030659396e-01 -2.632732907109421386e-02
4.582600000000000000e+04 1.055487714865029902e+00 1.387830826557424901e-02
4.582700000000000000e+04 9.781832473867969613e-01 2.575629411345568484e-02
4.582800000000000000e+04 1.001167534938278258e+00 5.170112969991866314e-02
4.582900000000000000e+04 1.013666669196418679e+00 -8.712936073150981398e-02
4.583000000000000000e+04 1.007650740376573761e+00 -9.420049386183418361e-02
4.583100000000000000e+04 1.025181131177201888e+00 2.462135305804491470e-02
4.583200000000000000e+04 9.175593292256276623e-01 -7.805107054109716724e-02
4.584000000000000000e+04 1.017191312804431869e+00 1.103785535197675527e-01
4.584100000000000000e+04 8.675892225773844668e-01 8.374614767603916210e-02
4.585500000000000000e+04 1.017394860591104733e+00 -1.876349994063847282e-02
4.585600000000000000e+04 1.046705800196533476e+00 -1.097164157252262552e-02
4.585800000000000000e+04 1.047502542995799812e+00 6.093069879353481266e-02
4.586800000000000000e+04 1.197896896991882842e+00 1.024580468958641299e-01
4.586900000000000000e+04 1.016911362157077781e+00 7.262089553881526105e-02
4.587000000000000000e+04 9.735821286411588948e-01 -7.052584201305947542e-02
4.588200000000000000e+04 1.050768636031429004e+00 2.202974826512420214e-02
4.588300000000000000e+04 1.032689942877847100e+00 -2.266226059740556603e-02
4.588400000000000000e+04 1.023716203295330640e+00 -2.792263221616165039e-02
4.588500000000000000e+04 1.027421428596765329e+00 2.574740367836510224e-02
4.588600000000000000e+04 1.064431537872368772e+00 1.304741455267417229e-02
4.588700000000000000e+04 1.031870967135520623e+00 -3.125604007723454397e-03
4.588800000000000000e+04 1.061128760186006659e+00 1.051906230314032104e-01
4.588900000000000000e+04 6.323734810341848922e-01 -7.753771879454768312e-02
4.589900000000000000e+04 1.140059313986978129e+00 7.171956082571047386e-02
4.590000000000000000e+04 1.007848608881612762e+00 -1.366445304313218014e-02
4.591500000000000000e+04 1.084776043605672813e+00 -7.281619904383898612e-02
4.591600000000000000e+04 1.051317343547632621e+00 2.042255847610093683e-02
4.591700000000000000e+04 1.093745726693091669e+00 -4.698257239894371856e-02
4.591800000000000000e+04 1.088623951994210470e+00 -1.093539789425970327e-01
4.591900000000000000e+04 1.201932757049013700e+00 1.320714102350427528e-02
4.592000000000000000e+04 1.083648919600570304e+00 -1.220811168297612909e-01
4.592800000000000000e+04 9.392933717883017453e-01 4.822055769841641394e-03
4.593100000000000000e+04 1.060989205271389624e+00 -9.971643458198176102e-02
4.594300000000000000e+04 1.051649873676878677e+00 -4.840011192842150201e-02
4.594400000000000000e+04 1.029770851065500592e+00 -4.902003071640671783e-02
4.594500000000000000e+04 1.148359464998714330e+00 7.588577000197234412e-02
4.594600000000000000e+04 1.102606795787993477e+00 -1.281433526620988361e-01
4.595300000000000000e+04 1.002866408775830109e+00 -2.093192447228059416e-02
4.595600000000000000e+04 1.018412126019779596e+00 -6.885976716381543572e-02
4.595700000000000000e+04 1.076898684012871588e+00 1.083404011928228161e-02
4.596800000000000000e+04 1.153679785736819507e+00 1.460884000112381564e-01
4.596900000000000000e+04 1.055242901121695054e+00 2.637244406205737843e-03
4.597700000000000000e+04 9.454001299869549957e-01 -1.202673240168088964e-01
4.598100000000000000e+04 1.039310843455113709e+00 -8.231092462939286480e-04
4.598200000000000000e+04 1.037746724939431653e+00 4.052026259707521699e-02
4.599800000000000000e+04 9.892394006487550406e-01 4.956522795271351041e-03
4.600200000000000000e+04 1.075785824221562992e+00 -6.439886213488421607e-02
4.600300000000000000e+04 1.088246700515054899e+00 -1.855653887638588490e-02
4.612300000000000000e+04 1.161606634690793838e+00 5.423366432503709707e-03
4.612400000000000000e+04 1.095354518369325181e+00 -5.798107860540901298e-02
4.612500000000000000e+04 1.124130122571696644e+00 3.593656855479029216e-02
4.613600000000000000e+04 1.030943789489046303e+00 -5.669900834713048621e-02
4.613700000000000000e+04 1.043704269363880943e+00 1.062086495190547181e-01
4.613800000000000000e+04 1.113416762582396968e+00 -6.424597570623861303e-03
4.615700000000000000e+04 1.018115583533667268e+00 -3.239194408260201614e-03
4.615800000000000000e+04 1.058548538830779151e+00 -1.138170489446999056e-02
4.616900000000000000e+04 9.960284816889071191e-01 2.943488434598872869e-02
4.617000000000000000e+04 1.044625161104146382e+00 -5.181046804120530147e-02
4.617100000000000000e+04 9.868255585766283478e-01 -8.017472005138782942e-02
4.623700000000000000e+04 1.003955078082284347e+00 -2.241261972538257860e-02
4.623800000000000000e+04 9.817982758196792670e-01 4.742463922532150211e-02
4.623900000000000000e+04 9.426042665394979148e-01 -3.386046617494497396e-02
4.625600000000000000e+04 9.533141202208109677e-01 -4.905108371998920247e-02
4.629200000000000000e+04 1.017522250941490736e+00 -5.444766832757928082e-02
4.631600000000000000e+04 1.015988227601661409e+00 -6.128307689864968821e-02
4.633000000000000000e+04 1.117467144454125760e+00 -5.934790098201845471e-02
4.633800000000000000e+04 9.776565487967149304e-01 -2.155442536279011251e-02
4.636600000000000000e+04 1.006749965212075493e+00 -2.416481161773729232e-03
4.638100000000000000e+04 1.021867895524632530e+00 -1.277493229340758915e-02
4.638200000000000000e+04 1.011597725713690998e+00 -4.054291646265761884e-02
4.638300000000000000e+04 1.004699690217996100e+00 -6.471199681494696487e-02
4.639100000000000000e+04 1.048341568691032677e+00 -9.293910227911168775e-02
4.640600000000000000e+04 1.123012665910287700e+00 -5.161303421003101549e-02
4.640800000000000000e+04 1.033030319818462939e+00 -2.035705994854069764e-02
4.640900000000000000e+04 1.042551809737275237e+00 -4.975933782650745346e-02
4.641000000000000000e+04 1.089449887460687050e+00 -1.121267021402885117e-01
4.642100000000000000e+04 1.018779966195629605e+00 8.404046031138673323e-04
4.642700000000000000e+04 9.519313365622319445e-01 -3.589082258155338202e-03
4.642800000000000000e+04 9.181273515876593461e-01 -6.009362943069635615e-02
4.643400000000000000e+04 1.012600995321830455e+00 4.309068931717756346e-02
4.643500000000000000e+04 9.394805057129098635e-01 -3.309866658238415013e-03
4.643700000000000000e+04 9.912649932062804758e-01 2.052219788449239843e-02
4.643800000000000000e+04 9.908724540603174313e-01 3.145350140815865447e-02
4.643900000000000000e+04 9.585567206004698138e-01 -6.798613742490788869e-02
4.644800000000000000e+04 1.030226249639780045e+00 -1.810681392673820986e-02
4.645400000000000000e+04 9.914778402463527707e-01 -9.555248145436665008e-02
4.645500000000000000e+04 8.930388810639434682e-01 1.713245387523520610e-02
4.645600000000000000e+04 9.366724144553060238e-01 -5.033845178522122765e-02
4.645700000000000000e+04 9.008330462376321623e-01 -1.099973333714238805e-01
4.646200000000000000e+04 1.019241913703231583e+00 -1.129023411583570530e-01
4.646400000000000000e+04 1.050890588445560159e+00 -1.629521405141506549e-02
4.646500000000000000e+04 1.006248203364321414e+00 2.413794894637601163e-02
4.646600000000000000e+04 9.632577726199300638e-01 -2.062843101547233264e-03
4.648800000000000000e+04 8.963231580893081807e-01 -4.560225286658328020e-02
4.648900000000000000e+04 1.014574088541122743e+00 -2.060915541178162322e-02
4.649000000000000000e+04 9.173027007592503557e-01 -5.455425687266478307e-02
4.655700000000000000e+04 8.702001572992944523e-01 4.498331918231218869e-03
4.655800000000000000e+04 8.796538052918277950e-01 -3.911826491977938441e-02
4.656500000000000000e+04 9.601664181424912625e-01 -3.554383152506659926e-02
4.656600000000000000e+04 1.001045044349226254e+00 1.310594244720422741e-01
4.656700000000000000e+04 1.009642387686774390e+00 -3.800068622593721218e-02
4.656800000000000000e+04 1.044201266301393094e+00 -1.492125654957434933e-01
4.656900000000000000e+04 9.492264365052168751e-01 -1.431782463202118105e-01
4.657000000000000000e+04 9.565195898610155956e-01 -1.291716667728242118e-01
4.657800000000000000e+04 9.583407796238709864e-01 -3.688766067527191744e-02
4.658800000000000000e+04 1.031147534253061382e+00 -1.738712461793272546e-01
4.658900000000000000e+04 9.459481280696999672e-01 -6.189851073681869320e-02
4.659000000000000000e+04 9.957363702338505318e-01 -2.739539661133170295e-02
4.664700000000000000e+04 1.091729364352948650e+00 -5.200389550572244446e-02
4.664800000000000000e+04 1.093544588004397244e+00 -4.723248720769157583e-02
4.664900000000000000e+04 1.189415689467281156e+00 8.372946641904920051e-02
4.665000000000000000e+04 1.130680080052969938e+00 -3.189370560824011241e-02
4.665100000000000000e+04 1.100337040168850145e+00 -4.210265146828214705e-02
4.666700000000000000e+04 1.066037404193117322e+00 -1.290905181818864100e-01
4.666800000000000000e+04 1.079760139094072757e+00 -5.420934084364401051e-02
4.666900000000000000e+04 1.064709663875651025e+00 1.047659201247282401e-01
4.667000000000000000e+04 1.095079519650959288e+00 1.806376727208766977e-02
4.667100000000000000e+04 1.100663705572490603e+00 -8.954190451036678211e-02
4.667200000000000000e+04 1.135709677479001867e+00 -3.748531118116010113e-02
4.670200000000000000e+04 1.035004717291538867e+00 -3.792879709873215200e-03
4.670300000000000000e+04 1.056247121607837069e+00 -7.020294962040588005e-02
4.670400000000000000e+04 1.002867662269684823e+00 -7.590776659898304524e-02
4.671200000000000000e+04 1.013926315632546427e+00 2.234953231545096057e-03
4.671300000000000000e+04 1.046000945354399247e+00 -7.718084274840081305e-02
4.671400000000000000e+04 1.005987805384990663e+00 -9.510332759960445081e-02
4.671500000000000000e+04 9.754278936317742899e-01 -1.922820859545515404e-02
4.671600000000000000e+04 1.070511614395618816e+00 -6.378518617821118952e-02
4.678800000000000000e+04 9.143939761059733939e-01 -1.203967677779999301e-01
4.678900000000000000e+04 9.708166233703541259e-01 -9.630796832952609465e-02
4.689600000000000000e+04 9.204191989484457048e-01 -4.363645923443179586e-02
4.689700000000000000e+04 9.503801206978976790e-01 -1.124647996996597232e-01
4.692300000000000000e+04 9.262635638534718607e-01 -3.781908158164912215e-02
4.692500000000000000e+04 9.180394097945374643e-01 -5.061511669618887210e-02
4.692600000000000000e+04 9.326662506045227952e-01 -4.986062599756050512e-02
4.692800000000000000e+04 1.148596975507423235e+00 7.518851860238394413e-02
4.699200000000000000e+04 9.980460580998673503e-01 -1.305917692323677048e-01
4.699300000000000000e+04 1.010280463539243945e+00 -6.860019133708662731e-02
4.699400000000000000e+04 9.759226450614051362e-01 -1.618351397762987087e-01
4.699600000000000000e+04 1.222530636804097792e+00 1.880497423307542909e-02
4.699700000000000000e+04 1.182292025560768511e+00 5.905671480749198621e-02
4.699800000000000000e+04 1.174577294809261652e+00 4.319294268112387064e-02
4.703500000000000000e+04 1.177707431183180997e+00 4.647087082786625911e-02
4.703600000000000000e+04 1.088414669846167415e+00 -3.496270682646920001e-04
4.707400000000000000e+04 1.169393917105695513e+00 9.479127313886816231e-02
4.707500000000000000e+04 1.167723618548856201e+00 2.549961094066875711e-03
4.707600000000000000e+04 1.104583084936298976e+00 2.668512969699017232e-02
4.707700000000000000e+04 1.100537342833249221e+00 -7.792669173446126196e-02
4.707800000000000000e+04 1.087632040836662428e+00 -1.085901426861493047e-01
4.707900000000000000e+04 1.065115079738111259e+00 -3.230790562528518955e-02
4.712200000000000000e+04 9.422421532392079024e-01 6.721250363746149314e-03
4.712400000000000000e+04 1.006946626501903808e+00 3.107103721580584815e-02
4.712800000000000000e+04 1.237450944735326575e+00 7.252090247746581508e-02
4.712900000000000000e+04 1.208170792001068250e+00 1.122958257182634506e-01
4.713000000000000000e+04 1.124362514554179793e+00 1.118437774844793960e-02
4.713100000000000000e+04 1.126013556410810690e+00 5.536519350236843856e-02
