5.947400000000000000e+04 9.413946889760900216e-01 -2.361007533102068776e-02
5.949300000000000000e+04 1.023285207883300574e+00 1.184205436403555980e-02
5.949400000000000000e+04 1.017555920034731942e+00 -1.345670190247887088e-03
5.949500000000000000e+04 1.041513254079132311e+00 -5.818025420181520413e-02
5.949600000000000000e+04 1.075904060324271994e+00 4.532960673402496032e-03
5.949700000000000000e+04 1.090568551432552491e+00 1.989613343999594927e-02
5.949800000000000000e+04 1.087791286115988187e+00 -1.155449262379588775e-02
5.949900000000000000e+04 1.057734960085242149e+00 -1.993662480542127136e-02
5.950000000000000000e+04 9.300623711473093858e-01 -6.270219644946965765e-02
5.952600000000000000e+04 1.064315687803496058e+00 4.950113107258885536e-02
5.952700000000000000e+04 1.103536705750558733e+00 -4.732729353650063503e-02
5.952800000000000000e+04 1.080575535047366476e+00 1.100012526029301319e-03
5.952900000000000000e+04 1.056611352450639973e+00 -5.486442270560568102e-02
5.953000000000000000e+04 9.172756799769904434e-01 -1.138539612780818666e-02
5.953100000000000000e+04 9.000370411946179150e-01 -3.914294588872443276e-02
5.954500000000000000e+04 1.043587638514099414e+00 -8.865108713290195674e-02
5.954600000000000000e+04 1.062169504908265782e+00 -5.622619210595261423e-03
5.954700000000000000e+04 1.048422773824212451e+00 3.141234542689635978e-03
5.954800000000000000e+04 1.055665657276421365e+00 -1.972368938061063934e-02
5.954900000000000000e+04 1.069223485572744714e+00 1.629469475801492359e-02
5.955000000000000000e+04 1.067088261938139215e+00 2.816349377523514469e-02
5.955100000000000000e+04 1.097784703696428554e+00 1.086073229779360716e-02
5.955200000000000000e+04 9.963683677290515739e-01 7.999841373338761538e-03
5.956700000000000000e+04 1.017774867020625029e+00 8.670253551938542080e-02
5.956800000000000000e+04 1.018826311256335826e+00 -2.982522898579047579e-02
5.956900000000000000e+04 9.864731641025683562e-01 1.543091988303540302e-02
5.957000000000000000e+04 1.042036383969384694e+00 -1.618658339311293548e-02
5.957100000000000000e+04 9.598945899563792183e-01 -8.308756801970143546e-03
5.957200000000000000e+04 1.114673752267290929e+00 6.216737604005150714e-02
5.957300000000000000e+04 1.048046470949821840e+00 -4.495671494290517066e-04
5.957400000000000000e+04 1.062508237236150066e+00 2.805197188741465064e-02
5.957500000000000000e+04 9.858657625655219414e-01 -5.884208013901949183e-03
5.957600000000000000e+04 1.057386946997502575e+00 -1.642248132071352350e-03
5.958500000000000000e+04 9.848935177879033498e-01 -7.452748395818712367e-03
5.958600000000000000e+04 9.889886708724452413e-01 9.000681081889005952e-03
5.958800000000000000e+04 1.004356257092220872e+00 3.693850613120654158e-02
5.958900000000000000e+04 9.871274214824702353e-01 -5.275685906141543841e-02
5.959000000000000000e+04 9.869948084263351351e-01 -3.399364306872679382e-03
5.959100000000000000e+04 1.069838915855406247e+00 5.901830197567949077e-02
5.959200000000000000e+04 1.064093966056878671e+00 7.473061947503396515e-04
5.959300000000000000e+04 9.300998474411110717e-01 4.043046489593332682e-02
5.964300000000000000e+04 1.020836696043262659e+00 -1.899886634837264637e-02
5.964400000000000000e+04 9.651851639443023156e-01 -1.685146217177881794e-02
5.964500000000000000e+04 9.951280752945480534e-01 2.139589777411136234e-02
5.964600000000000000e+04 1.047767205166437954e+00 -3.131011624497340856e-02
5.964700000000000000e+04 1.023765262661208375e+00 4.039721865736129597e-02
5.964800000000000000e+04 9.418322635971138057e-01 6.999659511402202272e-02
5.964900000000000000e+04 9.618831431404187837e-01 1.528377866888691594e-02
5.965000000000000000e+04 9.705047720165601577e-01 -1.614238641140259417e-02
5.965100000000000000e+04 1.037932319946889947e+00 -9.551472925729068142e-04
5.966600000000000000e+04 9.553416008624484590e-01 -4.949788776200708673e-02
5.966700000000000000e+04 1.098958093431612548e+00 5.544651839459720927e-02
5.966800000000000000e+04 9.147687074054201561e-01 5.446200932526142242e-03
5.966900000000000000e+04 1.046717814771062072e+00 4.964118049353623274e-02
5.968100000000000000e+04 9.530993327596944953e-01 1.577306087241221386e-02
5.968300000000000000e+04 9.638400845016097396e-01 -5.553210349743546020e-02
5.968400000000000000e+04 1.218233591897536217e+00 -2.057531374987642270e-02
5.970600000000000000e+04 1.336495215074192222e+00 7.328292578197162510e-02
5.984900000000000000e+04 1.094362345908961087e+00 -1.311820214513146898e-01
5.988000000000000000e+04 1.145261811834193955e+00 -1.744485156267173154e-01
5.988100000000000000e+04 1.054865004705754616e+00 -5.276000970919103583e-02
5.990900000000000000e+04 1.037111228185464640e+00 -1.917492197747495408e-01
5.991000000000000000e+04 1.012995204318548392e+00 -1.766610019257342790e-01
5.991100000000000000e+04 1.045554625709229413e+00 -1.501249760469245409e-01
5.993700000000000000e+04 9.067164348002111351e-01 -5.146074891618183933e-02
5.993800000000000000e+04 1.033070239561202586e+00 -2.061904489791636097e-01
5.993900000000000000e+04 1.104372081174037179e+00 -1.813227726673408979e-01
5.994000000000000000e+04 1.054092178017814740e+00 -1.783990692126147248e-01
6.001500000000000000e+04 1.003958229921626533e+00 -2.909439042545413495e-02
6.001600000000000000e+04 9.906009951132692670e-01 -2.147786690097644793e-02
6.021100000000000000e+04 1.031693860442020272e+00 -6.568916055678662713e-02
6.021200000000000000e+04 1.000060140134523046e+00 -1.166051960417088945e-01
6.021300000000000000e+04 1.043161135214075719e+00 -1.763232489370290257e-01
6.021400000000000000e+04 1.129580340503467228e+00 -1.215891637623078420e-01
6.021500000000000000e+04 1.070650176634295070e+00 -9.934546197297777770e-02
6.021700000000000000e+04 1.037831689927967593e+00 -1.255453971843653593e-01
6.021800000000000000e+04 1.078769854966282082e+00 -3.951585909533286700e-02
6.021900000000000000e+04 1.031663521947767670e+00 -2.059150445507873795e-01
6.022000000000000000e+04 1.027997964963517363e+00 -2.111751954881944393e-01
6.022100000000000000e+04 1.010110771568888843e+00 -2.463082169703442043e-02
6.022200000000000000e+04 1.159389841829553180e+00 7.172061652059609493e-02
6.024600000000000000e+04 9.648134103583509980e-01 2.390845244821209262e-03
6.024700000000000000e+04 1.140138757531666380e+00 -1.133870365878020259e-01
6.024800000000000000e+04 1.027755150986394250e+00 -1.262207397422785149e-01
6.024900000000000000e+04 1.066657870477317749e+00 -9.345165768256372130e-02
6.025000000000000000e+04 1.181762220368417049e+00 -1.181243748787679376e-01
6.025100000000000000e+04 1.120460477273293121e+00 -1.411530022695765829e-01
6.025200000000000000e+04 9.646760899535498091e-01 -1.452393614079260931e-01
6.025300000000000000e+04 1.085877761307470601e+00 -4.689434330289962011e-02
6.025400000000000000e+04 1.112651397411721810e+00 -1.535711340948711368e-01
6.025500000000000000e+04 1.089819650564987086e+00 -7.929548472018976835e-02
6.025600000000000000e+04 1.054115170798076262e+00 -3.881525029588932946e-02
6.026300000000000000e+04 1.002195643960945182e+00 -1.253710199744828557e-01
6.026400000000000000e+04 9.713574261854477365e-01 -2.236389204218131865e-01
6.026500000000000000e+04 9.787038789368481817e-01 -1.240160038759610672e-01
6.026600000000000000e+04 1.105110651612623451e+00 -1.286283428509321924e-01
6.026700000000000000e+04 1.113243302797091383e+00 -1.112510997176414801e-01
6.026800000000000000e+04 1.106776205136216440e+00 -1.631905864497583680e-01
6.026900000000000000e+04 9.694962091938098547e-01 -1.008427043613432661e-01
6.027100000000000000e+04 1.000277022801198790e+00 -7.892230714350462195e-02
6.027200000000000000e+04 1.093584430951006770e+00 -1.015425946821164466e-01
6.027300000000000000e+04 1.059528855400162062e+00 -6.826951591585016244e-02
6.079300000000000000e+04 1.039492142381581941e+00 4.741234182378262912e-02
6.079400000000000000e+04 9.323928938108800857e-01 -2.225570588197200647e-02
6.083800000000000000e+04 9.566242582983733866e-01 4.092616236598808216e-02
6.083900000000000000e+04 8.859414414561069817e-01 -7.794240821757794646e-03
6.089000000000000000e+04 9.213219041026439182e-01 -6.283723161772124949e-03
6.089100000000000000e+04 9.254080545153655635e-01 -5.254767060424180708e-02
6.090100000000000000e+04 9.478915464334808361e-01 6.558208491296986520e-02
6.090200000000000000e+04 9.019897441967034135e-01 5.755197988229156236e-02
6.090300000000000000e+04 9.147969651515019951e-01 3.559696641442949838e-02
6.090400000000000000e+04 9.874256152025167044e-01 -1.567445640300647869e-02
6.090500000000000000e+04 9.893412434876541761e-01 1.818283702172340116e-02
6.100100000000000000e+04 9.498715209792834013e-01 -2.057760256744836994e-02
6.100200000000000000e+04 1.052947071514486854e+00 1.611356126996272772e-02
6.100300000000000000e+04 1.112080767440170925e+00 4.279773875661160853e-02
6.100500000000000000e+04 1.075058569070576064e+00 5.269515006172330318e-02
6.100800000000000000e+04 9.934498024496317692e-01 2.374327413581482291e-02
6.134900000000000000e+04 9.920506976726380932e-01 -6.087416654801836025e-02
6.140100000000000000e+04 9.693753691463964373e-01 -4.901799921338412247e-02
6.140200000000000000e+04 1.061727259967668813e+00 3.151414236580205724e-02
6.140900000000000000e+04 9.476089751158850438e-01 -5.019175958568582868e-03
6.141100000000000000e+04 1.216953061730399632e+00 8.979306411482053385e-02
6.141200000000000000e+04 1.089266602258528671e+00 2.005221103473870184e-02
6.141300000000000000e+04 1.003161540942747232e+00 7.081815509977173323e-03
6.142400000000000000e+04 9.203601435305835965e-01 -1.405253078237290176e-01
6.142800000000000000e+04 1.040791650349490505e+00 7.285134367702444935e-02
6.142900000000000000e+04 1.188537595360737331e+00 -2.040155178905580027e-02
6.143000000000000000e+04 1.061123499916191815e+00 -4.765988810530940450e-02
6.144500000000000000e+04 1.034689000561320293e+00 -1.053966557715104932e-02
6.145600000000000000e+04 1.032555585243083218e+00 -3.896524897103689072e-02
6.145700000000000000e+04 1.082734127975220062e+00 -1.238520920974963378e-02
6.145800000000000000e+04 1.011428698517634617e+00 4.741419429865850743e-02
6.145900000000000000e+04 1.063934079299430291e+00 4.203952795567304085e-02
6.146000000000000000e+04 1.090749043926074524e+00 -3.503624825176298446e-02
6.146100000000000000e+04 1.024865244672684028e+00 -1.316018392802896786e-01
6.146200000000000000e+04 1.077463958998932325e+00 1.326664438200531038e-02
6.146300000000000000e+04 9.695436030984860842e-01 -9.708196872537837308e-02
6.148300000000000000e+04 9.142215468937654466e-01 -4.083741468007987679e-02
6.149400000000000000e+04 1.022201848302953131e+00 4.396159192253329753e-04
6.149500000000000000e+04 1.063889281651092755e+00 -7.080709332160682601e-02
6.149600000000000000e+04 1.089987382824624707e+00 2.119936614008546480e-03
6.149700000000000000e+04 1.064067108961623154e+00 -3.676825268604289737e-02
6.149800000000000000e+04 1.003892016911001939e+00 -5.613960375019413224e-02
6.149900000000000000e+04 9.458672530987018989e-01 -4.449875133881107947e-02
6.150100000000000000e+04 9.015110018808869530e-01 -7.343379808977203160e-02
6.150200000000000000e+04 1.015435109423840299e+00 2.272308394548620825e-02
6.150300000000000000e+04 1.033104581055724669e+00 -4.228561262679846056e-02
6.150400000000000000e+04 9.544227394609732240e-01 -5.279392046290484752e-02
6.150500000000000000e+04 9.324088024347843007e-01 -1.130147321327088089e-01
6.151300000000000000e+04 1.067526105645710155e+00 -9.515673252880245056e-03
6.151400000000000000e+04 9.628091435452749147e-01 -8.169901154181756497e-02
6.151500000000000000e+04 9.611769871583387692e-01 -2.389614402287461997e-02
6.151600000000000000e+04 9.786037979061232850e-01 3.663628270618816962e-02
6.151700000000000000e+04 9.506521160388123892e-01 -9.780180579212623126e-02
6.152000000000000000e+04 8.859173819081969103e-01 -1.272646531193261932e-01
6.152100000000000000e+04 8.995728279696632024e-01 1.594931763548278203e-02
6.153000000000000000e+04 8.195619442176712566e-01 1.435257152188561605e-02
6.153100000000000000e+04 8.481536129527824652e-01 -8.750046935282015936e-02
6.153400000000000000e+04 9.014951396137699247e-01 -7.858584033239977840e-02
6.153500000000000000e+04 1.048830191108323540e+00 -8.770482789984856975e-02
6.153600000000000000e+04 8.415909329092829960e-01 -3.590999506196473207e-02
6.153700000000000000e+04 8.357020118256796026e-01 -1.691176421906383578e-02
6.153800000000000000e+04 8.930077152427260412e-01 -5.547807034337116916e-02
6.153900000000000000e+04 1.049687939830289851e+00 -1.270593100916047810e-02
6.154000000000000000e+04 1.015182280446822238e+00 -6.278385390267986199e-02
6.154100000000000000e+04 1.050970655005197374e+00 -6.738381710785180598e-04
6.154200000000000000e+04 8.505600026641059186e-01 -1.313384661095903239e-01
6.154300000000000000e+04 7.688593692958964887e-01 -2.376214979693119442e-02
6.155200000000000000e+04 9.863184207903662459e-01 -5.585931159862819045e-02
6.155300000000000000e+04 1.036293204158702297e+00 -6.235943299429280023e-02
6.155400000000000000e+04 1.041146556810453427e+00 -5.060224986156783289e-03
6.156100000000000000e+04 1.004355008000035854e+00 -1.450632836835957090e-02
6.156200000000000000e+04 9.778526323732082970e-01 -9.591098995040661657e-02
6.156300000000000000e+04 1.015733808937975935e+00 1.651619424483132675e-03
6.157200000000000000e+04 8.896171667186419940e-01 8.626151456709415383e-03
6.157400000000000000e+04 1.075297616506809550e+00 -6.076554432402052341e-02
6.157500000000000000e+04 1.001334706326712176e+00 5.831669494396297948e-02
6.157600000000000000e+04 9.792723148991286930e-01 3.668156088371991169e-02
6.157700000000000000e+04 1.026320522612512054e+00 1.270907238329583092e-02
6.157800000000000000e+04 9.397704285155732418e-01 -5.803896685752764351e-02
6.158000000000000000e+04 9.740793450213359739e-01 -1.516171990729811569e-02
6.158200000000000000e+04 9.250217244049792065e-01 -5.427375157134076145e-02
6.158300000000000000e+04 9.031053782970682731e-01 -5.523540118029728052e-02
6.158400000000000000e+04 8.790583363286438301e-01 -5.829804558911061418e-02
6.159500000000000000e+04 1.080408083661607233e+00 4.160012627558481134e-03
6.159600000000000000e+04 9.863534597105630963e-01 -6.975239709357750062e-02
6.159800000000000000e+04 1.041506388162144470e+00 -3.650608471291399287e-02
6.159900000000000000e+04 1.077295057555865743e+00 -4.092514257717756732e-02
6.160100000000000000e+04 9.390789393153008424e-01 -4.390658409438289583e-02
6.160200000000000000e+04 9.736984833669878325e-01 -1.351747638829257220e-04
6.160300000000000000e+04 1.033395812236113764e+00 1.078397588325233879e-02
6.160400000000000000e+04 9.125548299747846537e-01 -9.934408732140206921e-02
6.161500000000000000e+04 8.563024818747536626e-01 5.961074433253947535e-02
6.161600000000000000e+04 9.387932698116912000e-01 -9.334646913634887799e-02
6.163200000000000000e+04 8.974629203303061686e-01 -8.396313988673252682e-02
6.165700000000000000e+04 8.891169775814765641e-01 -1.014598938450862187e-01
6.165800000000000000e+04 1.001785615106680627e+00 -5.817514143047131797e-02
6.165900000000000000e+04 9.056954337431515345e-01 -1.024172369722931297e-01
6.167500000000000000e+04 9.102878656226880416e-01 -4.211878560859757398e-02
