8.294600000000000000e+04 7.918420783877498925e-01 -5.726405524054400953e-02
8.294800000000000000e+04 8.604927779631753593e-01 -2.833063221692001810e-02
8.296800000000000000e+04 7.456050215111097446e-01 3.269642092921327958e-02
8.297400000000000000e+04 8.464358524792339189e-01 4.853433662734656096e-02
8.297700000000000000e+04 8.503465816618481776e-01 -5.117116827784348038e-02
8.302200000000000000e+04 8.134622446076165136e-01 -2.608818503789455540e-02
8.302400000000000000e+04 8.160844883403693961e-01 -3.787176519361384192e-02
8.305300000000000000e+04 8.118696498871657008e-01 -3.492906962790567893e-02
8.311900000000000000e+04 8.067129828153136728e-01 -3.959172353487853263e-02
8.313900000000000000e+04 9.211870120618097513e-01 3.325631959788921677e-02
8.314400000000000000e+04 8.230573233835778435e-01 1.108094665183679411e-01
8.314800000000000000e+04 8.257933507130527095e-01 -4.911143736675453036e-02
8.320500000000000000e+04 7.907425069246410976e-01 2.779755409037977243e-01
8.322500000000000000e+04 9.527123658260358008e-01 -1.981205279492834204e-02
8.322700000000000000e+04 8.414302119789839329e-01 1.797078673573105495e-02
8.323000000000000000e+04 7.981653039031945118e-01 -6.687845907409872837e-02
8.323600000000000000e+04 7.625022606189445495e-01 3.959244783832505110e-02
8.323800000000000000e+04 7.829301095014074008e-01 1.839776562618697098e-01
8.325400000000000000e+04 8.082333609420010445e-01 2.100207777022215783e-01
8.325500000000000000e+04 7.993122781645691788e-01 2.255136044967694098e-01
8.325600000000000000e+04 8.075138775975096994e-01 1.853296706221329582e-01
8.325700000000000000e+04 7.492587191239837852e-01 -8.900816602959559648e-03
8.325800000000000000e+04 7.826894748501468380e-01 -4.900875007496230396e-02
8.326000000000000000e+04 8.352542921814626320e-01 8.659628849200602663e-02
8.341600000000000000e+04 7.910871034071834673e-01 2.022693724179376040e-01
8.341700000000000000e+04 7.748619921521401332e-01 2.088612638383057774e-01
8.341800000000000000e+04 8.283974089672795360e-01 1.488640856762364628e-01
8.342200000000000000e+04 7.388333677357975526e-01 1.206367400425374381e-01
8.348700000000000000e+04 7.866474151985998198e-01 2.676168367581206464e-01
8.348800000000000000e+04 7.779780475854690680e-01 5.057106235844064518e-02
8.348900000000000000e+04 8.011111385505896854e-01 1.010247449170282724e-01
8.349000000000000000e+04 8.026231491623642134e-01 1.606690525962180538e-01
8.349100000000000000e+04 7.988293183847654522e-01 1.794953325507811503e-01
8.368100000000000000e+04 8.404459292709688389e-01 -2.317560378499626539e-02
8.369700000000000000e+04 9.373952360821221630e-01 -6.007095643401567236e-02
8.370400000000000000e+04 8.685815426931844385e-01 -4.168203201824614845e-02
8.370900000000000000e+04 8.057416614887195072e-01 -4.259348209606807212e-02
8.372600000000000000e+04 8.800758675725738334e-01 -3.617756234577619578e-02
8.374700000000000000e+04 8.831865817173046862e-01 3.989621443916190752e-02
8.374800000000000000e+04 7.893808663837645900e-01 -5.593516626345158838e-02
8.375000000000000000e+04 8.286729504408317792e-01 7.289648083869968397e-03
8.375100000000000000e+04 8.243679574140405641e-01 5.882487958502922477e-03
8.378200000000000000e+04 9.711472689825768612e-01 3.400781643468070436e-02
8.378900000000000000e+04 1.013864536106860781e+00 2.709167247334823628e-02
8.384200000000000000e+04 7.900428223671956962e-01 1.426484053957542165e-02
8.384700000000000000e+04 8.625028649837777062e-01 -9.750338490678939207e-03
8.385300000000000000e+04 7.589457529091250265e-01 -7.030823043037677002e-03
8.385400000000000000e+04 8.710866409498386753e-01 4.255115958337745558e-02
8.385500000000000000e+04 8.811002956818579923e-01 5.075521708534032339e-02
8.388200000000000000e+04 8.222203237475311788e-01 1.910317912966454090e-02
8.397700000000000000e+04 8.054269180373735404e-01 -2.438323200348452985e-02
8.406700000000000000e+04 8.391153361541441313e-01 -2.626969997139703625e-02
8.407300000000000000e+04 7.790271825756328594e-01 7.810058921118791242e-02
8.418400000000000000e+04 8.442148634070435476e-01 1.362084548168596664e-02
8.418500000000000000e+04 8.077609002261033622e-01 -2.266121994299521297e-02
8.426500000000000000e+04 8.143788608092364933e-01 -3.129973659556494620e-02
8.444400000000000000e+04 7.712724165016954236e-01 4.922740880820726528e-02
8.444500000000000000e+04 8.686901993092510654e-01 6.235250280043889981e-02
8.444700000000000000e+04 8.224784128676293493e-01 -2.861530734273166898e-02
8.444800000000000000e+04 7.964598037039433143e-01 3.415857816039307576e-02
