4.955800000000000000e+04 1.108906667010344904e+00 -2.190720647449995867e-02
4.955900000000000000e+04 1.026834146628173627e+00 -6.118320686454285090e-02
4.956000000000000000e+04 1.011175426112635112e+00 4.981191775795343162e-03
4.956700000000000000e+04 9.893254036401937235e-01 1.848190216245057527e-02
4.956800000000000000e+04 1.103669724942556440e+00 -2.189563225060554841e-02
4.956900000000000000e+04 1.041092019300053018e+00 1.098463145839129011e-02
4.957000000000000000e+04 9.752352662981548237e-01 -2.046427098776508816e-02
4.957100000000000000e+04 9.613858491303043374e-01 -1.229024494918548732e-01
4.957200000000000000e+04 9.080930597457358422e-01 -8.924795449579077389e-02
4.957300000000000000e+04 9.930542391314738371e-01 -5.884648969027880122e-02
4.957400000000000000e+04 1.100017723952774862e+00 2.499247000073535549e-02
4.957500000000000000e+04 1.073848172179836080e+00 2.203804452355811322e-02
4.957600000000000000e+04 9.513278848077354466e-01 -1.199341777258132874e-01
4.957700000000000000e+04 9.744102081655560132e-01 -1.944649906046676813e-01
4.958000000000000000e+04 1.063538101453115781e+00 -8.269664461414866219e-02
4.958100000000000000e+04 1.121481433836997610e+00 -7.263040189983954731e-02
4.959000000000000000e+04 1.067858600642261679e+00 -2.842160193139809179e-02
4.959100000000000000e+04 1.118322327941895900e+00 -1.141479875650849851e-01
4.959200000000000000e+04 1.035097248424726502e+00 2.019733291466343020e-02
4.959300000000000000e+04 1.020186124691300655e+00 2.798569391392374990e-03
4.959400000000000000e+04 1.052841913204040081e+00 -4.319176226857062567e-02
4.959500000000000000e+04 9.832206505012880404e-01 -2.268978420732538359e-02
4.959600000000000000e+04 1.000332453698212554e+00 1.493152165206690536e-02
4.959700000000000000e+04 1.001800728403115848e+00 -2.174801450359965804e-02
4.959800000000000000e+04 9.164224109431277077e-01 -9.923746667595814697e-02
4.959900000000000000e+04 8.188244675878514345e-01 -4.780442812766059341e-02
4.960100000000000000e+04 1.050021072081559703e+00 -9.128902359905732844e-02
4.960200000000000000e+04 1.061005027728006311e+00 -1.919456773643388875e-02
4.961400000000000000e+04 1.037401947151913140e+00 -6.112298810885070238e-02
4.961500000000000000e+04 1.094303850576314074e+00 -5.317619656666047051e-02
4.961600000000000000e+04 1.067433814969426242e+00 -7.930396848520374076e-02
4.961700000000000000e+04 1.070263501064714795e+00 -9.548666939617308363e-03
4.961800000000000000e+04 1.066654025461317934e+00 -1.967569365179727692e-02
4.961900000000000000e+04 9.915797492021005688e-01 -7.256896101316767655e-02
4.962000000000000000e+04 1.091712666422208322e+00 1.904658233512457680e-02
4.962100000000000000e+04 1.036688783837592220e+00 2.377372457458253735e-02
4.962200000000000000e+04 1.016444836646567706e+00 -7.837876244220512434e-02
4.962300000000000000e+04 9.606970977710127535e-01 1.617641820049827046e-04
4.962500000000000000e+04 8.795171443801700351e-01 -6.669134123041416118e-02
4.962600000000000000e+04 1.052404126632900061e+00 -6.421545559702128425e-02
4.963000000000000000e+04 1.107825080667813378e+00 -1.264462289864548006e-01
4.963200000000000000e+04 1.095532459070505116e+00 -1.054657335441244875e-01
4.964100000000000000e+04 1.003030266533132764e+00 -1.675438744231176266e-03
4.964200000000000000e+04 1.078930139751109740e+00 -6.960413241587382061e-02
4.964300000000000000e+04 9.510110489280397816e-01 -2.242684691271949055e-02
4.964400000000000000e+04 9.626917523374031171e-01 3.644904713447267436e-02
4.964500000000000000e+04 9.570406640720293678e-01 -5.508525531828339233e-02
4.964600000000000000e+04 1.075296506070114733e+00 7.317649737410061861e-02
4.964700000000000000e+04 9.523597626538149452e-01 3.652437446897118661e-02
4.965900000000000000e+04 1.056904183480750659e+00 -7.915539927611739413e-02
4.966000000000000000e+04 1.157013445346330771e+00 -7.983997164000920799e-02
4.966100000000000000e+04 1.142781265810096869e+00 1.695456378352318549e-01
4.966200000000000000e+04 1.045468915440529667e+00 4.449921219496323632e-02
4.966300000000000000e+04 9.537781866804204700e-01 -3.718998817573701716e-03
4.966400000000000000e+04 1.037893305596400584e+00 4.430452147428912135e-02
4.966500000000000000e+04 1.006353895275538202e+00 -1.293372695975182965e-02
4.966600000000000000e+04 1.004103041004268393e+00 -2.927076969152467290e-02
4.966700000000000000e+04 1.042707861822014470e+00 6.011591685353473435e-02
4.966800000000000000e+04 1.024184894075323982e+00 -6.737354903733779043e-02
4.966900000000000000e+04 9.446310150714226639e-01 -7.462844722405351239e-02
4.967000000000000000e+04 1.009878602752199317e+00 -5.441444742413641816e-02
4.967200000000000000e+04 1.024485370164694986e+00 -6.593642339180359746e-02
4.967300000000000000e+04 1.048359936194369180e+00 -1.577459784476827609e-01
4.968400000000000000e+04 1.087678933264053294e+00 -7.855158750910472276e-02
4.968500000000000000e+04 1.113516774177719215e+00 -6.220351308872450191e-02
4.968600000000000000e+04 9.530486008585695723e-01 3.788571567588393946e-03
4.968700000000000000e+04 1.036251341905513046e+00 3.706181652971834994e-02
4.968800000000000000e+04 9.758137763047012303e-01 -2.736922605517475016e-02
4.968900000000000000e+04 1.065361252826595218e+00 1.856990639105800950e-02
4.969000000000000000e+04 9.329227794414099995e-01 -2.653833740820523215e-02
4.969100000000000000e+04 1.119146124042462498e+00 5.014767921752884966e-02
4.969200000000000000e+04 1.059340558621997497e+00 -2.983790882396973251e-02
4.969300000000000000e+04 1.063114133815501905e+00 -8.251213071519780673e-02
4.969800000000000000e+04 1.103578772140477726e+00 -1.044050669985116114e-01
4.971100000000000000e+04 9.713522167978736466e-01 -4.519200715339450128e-03
4.971300000000000000e+04 1.012976898087186717e+00 9.470449152625248085e-03
4.971500000000000000e+04 1.072752450235393340e+00 -8.345735928224309874e-02
4.971600000000000000e+04 1.233029061246778468e+00 1.875204914708920867e-02
4.971700000000000000e+04 1.065370066147907968e+00 -5.415645664668513465e-02
4.971800000000000000e+04 1.054266802787687363e+00 4.998446159762270392e-03
4.972000000000000000e+04 1.059569025498562356e+00 -1.529218834572214358e-02
4.972200000000000000e+04 1.041798832993894530e+00 -7.019801294024666238e-02
4.972300000000000000e+04 1.105323367913714216e+00 -1.370231242952359369e-03
4.972400000000000000e+04 1.093586304604458936e+00 6.531770320775284744e-02
4.972500000000000000e+04 9.494402412608163866e-01 5.069519048962835978e-02
4.973200000000000000e+04 9.715855357498418554e-01 -1.896424474598999710e-03
4.973300000000000000e+04 9.837096298262482108e-01 -1.101552789637961355e-02
4.973400000000000000e+04 9.553073722914283694e-01 -1.080168664917566419e-02
4.973500000000000000e+04 1.023599743316020882e+00 1.816207573582237500e-02
4.973600000000000000e+04 9.996207742398914853e-01 2.169092494255660600e-02
4.973700000000000000e+04 1.070767354170137464e+00 -6.941777126654653796e-02
4.973800000000000000e+04 1.031047300039965808e+00 1.901508654769103190e-02
4.973900000000000000e+04 1.047768047241126821e+00 -6.154358563875803045e-02
4.974100000000000000e+04 9.821034993821280423e-01 2.641619402002861466e-02
4.974200000000000000e+04 9.617532066995243545e-01 4.494953381424842873e-04
4.974300000000000000e+04 9.722268366579949195e-01 3.686411955851237598e-02
4.975300000000000000e+04 1.021296292050005272e+00 1.177271511613215901e-03
4.975400000000000000e+04 1.029706732457183360e+00 8.426688803156775348e-03
4.975500000000000000e+04 1.001314280531568235e+00 -5.658987557489720925e-03
4.975700000000000000e+04 1.000359502728221273e+00 -7.734893294136932496e-02
4.976100000000000000e+04 1.088345549710538762e+00 -4.255099846772836258e-02
4.976200000000000000e+04 1.024891576467939824e+00 -1.283516896745754421e-01
4.976300000000000000e+04 1.003818490765976401e+00 -8.386014443293041132e-02
4.977000000000000000e+04 9.596719829749104091e-01 -6.460359905506196654e-02
4.977100000000000000e+04 1.009043282718185441e+00 -3.190147851500794302e-02
4.977200000000000000e+04 9.727409434670231114e-01 1.646131452720177302e-02
4.977600000000000000e+04 1.047086430730794548e+00 -7.054788070115608489e-02
4.977700000000000000e+04 1.059614638820730148e+00 -1.744634833364556992e-01
4.977800000000000000e+04 1.030220684151798904e+00 -3.181996932188874139e-02
4.977900000000000000e+04 1.077301768205876087e+00 -4.847694610040352570e-02
4.979500000000000000e+04 1.153279403297022165e+00 -1.900581201427309630e-01
4.981000000000000000e+04 1.081246309904532854e+00 -6.027020380002310121e-03
4.981100000000000000e+04 1.094952819113309772e+00 -4.002841844744070565e-02
4.981200000000000000e+04 1.023290144377630106e+00 3.315938169155278198e-02
4.981300000000000000e+04 8.984306582084805592e-01 -8.380487841988008835e-02
4.981700000000000000e+04 9.974873387309741712e-01 -8.034887362087471396e-02
4.982800000000000000e+04 1.033116279237185742e+00 5.367661103548076323e-02
4.982900000000000000e+04 1.004463536982789229e+00 -3.665698780701420051e-02
4.983200000000000000e+04 1.020991241634503721e+00 -3.525936855859438529e-02
4.985000000000000000e+04 9.830558018291351008e-01 -1.576304276484444267e-01
4.985100000000000000e+04 9.051790614299755067e-01 -1.758587393539473853e-01
4.985200000000000000e+04 8.583579933583054267e-01 2.131696798016146158e-02
4.989800000000000000e+04 8.652798713141391929e-01 -8.860917108890156713e-02
4.995900000000000000e+04 1.028202557156132624e+00 -5.000878055373416189e-03
4.996000000000000000e+04 9.394009253524387981e-01 -7.562068233293341157e-02
4.998400000000000000e+04 8.875327135664810019e-01 -9.344294059110119788e-02
4.998500000000000000e+04 9.424198295297185890e-01 -9.617021477894824311e-02
4.998600000000000000e+04 1.072948562189510291e+00 2.516695758591031701e-02
4.999600000000000000e+04 1.056701627471898330e+00 -5.541939797072964469e-02
4.999700000000000000e+04 1.023132800654301455e+00 -3.214089056177400067e-02
4.999800000000000000e+04 1.018030466547458213e+00 -7.033636177691186819e-02
4.999900000000000000e+04 1.157696258774190579e+00 3.976165012988403663e-02
5.000900000000000000e+04 1.007353741503514533e+00 7.289237999881509680e-03
5.004600000000000000e+04 1.040151735849584425e+00 7.529155220272953919e-02
5.004900000000000000e+04 1.020910363843328339e+00 -3.065650284819022159e-02
5.005000000000000000e+04 1.070836030491870927e+00 -4.911343623002537018e-02
5.005600000000000000e+04 9.868864019903104134e-01 -1.268342482801169124e-01
5.005700000000000000e+04 1.003786934061358327e+00 -1.857981386036005322e-01
5.006400000000000000e+04 9.762916982760322382e-01 -1.030396898613347018e-01
5.006500000000000000e+04 1.041711172922431761e+00 -4.059281371812571704e-02
5.006600000000000000e+04 1.008783108594599520e+00 -5.903896478966345895e-02
5.006900000000000000e+04 1.099018664414830093e+00 9.301764508013324675e-03
5.007000000000000000e+04 9.937425988844191815e-01 -9.070397904736131073e-04
5.008900000000000000e+04 1.031168960859960793e+00 -1.673549289805776885e-01
5.011200000000000000e+04 8.220525454677918287e-01 -1.252563381891234617e-01
5.011600000000000000e+04 8.498805978916060822e-01 -6.090154654959728520e-02
5.011700000000000000e+04 9.335485030364520931e-01 -5.129881572320520167e-02
5.011800000000000000e+04 9.678201660633317660e-01 -7.840937543986414848e-02
5.011900000000000000e+04 1.040277759212997255e+00 -9.406543622816648798e-03
5.013000000000000000e+04 9.344043255601491849e-01 1.447632176725518506e-02
5.013100000000000000e+04 1.063491760398631580e+00 -9.470181482235077997e-02
5.013200000000000000e+04 9.389424374001534845e-01 -7.194618539867869700e-02
5.016400000000000000e+04 6.759993226529299459e-01 3.995143509507277126e-03
5.016500000000000000e+04 8.044026729661619690e-01 -2.442636214800616296e-03
5.018000000000000000e+04 8.752292382521679182e-01 -6.549193267883456071e-02
5.029500000000000000e+04 1.034404366333498304e+00 2.901953871785334718e-02
5.030400000000000000e+04 8.707205583315060782e-01 -9.970439743840651958e-02
5.030500000000000000e+04 8.330483718284896755e-01 -7.670412515856660229e-02
5.030600000000000000e+04 1.094734582444623738e+00 3.344031168330311582e-02
5.030700000000000000e+04 9.754784037383794626e-01 -4.916001132155294745e-02
5.030800000000000000e+04 1.260151975117133283e+00 1.161707989453860251e-01
5.030900000000000000e+04 1.115221092601142105e+00 -5.679509287054269190e-02
5.031000000000000000e+04 1.039738591635516185e+00 4.503833286142865100e-02
5.032000000000000000e+04 9.208501458221763913e-01 -2.738368152618940454e-02
5.032100000000000000e+04 7.393046493399184627e-01 -9.389456865785772433e-02
5.032300000000000000e+04 9.199445838791511232e-01 8.610811389915909789e-03
5.032400000000000000e+04 1.011169284159136872e+00 2.016200223633715302e-02
5.032500000000000000e+04 1.015125328826347317e+00 -3.772375160846776904e-02
5.032600000000000000e+04 9.201811906705702482e-01 7.056210175859638223e-02
5.032700000000000000e+04 9.776934681809281713e-01 -1.173880729601056300e-01
5.032800000000000000e+04 1.113786836599937269e+00 6.730258890290284624e-02
5.033700000000000000e+04 9.620520853910810022e-01 -4.594012770583229960e-02
5.034300000000000000e+04 1.118351751865090726e+00 -1.088802030755597373e-02
5.034400000000000000e+04 1.040499446110909387e+00 -5.499497138918263417e-02
5.034500000000000000e+04 1.111719479985855852e+00 8.596213542226598808e-03
5.034600000000000000e+04 1.159524561439684298e+00 9.618595924505311465e-03
5.035300000000000000e+04 1.120501872288613310e+00 -8.521996926341085521e-02
5.035500000000000000e+04 9.513233017735170938e-01 9.890061444178793043e-03
5.035700000000000000e+04 1.064213797223461766e+00 7.996352337839156277e-02
5.036000000000000000e+04 1.055563515828719767e+00 1.644599799682898780e-02
5.036200000000000000e+04 1.039221436966945022e+00 -9.448932056026178652e-03
5.036300000000000000e+04 1.060721625168651983e+00 1.125091781242040095e-02
5.040100000000000000e+04 9.445252236179197958e-01 5.233992172593918829e-02
5.044800000000000000e+04 1.037759421815830363e+00 -1.287835459577269803e-01
5.044900000000000000e+04 1.160372265555289717e+00 -5.931397398894637518e-03
5.045000000000000000e+04 8.867050133747190754e-01 5.288878593466144612e-02
5.045600000000000000e+04 9.963466057406448195e-01 -7.582278682661308666e-02
5.045900000000000000e+04 1.019522925175806449e+00 -1.892091075796569211e-01
5.046000000000000000e+04 9.791673046138568148e-01 -2.000035673755628518e-01
5.046100000000000000e+04 9.361034570074108219e-01 -2.476031179444830310e-01
5.047100000000000000e+04 9.458009211017355256e-01 -1.297865861233383211e-01
5.047300000000000000e+04 8.984151375132041206e-01 1.540994603516789713e-02
5.047400000000000000e+04 1.058131240695656228e+00 -7.101334800827119320e-02
5.048000000000000000e+04 1.050972633754684971e+00 -9.926396590594890879e-02
5.048500000000000000e+04 1.051529686870942060e+00 3.696431964251024882e-02
5.048600000000000000e+04 1.052123294969455669e+00 3.509464167718096689e-03
5.052100000000000000e+04 1.278700832106987928e+00 1.133506596939641287e-01
5.067800000000000000e+04 1.048374599901932713e+00 4.104677559755907923e-02
5.126400000000000000e+04 8.773942258117024551e-01 -9.955949055527393843e-02
5.131700000000000000e+04 8.670186775952007929e-01 6.380865382017487930e-02
