1.021840000000000000e+05 1.163951252193651031e+00 3.419136228589439441e-02
1.021870000000000000e+05 9.895338555289058258e-01 1.263084681252643060e-01
1.022090000000000000e+05 9.834602939926743170e-01 4.414826300056025332e-02
1.022110000000000000e+05 1.174514989989327018e+00 -1.111972644721589618e-03
1.022360000000000000e+05 8.600531625722209750e-01 -1.269614519833047947e-02
1.022380000000000000e+05 1.033224988824967605e+00 6.651716791623650538e-02
1.022440000000000000e+05 1.147514229769450056e+00 2.844673944043817765e-02
1.022900000000000000e+05 9.352612429471670596e-01 6.734765536539814509e-03
1.024260000000000000e+05 1.023329521042379397e+00 9.545200118046062721e-02
1.024270000000000000e+05 1.008496092124593346e+00 4.306271077628868321e-02
1.024290000000000000e+05 9.987322426624261062e-01 4.723143298078164715e-02
1.024320000000000000e+05 1.056936833439640733e+00 9.226719488608337016e-02
1.024760000000000000e+05 1.039795922969277031e+00 1.481107657658612548e-02
1.028850000000000000e+05 1.045720909117967112e+00 2.156280357039004336e-01
1.029900000000000000e+05 1.200623545491158684e+00 1.160722465248557739e-01
1.029930000000000000e+05 1.208107543208002399e+00 -6.828452919203391834e-03
1.029940000000000000e+05 1.140416599638818251e+00 5.745782831338205193e-02
1.030190000000000000e+05 1.118639948308793874e+00 4.440048630332812940e-02
1.030200000000000000e+05 1.005723682518351980e+00 8.703815310579471332e-02
1.030220000000000000e+05 1.047120149531928224e+00 4.853135156043451165e-02
1.030530000000000000e+05 1.188725384708334110e+00 -2.382514001358631422e-02
1.030550000000000000e+05 1.017474055852818582e+00 2.210231668945658937e-02
1.030560000000000000e+05 1.187036863155452870e+00 2.777474192828641164e-02
1.030570000000000000e+05 9.703527240993458092e-01 6.769569812061702885e-02
1.030610000000000000e+05 1.146045363925567218e+00 1.340638946597974834e-01
1.030950000000000000e+05 1.138600966921506474e+00 1.248703037197588656e-01
1.030960000000000000e+05 1.183700380150043641e+00 1.064261008626661703e-01
1.030970000000000000e+05 1.210011007393867688e+00 5.591840352455507840e-02
1.030980000000000000e+05 1.094639255644599407e+00 9.382561352382005893e-02
1.031010000000000000e+05 7.709241174614269720e-01 1.574215217894558427e-01
1.031040000000000000e+05 1.133799439819488608e+00 3.551763779471352883e-02
1.031070000000000000e+05 8.592182683873453852e-01 1.904301062589107973e-01
1.032890000000000000e+05 1.071932257855714887e+00 1.704329293959356006e-01
1.036980000000000000e+05 1.058970229406357433e+00 -1.416514038379251827e-03
1.038040000000000000e+05 1.058433090536269328e+00 3.760431163504659741e-03
1.038480000000000000e+05 9.634208617178106060e-01 -2.314418176827219911e-02
1.038490000000000000e+05 1.060624600929919614e+00 1.145231141066613278e-01
1.039620000000000000e+05 1.034103431696072217e+00 -2.671795294772597376e-02
1.042260000000000000e+05 1.130753320791133110e+00 1.405067876183183906e-01
1.042280000000000000e+05 8.629409164956497458e-01 -8.745075764549536945e-02
1.042300000000000000e+05 1.046572694914569723e+00 8.348392873684758186e-02
1.042310000000000000e+05 1.064291414883610232e+00 1.382895226817353052e-01
1.042320000000000000e+05 1.037177897891190970e+00 7.730198038338843836e-02
1.042330000000000000e+05 1.012250022478177414e+00 1.127276153121903463e-01
1.042340000000000000e+05 1.331967691268627574e+00 8.484805258585742527e-02
1.042370000000000000e+05 1.091479231562580976e+00 1.005173985677109139e-01
1.042390000000000000e+05 1.019819729559363397e+00 8.751185960833569866e-02
1.042410000000000000e+05 1.004172758899296358e+00 -1.836966598251891722e-02
1.042430000000000000e+05 8.691208180075195022e-01 1.314868183123748258e-01
1.042450000000000000e+05 9.939507731933900914e-01 5.035454194030618974e-02
1.045530000000000000e+05 1.195772102174850415e+00 8.299651504705378435e-02
1.045550000000000000e+05 1.040947960906110525e+00 3.343997714526132300e-03
1.045580000000000000e+05 1.176360890480207866e+00 6.114345776450492986e-02
1.045600000000000000e+05 1.130798009879845134e+00 8.497060245258060418e-02
1.045620000000000000e+05 1.090823369684518429e+00 5.901006192015360863e-02
1.045640000000000000e+05 1.111840873069461555e+00 3.548317282990293836e-02
1.045960000000000000e+05 1.030349358123941572e+00 2.479028546978593456e-02
1.045980000000000000e+05 1.117506156113179383e+00 2.180391104076644451e-02
1.046000000000000000e+05 1.139807472966579915e+00 2.173864953873153386e-02
1.046020000000000000e+05 1.181797012948338388e+00 6.196004705107474586e-02
1.046310000000000000e+05 1.165166667123796795e+00 4.352858932057474678e-02
1.046330000000000000e+05 1.067268084092404701e+00 1.140008097413994920e-01
1.048850000000000000e+05 8.894872103609123837e-01 2.486721587585324911e-04
1.048870000000000000e+05 1.329144215885077029e+00 1.703731014593904414e-01
1.050040000000000000e+05 1.074143965748073581e+00 4.350124309868533268e-02
1.050530000000000000e+05 1.188925070342211843e+00 9.754247554970947587e-02
1.050560000000000000e+05 1.386450976566099724e+00 1.967460767838803137e-01
1.050630000000000000e+05 8.191343528230699000e-01 -3.547881937315158080e-02
1.050650000000000000e+05 1.121833152408060919e+00 3.662777943776664158e-02
1.050670000000000000e+05 1.105195484770828518e+00 1.129511781163546336e-01
1.050780000000000000e+05 1.183133374487821632e+00 1.455086793453623795e-01
1.050810000000000000e+05 1.001343495597187161e+00 1.009639601761485629e-02
1.050820000000000000e+05 1.246382123991500723e+00 -3.445754442353152897e-02
1.050830000000000000e+05 1.021818750998572112e+00 8.039688529554955831e-02
1.051550000000000000e+05 1.359839373629854409e+00 2.325605458809172910e-01
1.051710000000000000e+05 1.221663460109776889e+00 3.955649277083757298e-02
1.051730000000000000e+05 1.137716398651392291e+00 -5.176380275322765845e-02
1.051740000000000000e+05 1.111501749270681350e+00 6.924961821366501513e-02
1.051750000000000000e+05 1.107559892676210911e+00 2.623906354622715029e-02
1.051760000000000000e+05 1.076193481296731980e+00 3.059488618850655581e-02
1.051770000000000000e+05 1.028144188760444555e+00 2.126713226371881871e-02
1.051780000000000000e+05 1.001079724189916975e+00 1.080004081819286726e-01
1.051790000000000000e+05 9.962836494252611530e-01 1.074607214779864720e-02
1.051800000000000000e+05 1.013493213083769051e+00 -2.204967261446263982e-02
1.051810000000000000e+05 9.435295366458921196e-01 6.573762671357592791e-02
1.051820000000000000e+05 1.053848357985354367e+00 1.123948754115948884e-01
1.052470000000000000e+05 1.039599774733745097e+00 5.658215994077996774e-02
1.052480000000000000e+05 1.021289530478580510e+00 2.853857269634539270e-02
1.052490000000000000e+05 1.080095569517290910e+00 3.260618046688977187e-03
1.052500000000000000e+05 1.030751400496960457e+00 9.531976083889420748e-02
1.052510000000000000e+05 8.480226968370323526e-01 6.965196903231771208e-02
1.052520000000000000e+05 9.818065289930141271e-01 8.993534518856075022e-02
1.052540000000000000e+05 1.007226941862678027e+00 1.054323527116070441e-01
1.052550000000000000e+05 1.179903858511210268e+00 4.577258346912398829e-02
1.052920000000000000e+05 1.309306840164429442e+00 1.898172477677778636e-01
1.053280000000000000e+05 1.094877223007347133e+00 1.687084140579655361e-02
1.053320000000000000e+05 1.140436336843848375e+00 4.172602879638498408e-02
1.053350000000000000e+05 1.063958401678293697e+00 -4.025234940119997579e-02
1.053370000000000000e+05 1.167473812770708275e+00 5.201042739813184490e-02
1.053410000000000000e+05 1.329859172913131715e+00 1.404194103711599584e-01
1.053430000000000000e+05 1.107996756933445903e+00 7.101516511878137872e-02
1.053760000000000000e+05 9.187302198318276769e-01 5.475422086404389821e-02
1.053790000000000000e+05 9.892391368245951888e-01 -7.655434041374041369e-04
1.053810000000000000e+05 1.087941252569398554e+00 -3.400355951842156527e-02
1.053830000000000000e+05 1.070555047735517684e+00 2.649949416767116012e-02
1.054240000000000000e+05 9.390232801732494305e-01 3.474568331891905379e-03
1.057540000000000000e+05 1.156290416725118009e+00 7.149547151205601012e-03
1.058050000000000000e+05 1.096390439996484778e+00 9.584923600101831476e-02
1.058120000000000000e+05 1.025229742287081969e+00 1.092445194444875839e-01
1.058130000000000000e+05 1.063165836904825134e+00 1.530659388699691648e-01
1.058150000000000000e+05 1.076649518154607410e+00 1.649149659332045936e-01
1.058160000000000000e+05 1.060162301524935291e+00 4.315268415123532653e-02
1.058440000000000000e+05 1.199859439941201034e+00 4.547035750043296187e-02
1.058460000000000000e+05 1.220203957966237152e+00 8.752749060011892623e-02
1.058480000000000000e+05 1.053859670872955068e+00 5.837196203942363049e-02
1.058500000000000000e+05 1.024581019615911748e+00 1.136482284385895020e-01
1.058520000000000000e+05 1.229305434992476131e+00 9.046212785043206139e-02
1.058530000000000000e+05 1.067120297966670295e+00 1.324875271217612061e-01
1.058560000000000000e+05 1.081256924202648184e+00 7.299690087612245581e-02
1.058570000000000000e+05 9.512164804691382036e-01 3.592924361222327168e-02
1.058590000000000000e+05 9.750110537508925868e-01 1.352643031945577057e-01
1.058600000000000000e+05 9.965088154428173306e-01 6.632977766094465266e-02
1.058940000000000000e+05 9.511884186694472554e-01 6.831388825338163828e-02
1.058960000000000000e+05 1.110058278062978188e+00 8.378339910517956790e-02
1.058980000000000000e+05 1.018543494286577866e+00 4.299515725383207948e-02
1.059000000000000000e+05 9.685731678701171576e-01 6.794943376059184997e-03
1.059020000000000000e+05 9.254571152841701842e-01 4.927399745428552927e-03
1.059040000000000000e+05 1.079460011468396319e+00 6.137461649645012396e-02
1.059230000000000000e+05 1.022983132368719517e+00 1.492189653918598868e-01
1.059510000000000000e+05 1.354560978700227958e+00 2.231822066613910749e-01
1.059550000000000000e+05 1.126966175738000064e+00 9.937095372274679095e-02
1.059590000000000000e+05 9.601293740417170541e-01 4.213388011187110815e-02
1.059620000000000000e+05 9.622186119775479884e-01 5.640249125554479964e-02
1.059650000000000000e+05 9.309183804539755691e-01 8.436429941999827598e-02
1.059670000000000000e+05 9.781616633225229673e-01 1.106726905215661277e-01
1.059720000000000000e+05 9.104224032920404941e-01 8.879437732953769646e-02
1.059740000000000000e+05 9.303383084439557082e-01 1.372123877144496018e-01
1.060250000000000000e+05 8.963526241017485408e-01 3.771048280723275636e-02
1.060310000000000000e+05 9.123208509799054511e-01 3.964743410120405431e-02
1.060330000000000000e+05 9.789380069970757825e-01 4.846204991553585556e-02
1.060360000000000000e+05 8.558636860743324970e-01 3.437539507357797314e-02
1.060370000000000000e+05 1.009156054648628231e+00 6.520437041421724145e-02
1.060380000000000000e+05 9.692558045569314995e-01 8.718714146018882727e-02
1.061030000000000000e+05 1.026941760390657432e+00 1.622661116210951868e-02
1.062910000000000000e+05 1.103352992896865059e+00 8.571445201775650113e-02
1.062920000000000000e+05 1.013956540276057305e+00 -4.847909296651112254e-02
1.062930000000000000e+05 1.068247494570502054e+00 3.650005079325408658e-02
1.062940000000000000e+05 1.125809329804577263e+00 8.343615417513541074e-04
1.062970000000000000e+05 1.003932760010167957e+00 3.526965234575166891e-02
1.063450000000000000e+05 9.722365585041241598e-01 1.136130966375326623e-01
1.067150000000000000e+05 1.007985656731638535e+00 6.100092537721173852e-02
1.067160000000000000e+05 1.008447584362381910e+00 -8.177233025025706231e-03
1.068430000000000000e+05 1.005737985015170199e+00 1.376705691221483951e-01
1.068440000000000000e+05 1.327989467412032054e+00 -5.648123026524134310e-02
1.068560000000000000e+05 1.108689934317528714e+00 -3.144514246941163427e-03
1.068570000000000000e+05 9.383580874709400721e-01 1.364705403285039996e-02
1.068580000000000000e+05 1.010683666119713831e+00 1.960987688903733511e-02
1.068590000000000000e+05 1.143729799644244594e+00 3.736669324543149401e-02
1.068600000000000000e+05 1.163173553150136819e+00 3.567869718189631278e-02
1.068850000000000000e+05 9.941699604675482416e-01 -1.395748720374521794e-02
1.068870000000000000e+05 9.975682925473482454e-01 1.605694981101864899e-02
1.068880000000000000e+05 1.069778133689779365e+00 5.393005766509866017e-02
1.068890000000000000e+05 1.089956120161166941e+00 7.900339345290340043e-02
1.068900000000000000e+05 1.017643672804793953e+00 5.226242941540101827e-02
1.069140000000000000e+05 1.017337843697724953e+00 5.452882612020090725e-02
1.069150000000000000e+05 1.072760260793925058e+00 3.485500386878963991e-02
1.069500000000000000e+05 9.832676769081264423e-01 2.156431321238851673e-01
1.069510000000000000e+05 1.196755490194725269e+00 4.537159947503048574e-02
1.069640000000000000e+05 9.502906467559353310e-01 -1.260626683883355956e-02
1.070730000000000000e+05 1.179412921429611183e+00 1.589168498415374081e-02
1.071460000000000000e+05 1.081668563154610796e+00 -5.376172399238834942e-02
1.071570000000000000e+05 1.070435212873647401e+00 1.472025651946413591e-02
1.071590000000000000e+05 1.062035688117041188e+00 1.652707292150880081e-01
1.072120000000000000e+05 1.057715420396843742e+00 6.233738763022332596e-02
1.073190000000000000e+05 1.124790529991371857e+00 -5.630754108089616738e-02
1.073210000000000000e+05 1.209027664962569082e+00 -3.973542140331346589e-02
1.073320000000000000e+05 1.049742173042416793e+00 3.103847209265982177e-02
1.073340000000000000e+05 1.152707477236412092e+00 9.645169693970032099e-02
1.073570000000000000e+05 1.188313895224184957e+00 -1.537824786564865459e-02
1.073590000000000000e+05 1.093994229436739740e+00 2.254274674455964203e-02
1.073620000000000000e+05 1.140956661478075063e+00 -1.399826487337542044e-02
1.073640000000000000e+05 1.096138744474861593e+00 8.713795860420392447e-02
1.073660000000000000e+05 1.084681455862169130e+00 7.183091185213275054e-02
1.073680000000000000e+05 1.066836627258115122e+00 6.266833789059353399e-02
1.074750000000000000e+05 1.005671353938075718e+00 -2.650768361266959972e-02
1.074870000000000000e+05 9.650440222153421344e-01 -3.228463840020118561e-03
1.074880000000000000e+05 1.105951440730143842e+00 1.180243796451460325e-01
1.074890000000000000e+05 1.052378506731079355e+00 -9.667902165676868845e-03
1.075160000000000000e+05 9.855715765719003096e-01 -1.464574312377783100e-03
1.075180000000000000e+05 9.145851470764667646e-01 -7.684308435986177133e-02
1.075820000000000000e+05 1.029528424569637002e+00 1.667281542550123202e-02
1.075870000000000000e+05 9.732000217374997542e-01 -3.029459163656324922e-02
1.075880000000000000e+05 9.936731499339203078e-01 1.724827465517082478e-02
1.075890000000000000e+05 1.011694928741818433e+00 7.854018385662051016e-02
1.076480000000000000e+05 9.959497973446191921e-01 1.552756819561850257e-02
1.076490000000000000e+05 1.131118362030271385e+00 4.626882552015815914e-02
1.077050000000000000e+05 1.017716018614675866e+00 2.076924551416993447e-02
1.077060000000000000e+05 9.632428515170772254e-01 5.808882591264594858e-02
1.080690000000000000e+05 7.326506693050931496e-01 6.872292329117893339e-02
1.081400000000000000e+05 9.572756391523640218e-01 1.831696641230754277e-02
