2.255700000000000000e+04 1.041402134146163450e+00 1.612552696790726103e-01
2.255800000000000000e+04 9.977091111528890721e-01 1.509803784792080050e-01
2.256900000000000000e+04 9.112253937941990900e-01 5.157575565683542723e-03
2.257000000000000000e+04 8.148401034356616002e-01 -4.225214376565650243e-02
2.257100000000000000e+04 9.502263909433819045e-01 2.436214732431028207e-01
2.257200000000000000e+04 9.677000332156480145e-01 9.807776128687083206e-02
2.257300000000000000e+04 8.067242416510986835e-01 6.895126277246155233e-02
2.257400000000000000e+04 9.217759850670982358e-01 5.562920240015652162e-02
2.257500000000000000e+04 1.026155555578561307e+00 1.128690689660120788e-01
2.257600000000000000e+04 1.030600939625981427e+00 7.922845000808954874e-02
2.257700000000000000e+04 9.829696817811939269e-01 1.166540569611710237e-01
2.257800000000000000e+04 9.336602329231262765e-01 1.495245387580666496e-01
2.258600000000000000e+04 9.761793747463641813e-01 5.019421238543012725e-02
2.258700000000000000e+04 9.277325625498659134e-01 3.365357158924970650e-03
2.258800000000000000e+04 9.747092283727033513e-01 2.298301256363787515e-01
2.258900000000000000e+04 9.663344243822463708e-01 5.589998332589384000e-02
2.259000000000000000e+04 1.016018397522418404e+00 8.506861363058078329e-02
2.259100000000000000e+04 9.439260136230684939e-01 8.733663430418510398e-02
2.259200000000000000e+04 9.715274928087983541e-01 -3.022629908477545216e-02
2.259300000000000000e+04 1.016311109840806193e+00 2.432129392218486050e-02
2.259400000000000000e+04 1.022981126055949597e+00 9.008545076244200978e-02
2.259500000000000000e+04 9.982271495401590089e-01 1.109689384585249711e-01
2.260800000000000000e+04 9.819601223848603011e-01 1.605682181584061063e-01
2.260900000000000000e+04 1.018570469711148174e+00 -5.237660782264390302e-02
2.261000000000000000e+04 1.047433650679417738e+00 2.050298765213201882e-02
2.261100000000000000e+04 1.148564962582946825e+00 6.237916763680881153e-03
2.261200000000000000e+04 1.321471578839281458e+00 -6.263362725858591384e-02
2.261300000000000000e+04 1.177727282629980499e+00 -1.973329763574054388e-02
2.261400000000000000e+04 1.173904999436722330e+00 -2.169529428234924853e-02
2.261500000000000000e+04 1.124811426739348086e+00 9.427054266482305656e-02
2.262400000000000000e+04 1.225731726990633375e+00 -5.200769053789030399e-02
2.262500000000000000e+04 1.250952251303560692e+00 -4.981943881362430916e-03
2.262700000000000000e+04 1.582393145968512105e+00 8.732710970718409599e-03
2.262800000000000000e+04 1.246799221946614633e+00 -1.005524636496827467e-01
2.272300000000000000e+04 1.142004936984153396e+00 3.805366759495958789e-02
2.272400000000000000e+04 1.254696160503239621e+00 3.965470351304448832e-02
2.272700000000000000e+04 1.225162713162312844e+00 -5.760008465783331838e-02
2.272800000000000000e+04 1.362788354834093330e+00 -2.512441655835919233e-02
2.280700000000000000e+04 1.414278057069120687e+00 9.704759951845634558e-02
2.280800000000000000e+04 1.596930382559086814e+00 6.115238763126616683e-02
2.284100000000000000e+04 1.021573031698437495e+00 3.650404623457902814e-02
2.284200000000000000e+04 1.013848062367726621e+00 -4.245718427413162910e-02
2.284300000000000000e+04 1.078584688227571586e+00 -2.274015990887133520e-02
2.284400000000000000e+04 1.101535054880926401e+00 5.981455583694759992e-02
2.284500000000000000e+04 1.017345102423936165e+00 -2.269583503589092666e-03
2.284700000000000000e+04 1.032655845522240323e+00 -1.744682012029035584e-02
2.284800000000000000e+04 1.047907414979016183e+00 3.738793975727101870e-02
2.285200000000000000e+04 9.610126865265610219e-01 7.469921877005626654e-02
2.285300000000000000e+04 9.476875924338546975e-01 1.372330626773193563e-01
2.285400000000000000e+04 9.764798325953383262e-01 1.043558861012276739e-01
2.288400000000000000e+04 9.384829745017250202e-01 1.103443322691107092e-01
2.288500000000000000e+04 9.865981625903138541e-01 9.705186123231990258e-02
2.288700000000000000e+04 9.681226044180828438e-01 5.005713269296911336e-03
2.288800000000000000e+04 9.481989698798529709e-01 -1.124290425106911490e-03
2.288900000000000000e+04 9.169779280433738577e-01 -1.666161048312922097e-02
2.289000000000000000e+04 8.653434468436365101e-01 2.873088224242442094e-03
2.289100000000000000e+04 1.058360816207092325e+00 9.949767899520792214e-02
2.289200000000000000e+04 9.695223384842642789e-01 4.073705188353049511e-02
2.289400000000000000e+04 9.758797059387135375e-01 5.485692909878607526e-02
2.289500000000000000e+04 9.353339822494908251e-01 4.043442055122427325e-02
2.289600000000000000e+04 9.580516396695984982e-01 7.305489777842386068e-02
2.291000000000000000e+04 9.722277422770688737e-01 -4.513904206576802719e-02
2.291100000000000000e+04 9.310992899562741121e-01 -1.932018637103203457e-02
2.291200000000000000e+04 9.310650724713066539e-01 3.420651774120125888e-02
2.291300000000000000e+04 9.254120716188981577e-01 2.811575370875740720e-02
2.291400000000000000e+04 8.198979534001418212e-01 -2.192633734957147654e-02
2.291500000000000000e+04 1.026631384205464625e+00 -2.827166699031904290e-02
2.291600000000000000e+04 1.110089253085698502e+00 2.778233899488496018e-03
2.291700000000000000e+04 9.690808908500491148e-01 1.392122947413263444e-02
2.291800000000000000e+04 1.041926315098398170e+00 2.781670010113568639e-02
2.291900000000000000e+04 1.040935395131296071e+00 1.055995213390443777e-01
2.295800000000000000e+04 1.041485328289847745e+00 5.096716217038445990e-02
2.295900000000000000e+04 1.010925374389201936e+00 3.378532020927248192e-02
2.296000000000000000e+04 9.096966134698528661e-01 9.122573784463047786e-02
2.296100000000000000e+04 1.001643983016229145e+00 1.144627121212073023e-01
2.296200000000000000e+04 1.026484657628494057e+00 1.415264717900885094e-01
2.296300000000000000e+04 9.924836317295293586e-01 6.028005712862531673e-02
2.299000000000000000e+04 7.718051122508096107e-01 -1.221747712104445313e-02
2.299400000000000000e+04 8.960332764246915493e-01 2.146705424304424376e-02
2.299500000000000000e+04 9.051952450009560502e-01 1.077433091461817150e-01
2.299600000000000000e+04 9.065084210628895356e-01 1.383142284360766583e-01
2.299700000000000000e+04 9.674267982061068860e-01 8.438608132453016830e-02
2.299800000000000000e+04 9.279437271825804467e-01 8.584078000819914123e-02
2.299900000000000000e+04 1.072788516620229782e+00 5.660889123719902577e-02
2.300100000000000000e+04 9.785677439445725767e-01 3.753230395767968158e-02
2.300200000000000000e+04 9.878551341895002169e-01 8.690410450663342556e-02
2.302600000000000000e+04 9.345654381813863765e-01 -9.492143258500196704e-03
2.302700000000000000e+04 8.483373875424686794e-01 -3.726105067951489269e-02
2.302800000000000000e+04 9.094147790737259207e-01 2.255309312439219005e-01
2.302900000000000000e+04 9.510969890261227189e-01 -1.297533424858922889e-02
2.303500000000000000e+04 9.981556098070740735e-01 1.223730321890152684e-01
2.303600000000000000e+04 1.011078618574037247e+00 3.480526383098097448e-02
2.303700000000000000e+04 7.550455106154538854e-01 -6.608972301412129047e-02
2.303800000000000000e+04 1.022798960338748842e+00 8.146581549601433769e-02
2.303900000000000000e+04 8.396547305400692274e-01 1.052108387745701312e-01
2.304000000000000000e+04 9.903930209866146361e-01 -2.515040837269538754e-02
2.304100000000000000e+04 9.398989689621224386e-01 6.878984569530478821e-02
2.305300000000000000e+04 9.704493904116278102e-01 9.350113240067804352e-03
2.305400000000000000e+04 8.772064133297386990e-01 1.967322673190121385e-01
2.305500000000000000e+04 9.127462448068026646e-01 1.407763330120744005e-01
2.305600000000000000e+04 9.611124515269375834e-01 -3.160297654717584420e-02
2.306000000000000000e+04 9.987892043821902099e-01 1.057388563496943906e-01
2.306100000000000000e+04 9.104242320024296120e-01 7.163800675482059899e-02
2.306300000000000000e+04 8.599665830268540256e-01 -9.207609984367989830e-02
2.306400000000000000e+04 9.797742838987441027e-01 6.929862095549466083e-02
2.306500000000000000e+04 9.442185790198762696e-01 2.566220525455004120e-02
2.306600000000000000e+04 9.586887652092268564e-01 5.385648500225861945e-02
2.306700000000000000e+04 9.344238183460146230e-01 7.489275817094850907e-02
2.307300000000000000e+04 9.674440266501090901e-01 1.619850291595037461e-02
2.307400000000000000e+04 9.213610258116731178e-01 1.901583949057034095e-01
2.307500000000000000e+04 9.764333957146641430e-01 7.282248383049363949e-02
2.307600000000000000e+04 9.942032548636828837e-01 -6.172537867949512425e-02
2.307700000000000000e+04 9.844549004924978419e-01 4.698022309839126193e-02
2.307800000000000000e+04 9.610948237909050507e-01 7.769865075535714594e-02
2.308100000000000000e+04 8.084603531902824214e-01 -9.710541722750701266e-02
2.308200000000000000e+04 9.116372795276612706e-01 9.284923353594358442e-02
2.308300000000000000e+04 1.091800974727763940e+00 -3.339111334485288241e-02
2.308400000000000000e+04 7.611739661216979647e-01 3.223480357430194565e-02
2.308500000000000000e+04 8.433102883145214834e-01 3.660798365442359537e-02
2.311700000000000000e+04 6.914670169337002736e-01 4.346669621404026379e-02
2.312200000000000000e+04 9.349135601020431841e-01 1.747051360727680802e-01
2.312300000000000000e+04 1.009978091299907454e+00 8.989174906539813825e-02
2.312400000000000000e+04 1.040108728247776559e+00 4.452149487084276422e-03
2.312500000000000000e+04 8.979613357896654158e-01 1.121364472936288437e-01
2.313200000000000000e+04 9.151174930338924485e-01 -8.148644025510391742e-02
2.313400000000000000e+04 7.685772485206444626e-01 8.447422739760548915e-02
2.314100000000000000e+04 1.056691313315278435e+00 -3.505079235107396579e-02
2.314200000000000000e+04 1.034990414049451468e+00 6.670517441185276619e-02
2.314300000000000000e+04 1.000337742141889086e+00 -2.886082414509807959e-02
2.314400000000000000e+04 1.076860942931397336e+00 -9.371822694679291660e-03
2.314500000000000000e+04 9.971832132305464835e-01 1.273750750972432039e-02
2.315300000000000000e+04 5.787164638975899056e-01 5.439728488581229565e-02
2.315400000000000000e+04 8.804586315562502596e-01 1.039385483172048791e-01
2.315500000000000000e+04 6.869392421278458505e-01 6.664648925097162169e-02
2.315600000000000000e+04 7.913971851416455872e-01 -4.823930137935410201e-02
2.318200000000000000e+04 9.042601245534344079e-01 5.362303661145122885e-02
2.320400000000000000e+04 4.655871652726292220e-01 -1.847970542181161246e-01
2.320500000000000000e+04 8.548926524192868026e-01 1.357219914537035610e-01
2.322100000000000000e+04 9.314581689934657849e-01 -5.108039794955136770e-02
2.322600000000000000e+04 8.811507892154101240e-01 2.702403089980114775e-02
2.322800000000000000e+04 8.118838936328490741e-01 5.083727197656393026e-02
2.322900000000000000e+04 9.279913030989062062e-01 -1.036357527820723629e-01
2.323000000000000000e+04 5.842827845326679093e-01 -1.959518028454385052e-02
2.323100000000000000e+04 6.973191627219721411e-01 1.136980049841786362e-02
2.323200000000000000e+04 8.531019774817666379e-01 9.244317917642762283e-02
2.323300000000000000e+04 8.503645626033649041e-01 5.757942511999255414e-02
2.323400000000000000e+04 8.173293312312233105e-01 -1.358543971707803187e-02
2.323700000000000000e+04 8.119209443227489720e-01 -5.270946592676666737e-02
2.323800000000000000e+04 8.135342470223171363e-01 6.866307280642269806e-02
2.323900000000000000e+04 8.534585860895882448e-01 1.958055723600737527e-02
2.324000000000000000e+04 8.868348652350894756e-01 2.579278699131596752e-03
2.324100000000000000e+04 8.494522362203260624e-01 -4.810039223115135376e-02
2.324200000000000000e+04 8.822279668632282412e-01 -8.531997043547470683e-03
2.324300000000000000e+04 8.869160347830938873e-01 -2.173269218763757699e-02
2.324400000000000000e+04 8.369723167780046547e-01 8.716245968012209522e-02
2.324500000000000000e+04 8.356309411271541920e-01 -5.251216836352432665e-02
2.324600000000000000e+04 8.062531255789971985e-01 1.332343031086404006e-01
2.324700000000000000e+04 8.536024353579358959e-01 3.048406658269328315e-02
2.325600000000000000e+04 8.602684420153845490e-01 7.995364196381603283e-02
2.325800000000000000e+04 7.123686581023016551e-01 -6.311844933786162071e-02
2.326000000000000000e+04 8.123228001618355565e-01 -1.074481198859058607e-02
2.326100000000000000e+04 8.696107502262153677e-01 5.174816959118881676e-02
2.326200000000000000e+04 8.948771744230362701e-01 -6.019914222219956146e-02
2.326300000000000000e+04 8.968777453354059848e-01 -1.596751986104692073e-02
2.326400000000000000e+04 8.390414864836089892e-01 2.881335724705576251e-02
2.326500000000000000e+04 8.884457305519947168e-01 1.282396056880949833e-02
2.326600000000000000e+04 9.216401925219335212e-01 -9.258675921615702742e-02
2.326700000000000000e+04 9.078717869993118139e-01 -1.023918954641229867e-01
2.327100000000000000e+04 9.623928494261866362e-01 -5.924878236683214089e-02
2.327200000000000000e+04 8.284112801268787019e-01 1.396731322242419082e-01
2.327300000000000000e+04 8.296587230515258815e-01 9.683812662180060760e-02
2.327400000000000000e+04 8.407605866212386481e-01 3.466413734206977987e-02
2.327500000000000000e+04 8.697427585802693928e-01 8.271391730395119546e-02
2.327600000000000000e+04 8.692527316880988009e-01 1.053089339311209793e-02
2.327700000000000000e+04 8.971516357728512858e-01 -5.691384450166758063e-02
2.327800000000000000e+04 8.652053162162550715e-01 -3.023591363541525134e-02
2.327900000000000000e+04 8.351369480715516991e-01 5.156935005442442321e-02
2.328000000000000000e+04 8.709467446318641670e-01 1.426677031594435208e-02
2.330400000000000000e+04 8.600234985630856865e-01 -7.200845777499430278e-02
2.330900000000000000e+04 8.594220275832783473e-01 -8.128322379917014839e-02
2.331000000000000000e+04 7.932816186695780258e-01 -8.696568890584846501e-02
2.350000000000000000e+04 1.057465821153659169e+00 7.011546540269633643e-02
2.350100000000000000e+04 1.041402115488736069e+00 -3.911924213684157825e-02
2.350200000000000000e+04 8.859165404967670465e-01 5.877982259166650292e-02
2.350300000000000000e+04 1.101083890236620011e+00 5.301152466164921889e-02
2.352000000000000000e+04 1.031077137356569029e+00 9.263203078816117930e-03
2.352100000000000000e+04 1.080315548592760910e+00 -1.011887414760585246e-01
2.352200000000000000e+04 1.026156799703958455e+00 -6.558696335918658138e-02
2.352300000000000000e+04 9.805122583339639375e-01 -5.601144975529893932e-02
2.352600000000000000e+04 1.011200603478545457e+00 9.619153675711235307e-03
2.353800000000000000e+04 1.009414145276673391e+00 4.379020078515034192e-02
2.353900000000000000e+04 1.045775187493477087e+00 1.163317578157083143e-01
2.354000000000000000e+04 1.100648379478752270e+00 4.419203562188858203e-04
2.354100000000000000e+04 1.123116710223974746e+00 -6.045716149240466103e-02
2.354200000000000000e+04 1.101196586662332555e+00 -8.752935149986361407e-02
2.354300000000000000e+04 1.019154789592642940e+00 -7.179277522558226432e-02
2.354400000000000000e+04 9.774179783554642897e-01 -4.217940847185015080e-02
2.354500000000000000e+04 9.941495197128633610e-01 -2.136654916200482826e-02
2.355300000000000000e+04 1.152970309261867499e+00 5.364577145900058935e-02
2.355400000000000000e+04 1.029705875055406228e+00 -2.371127829612762472e-02
