2.635200000000000000e+04 1.078319364861996199e+00 1.498989338972198659e-01
2.642200000000000000e+04 6.344802694577587054e-01 -2.081674811595163599e-01
2.642300000000000000e+04 8.566935643440030113e-01 -9.930764906173487894e-02
2.642400000000000000e+04 9.445479125036916335e-01 -2.557633338133005405e-02
2.642500000000000000e+04 1.048456602399937099e+00 3.693311299917505230e-04
2.642800000000000000e+04 1.070709463440500331e+00 2.285238467608732560e-01
2.649700000000000000e+04 8.935289753848802974e-01 -5.312328014852769204e-02
2.649800000000000000e+04 1.002656038351233736e+00 2.669328556380440309e-02
2.649900000000000000e+04 9.785358632156727632e-01 3.057635313770119129e-02
2.650000000000000000e+04 1.087065881459322370e+00 2.688258108877073296e-02
2.650100000000000000e+04 1.027204367248177208e+00 -2.825388310058447178e-02
2.650200000000000000e+04 1.086853038433237328e+00 1.201618715119812109e-01
2.650300000000000000e+04 1.074199245203346198e+00 2.520527668637816410e-01
2.657800000000000000e+04 1.067296734080860565e+00 -7.622937174460084342e-02
2.657900000000000000e+04 1.265214425159579381e+00 3.647201389100436508e-02
2.658000000000000000e+04 1.100172425594117209e+00 -1.683266177593178287e-02
2.658100000000000000e+04 9.028279959167719859e-01 -2.652849887290203296e-02
2.658300000000000000e+04 1.221491625157301808e+00 -5.061761986618670134e-03
2.658400000000000000e+04 7.268823533924874125e-01 1.297910869783872045e-01
2.662000000000000000e+04 1.290129475891996558e+00 -5.630959497405343267e-02
2.662100000000000000e+04 1.236658667850749183e+00 -1.052042682047076017e-01
2.662200000000000000e+04 1.227617805355789127e+00 1.086605464206144567e-02
2.662300000000000000e+04 1.158182184401994830e+00 1.330886204626808011e-01
2.670300000000000000e+04 1.003314423294773494e+00 -6.636680461564706257e-02
2.670400000000000000e+04 1.128273706266283316e+00 7.764715282740015934e-02
2.670500000000000000e+04 1.135523869973440902e+00 1.724823591835675241e-01
2.671400000000000000e+04 9.097606232524840797e-01 2.491587952954660290e-01
2.674600000000000000e+04 1.016533942611525188e+00 -2.747803226250114528e-02
2.674700000000000000e+04 9.738327394010416471e-01 1.864166609814441392e-02
2.676400000000000000e+04 9.520293890581338347e-01 -6.589626430382383715e-02
2.676500000000000000e+04 1.241645395351225645e+00 3.048770535354670269e-02
2.676600000000000000e+04 1.030763194195803978e+00 1.439456562877064992e-02
2.676700000000000000e+04 1.097765709512965815e+00 2.912968831721541446e-02
2.678700000000000000e+04 1.117346547305386739e+00 -8.350047534104376723e-02
2.678800000000000000e+04 9.830837027608829715e-01 3.302434197492530067e-03
2.680200000000000000e+04 9.899182749714765528e-01 -3.478041929958977652e-02
2.680700000000000000e+04 9.930051078542103671e-01 6.038587241716514287e-02
2.680800000000000000e+04 1.079204245755922775e+00 1.965412801608603516e-02
2.680900000000000000e+04 9.213085206183836418e-01 -8.927854224288934992e-02
2.682300000000000000e+04 9.783808312770886362e-01 7.358549116004147947e-03
2.682400000000000000e+04 9.404554969234492079e-01 -4.216747383165005136e-02
2.682500000000000000e+04 1.047379481866300033e+00 -1.820936389056372270e-02
2.682600000000000000e+04 9.453899844634052752e-01 -2.914893073449752875e-02
2.682700000000000000e+04 9.439789299168646064e-01 -5.415250794861587065e-03
2.682800000000000000e+04 1.119871601371790426e+00 5.817040801039617681e-02
2.682900000000000000e+04 1.027196260762424984e+00 9.584167891093327285e-02
2.683000000000000000e+04 1.019878405382396602e+00 1.190400142965384045e-01
2.683100000000000000e+04 9.925933543658873592e-01 1.443431737913832835e-01
2.683200000000000000e+04 1.004092145499283717e+00 5.558498062974634446e-02
2.683300000000000000e+04 1.019354794139516462e+00 2.019149695587018345e-01
2.683400000000000000e+04 1.158185603462455582e+00 2.456138076989192731e-01
2.684600000000000000e+04 1.046257578742410432e+00 9.143866746121143141e-02
2.685000000000000000e+04 1.025152082256112873e+00 1.450285189545467701e-01
2.687700000000000000e+04 1.051404512427757565e+00 8.600272061447795588e-03
2.687800000000000000e+04 1.028176454581163135e+00 1.117956041026739039e-01
2.687900000000000000e+04 9.771207085542797932e-01 7.097955919779880274e-02
2.691300000000000000e+04 1.059654504279062603e+00 1.405931294435426304e-01
2.691400000000000000e+04 8.843776462975652120e-01 -2.294012300974579768e-02
2.693400000000000000e+04 1.060232291901266333e+00 7.410193853546268028e-02
2.693500000000000000e+04 1.113282053465766364e+00 5.589721852408036790e-02
2.696300000000000000e+04 1.011699801080997885e+00 1.107681116320232279e-01
2.696400000000000000e+04 1.078577059888387035e+00 6.726405500195763165e-02
2.697700000000000000e+04 1.082458793673245268e+00 1.472385232757234264e-01
2.697800000000000000e+04 1.134552106447256792e+00 7.708417680418851170e-02
2.701500000000000000e+04 9.185961929733733600e-01 6.004741634651169363e-02
2.701700000000000000e+04 8.553374097041110957e-01 2.071218178890185668e-02
2.702700000000000000e+04 1.078334353450978833e+00 6.549074974204315003e-02
2.704400000000000000e+04 1.075444833772908115e+00 4.204592338950498970e-02
2.704600000000000000e+04 1.071021869999828846e+00 6.371679725749107570e-02
2.706300000000000000e+04 1.260771126355600735e+00 2.123783994145261311e-01
2.706400000000000000e+04 1.069698674652864057e+00 6.974595635185333597e-02
2.707900000000000000e+04 9.386780157643966893e-01 -3.695962130941964074e-02
2.708000000000000000e+04 9.926030466079102110e-01 2.513727174124805175e-02
2.708900000000000000e+04 1.137303819258571824e+00 8.552976844100744491e-02
2.710300000000000000e+04 1.027184456758716502e+00 7.024277240946304353e-03
2.710400000000000000e+04 1.038501948955669718e+00 1.432085625683629862e-02
2.710500000000000000e+04 8.790021960947534962e-01 -7.984138308390065220e-02
2.711300000000000000e+04 1.172658215335577792e+00 9.569192143624895286e-02
2.711900000000000000e+04 1.070806459750919259e+00 1.066333536089660583e-01
2.712000000000000000e+04 1.118399768281888917e+00 8.665709212235855885e-02
2.713200000000000000e+04 1.143948656282729237e+00 1.267164980868891178e-01
2.713300000000000000e+04 1.164934980023679456e+00 1.069169808819244172e-01
2.713400000000000000e+04 1.128814229844063766e+00 1.503407604641844308e-01
2.716300000000000000e+04 1.055948311346377455e+00 8.332578903333716369e-02
2.716400000000000000e+04 1.213287300942597735e+00 7.297323746468295513e-02
2.717800000000000000e+04 1.004463415522323766e+00 1.066889760704209655e-01
2.718700000000000000e+04 1.129727683090829382e+00 1.102234806514944543e-01
2.718800000000000000e+04 1.088433055283312356e+00 1.615174463076992639e-01
2.720500000000000000e+04 9.949762328460673988e-01 2.196715878575697112e-01
2.720600000000000000e+04 1.066190978274836665e+00 1.716267863827783957e-01
2.720700000000000000e+04 1.069721675006136907e+00 1.810506824202679776e-01
2.726000000000000000e+04 1.097695115897398432e+00 1.502849196853744684e-01
2.726100000000000000e+04 1.039376895823681979e+00 1.655670349957208964e-01
2.726200000000000000e+04 1.055769946048403574e+00 1.557036921753423286e-01
2.729400000000000000e+04 1.173757527058361338e+00 1.639840890316080213e-01
2.729500000000000000e+04 1.196189071797553183e+00 8.316969461594780899e-02
2.729600000000000000e+04 1.164830214332716496e+00 1.281597201405944575e-01
2.733000000000000000e+04 1.193882091123916300e+00 1.955800662281595437e-01
2.733100000000000000e+04 1.173164635857383953e+00 1.192533361842590817e-01
2.733200000000000000e+04 1.118111332097776023e+00 1.715901949286152417e-01
2.734100000000000000e+04 1.118221350956291271e+00 1.722722179818096111e-01
2.734200000000000000e+04 1.165577518977749971e+00 1.647592853594538331e-01
2.734300000000000000e+04 1.061269455023225783e+00 1.656993718590199782e-01
2.740400000000000000e+04 1.189444756975874373e+00 5.208067025296600483e-02
2.740500000000000000e+04 1.215276374264893100e+00 1.912630949953520246e-02
2.744800000000000000e+04 9.741171609954658583e-01 -2.265671252561729521e-02
2.744900000000000000e+04 1.019157770316994505e+00 -6.871008623874030885e-02
2.745000000000000000e+04 1.021305727683409215e+00 -1.055217697222628759e-01
2.745100000000000000e+04 9.109765488610207518e-01 -1.208315062251755778e-01
2.745500000000000000e+04 1.097641030092440850e+00 1.239814744015994008e-01
2.760800000000000000e+04 1.177948965302166640e+00 -4.891230062141183055e-02
2.763900000000000000e+04 1.051221903830888316e+00 3.624359207635350494e-02
2.764000000000000000e+04 1.019127115180900711e+00 -4.120297192024835464e-02
2.766100000000000000e+04 9.760666226904642917e-01 -6.784816342174676551e-02
2.767200000000000000e+04 1.122028935279981487e+00 -3.740127138560146725e-02
2.767300000000000000e+04 1.084625398612104608e+00 -5.591094329317247702e-02
2.767400000000000000e+04 1.125878201130275702e+00 6.159862214438395489e-02
2.767500000000000000e+04 1.149760214078245468e+00 5.504265181849544303e-02
2.767600000000000000e+04 1.059465659180696795e+00 1.159451673731616977e-01
2.767700000000000000e+04 1.109799927288459997e+00 1.581180056985029003e-01
2.769500000000000000e+04 1.190465494553299308e+00 6.125819964537392720e-02
2.769700000000000000e+04 1.160695022713892133e+00 9.621806807017446728e-02
2.770500000000000000e+04 1.056816951136213323e+00 1.469807731268446375e-02
2.770600000000000000e+04 1.049052099401919902e+00 -8.166369909136317329e-02
2.770700000000000000e+04 1.159798296554499952e+00 1.102320683327865231e-01
2.770800000000000000e+04 1.074296839305685980e+00 1.132778080943326188e-01
2.770900000000000000e+04 1.147882373977249904e+00 1.346836168892349798e-02
2.771000000000000000e+04 1.106906322245170937e+00 1.748001428022505910e-01
2.772200000000000000e+04 1.160513533879101944e+00 6.981863591724307705e-02
2.772500000000000000e+04 1.220019574443568899e+00 8.058959811571510257e-02
2.772600000000000000e+04 1.229272803485794041e+00 8.146465209354813997e-02
2.773300000000000000e+04 1.121795442584049285e+00 7.163464823806572901e-03
2.773400000000000000e+04 1.027103403693617745e+00 -1.602641977840003201e-02
2.773500000000000000e+04 1.128188138597750134e+00 5.358200784515698700e-02
2.773600000000000000e+04 1.037850784446103347e+00 1.503302098098194817e-01
2.773700000000000000e+04 1.170243497749418049e+00 8.855276284559053523e-02
2.773800000000000000e+04 1.077980382206064514e+00 1.256456546803728924e-01
2.775200000000000000e+04 1.169821290941922776e+00 -4.115572432065865358e-03
2.775300000000000000e+04 1.144984669237196995e+00 -3.919643597363683257e-02
2.776900000000000000e+04 1.057255016858333452e+00 -5.832428976891585598e-02
2.777000000000000000e+04 1.177131784615641275e+00 2.665275056167478243e-02
2.777100000000000000e+04 1.013056092928172447e+00 8.294036119791815820e-02
2.777200000000000000e+04 1.156983499897544121e+00 9.091287514793051916e-02
2.777300000000000000e+04 1.085010225007843498e+00 2.408401788128505111e-02
2.777400000000000000e+04 1.071522765935422727e+00 1.206588223847640806e-01
2.779500000000000000e+04 1.116053864673276275e+00 -5.337888216206173458e-02
2.779600000000000000e+04 1.253090151679145059e+00 -5.080681999051510356e-02
2.779700000000000000e+04 1.084366220958440818e+00 -2.913059067833611779e-02
2.779800000000000000e+04 1.214706290093092056e+00 -2.827902407718642028e-02
2.779900000000000000e+04 6.612998756089124575e-01 -4.656048178700962492e-02
2.783100000000000000e+04 1.112466665234919772e+00 -5.260201581934247778e-02
2.783200000000000000e+04 1.355947857803884604e+00 -1.342523348388492688e-02
2.783300000000000000e+04 1.496801337418152356e+00 1.705469385022810244e-02
2.783500000000000000e+04 1.114505738815707137e+00 -1.042085194708657287e-03
2.783600000000000000e+04 1.114405088628834806e+00 1.624996156166878813e-02
2.785200000000000000e+04 1.243083315357657481e+00 1.166863706724630481e-02
2.785300000000000000e+04 1.241036415657960523e+00 -1.544577478397743051e-02
2.785400000000000000e+04 1.065774545679563090e+00 -2.747300384624668662e-02
2.785500000000000000e+04 1.045730673145757850e+00 2.569636031359772126e-03
2.785600000000000000e+04 9.376841669506196242e-01 1.277908584480207665e-01
2.785700000000000000e+04 9.883112365796061782e-01 1.725334960059903278e-01
2.785800000000000000e+04 1.058951796010425328e+00 4.075973359098872262e-02
2.785900000000000000e+04 1.079712232164818930e+00 1.672671603193947448e-02
2.787500000000000000e+04 1.090672843432514583e+00 6.271583876837828753e-02
2.789600000000000000e+04 1.138280260475716732e+00 7.453600364429284475e-02
2.789700000000000000e+04 1.051723163267719308e+00 6.124598468437710691e-03
2.791900000000000000e+04 1.024022325445816950e+00 4.078123274575819884e-02
2.792000000000000000e+04 9.898507535621733355e-01 1.323756358441514902e-01
2.792100000000000000e+04 9.712016624821452337e-01 1.380991759212037151e-01
2.792200000000000000e+04 1.017262811535491362e+00 3.924838938821637035e-02
2.792300000000000000e+04 1.054605586141202256e+00 1.424232766904633407e-01
2.792400000000000000e+04 1.095194572183018522e+00 1.236362646057686671e-01
2.793700000000000000e+04 1.081129296811054630e+00 3.158728762194763784e-02
2.793800000000000000e+04 9.020251214764453129e-01 -3.106933590814617285e-02
2.793900000000000000e+04 9.646705950941965035e-01 9.934413440396357153e-02
2.794000000000000000e+04 9.333555089390790371e-01 1.126476184506717687e-01
2.794100000000000000e+04 1.008658123957116404e+00 1.721101256033592541e-01
2.794200000000000000e+04 1.025839682447373447e+00 1.429708370735834067e-01
2.794300000000000000e+04 1.015524856279762744e+00 1.855836421773739142e-01
2.798000000000000000e+04 9.884205072316512020e-01 6.597497039983258801e-03
2.798100000000000000e+04 1.035165600391277030e+00 6.411247201526987238e-02
2.798200000000000000e+04 9.552865009807990360e-01 5.756416751575935825e-02
2.798300000000000000e+04 9.144061051892519165e-01 1.254903795861191940e-01
2.798400000000000000e+04 1.024349830637663716e+00 1.667737925665953858e-01
2.798500000000000000e+04 9.982427706409704449e-01 1.695425092858739435e-01
2.798600000000000000e+04 1.013777288844108115e+00 7.433533811102360778e-02
2.798700000000000000e+04 1.006987587071187740e+00 1.569299189726945931e-01
2.804600000000000000e+04 1.059333525260832021e+00 1.044671661631067262e-03
2.804700000000000000e+04 1.048161481702822195e+00 5.586168575975353906e-02
2.805000000000000000e+04 7.982736779472848765e-01 1.859517181998981694e-01
2.809200000000000000e+04 9.565655460317810110e-01 8.029659775503400487e-02
2.809300000000000000e+04 9.716838770064440967e-01 1.717140403005859017e-01
2.809400000000000000e+04 1.013534323606168464e+00 9.880175466544297014e-02
2.809500000000000000e+04 1.114176512692902188e+00 3.305165002881197550e-02
2.810900000000000000e+04 1.000570474459008707e+00 6.635163674843544412e-02
2.811000000000000000e+04 9.989097581913128909e-01 8.087435709608369050e-02
2.820600000000000000e+04 8.942488003218546089e-01 8.934384205028840509e-02
2.825600000000000000e+04 8.665402074404097155e-01 -3.254606871521183858e-02
2.825700000000000000e+04 8.527427468395420984e-01 5.361319880879947264e-02
2.826100000000000000e+04 6.568719697783335087e-01 1.854597635800010469e-01
