3.672100000000000000e+04 9.907355880729146191e-01 2.771083856731531084e-02
3.672200000000000000e+04 1.005736755204893917e+00 -1.674256991670440217e-02
3.672300000000000000e+04 1.026847868378680140e+00 -4.883969845505006097e-02
3.672400000000000000e+04 9.851023206630187268e-01 -1.107297999761869267e-02
3.672700000000000000e+04 9.969013934476221861e-01 -1.549254225026949240e-02
3.672800000000000000e+04 1.053820754279328087e+00 -4.541085021286876688e-02
3.673000000000000000e+04 1.032597377360702451e+00 -5.264515996160274575e-02
3.673100000000000000e+04 1.064743544408593090e+00 -1.533270741484581146e-01
3.673200000000000000e+04 1.057357103816375821e+00 -6.614074750081741505e-02
3.673300000000000000e+04 1.022137236046715358e+00 -6.773839651393295802e-02
3.674400000000000000e+04 9.336534693211374636e-01 -6.617540548588162624e-03
3.674500000000000000e+04 9.470428844386152845e-01 -1.396251121863642183e-02
3.674600000000000000e+04 9.613225049744290596e-01 -9.225232773977671543e-04
3.674700000000000000e+04 9.575560238810183478e-01 4.332848188444705928e-02
3.674800000000000000e+04 9.957849481207869946e-01 1.415688700385924620e-02
3.674900000000000000e+04 1.134268996713999167e+00 -1.570065248273811997e-01
3.675000000000000000e+04 1.071559073705324661e+00 -8.001633366490779053e-02
3.675100000000000000e+04 1.084718131219096104e+00 -9.556093805684338915e-02
3.675200000000000000e+04 1.083576036106369100e+00 -1.043405285000640892e-01
3.675300000000000000e+04 1.082691022120944702e+00 -1.075733342322875846e-01
3.675400000000000000e+04 1.077300391310873406e+00 -6.440426875095248138e-02
3.675500000000000000e+04 9.317295932945439674e-01 5.055266420535745216e-03
3.675600000000000000e+04 9.773568372641451285e-01 5.291769818216532362e-02
3.676600000000000000e+04 8.948845996505969680e-01 -5.147128895878193972e-02
3.676700000000000000e+04 9.173087371468097162e-01 8.822216505261286368e-02
3.676800000000000000e+04 9.046618245973085948e-01 7.508996305017223705e-02
3.676900000000000000e+04 9.136176123464003762e-01 2.763354896786918147e-02
3.677100000000000000e+04 9.499143581344561271e-01 -5.984873144431607228e-05
3.677200000000000000e+04 9.152184175525760468e-01 3.531869424441225896e-02
3.677300000000000000e+04 1.072745629803160794e+00 -4.463612597534028642e-02
3.677400000000000000e+04 1.011094587083763763e+00 -1.258729107585098150e-01
3.677500000000000000e+04 1.068980166811707821e+00 7.098273973564298012e-02
3.677600000000000000e+04 1.003054982564894670e+00 -6.154260753698773817e-02
3.677700000000000000e+04 9.827177536822881976e-01 3.754605327559066424e-02
3.677800000000000000e+04 8.542646987169483230e-01 -8.295037373764900523e-02
3.677900000000000000e+04 9.779091795562490086e-01 1.057635532917665655e-01
3.679300000000000000e+04 9.115643809379867513e-01 8.515404040622089055e-02
3.679400000000000000e+04 9.975558015440009196e-01 -2.823116850291573082e-02
3.679500000000000000e+04 9.318045835083349493e-01 1.723222457244866918e-03
3.679600000000000000e+04 8.945366775128479331e-01 1.398573355805124430e-01
3.679700000000000000e+04 8.683049486894611757e-01 3.211922922398299102e-02
3.679800000000000000e+04 1.043852517309672434e+00 6.841418067682143722e-02
3.679900000000000000e+04 9.691862634908757768e-01 -1.880701574796905806e-02
3.680000000000000000e+04 1.021543086102251641e+00 -3.828506036415449398e-02
3.680100000000000000e+04 9.502240709887893599e-01 5.426406984232283459e-02
3.680200000000000000e+04 9.394291599640722801e-01 8.090141549605821270e-02
3.680300000000000000e+04 9.375898298378851914e-01 -3.577075626410027021e-02
3.680400000000000000e+04 9.774471387201202344e-01 -8.542239842125850038e-04
3.680500000000000000e+04 1.040253615143523325e+00 7.138178907681316798e-02
3.681700000000000000e+04 9.030429650701132793e-01 -7.213908896154543060e-02
3.682100000000000000e+04 9.753050834319495488e-01 -9.663166403745813982e-02
3.682200000000000000e+04 1.000996063436467631e+00 2.318585834265414827e-02
3.682300000000000000e+04 1.003543555498021878e+00 -7.718293151688844500e-02
3.682400000000000000e+04 1.019032605860247465e+00 -5.409803619285863396e-02
3.682500000000000000e+04 9.748512459523791529e-01 2.383547906458633597e-02
3.682600000000000000e+04 1.021758105584506637e+00 -4.029135436135902054e-02
3.682700000000000000e+04 1.025080460164565999e+00 -2.229896640026336058e-02
3.682800000000000000e+04 9.581837258003716995e-01 4.667077758398631426e-02
3.682900000000000000e+04 9.838137395261526974e-01 2.560168478309978943e-02
3.683000000000000000e+04 9.790389637579021143e-01 -5.093429527578644672e-02
3.683100000000000000e+04 1.002139764848179571e+00 -9.915949900321264013e-03
3.684900000000000000e+04 1.010698635848725546e+00 6.009896478611814925e-03
3.685200000000000000e+04 8.854154710500008463e-01 -9.256408901372223386e-02
3.685300000000000000e+04 8.879769779501027749e-01 3.793094669005184910e-02
3.685400000000000000e+04 9.971367168082626575e-01 4.622902998276313090e-03
3.685500000000000000e+04 9.879221735414842609e-01 2.575795580171819088e-02
3.685600000000000000e+04 9.925940426552729567e-01 1.100963296939204972e-01
3.685900000000000000e+04 1.031422162520629238e+00 9.978045118284262216e-02
3.686000000000000000e+04 9.340299191610933471e-01 -1.401409084343475595e-02
3.686100000000000000e+04 9.769741986375227727e-01 1.268961907801685260e-02
3.686200000000000000e+04 1.027246594960576243e+00 5.256413400966378213e-02
3.686300000000000000e+04 8.756124224286347957e-01 -5.411985969520241579e-02
3.686400000000000000e+04 1.077063116112206842e+00 6.401477395181653929e-02
3.690500000000000000e+04 9.317622021314336811e-01 4.515563503864953449e-03
3.690600000000000000e+04 9.606699630728957606e-01 1.375100409998380145e-02
3.692700000000000000e+04 9.376128542489052808e-01 -6.389307904160620999e-02
3.704300000000000000e+04 7.829986234693862013e-01 -3.125738812286376483e-02
3.705300000000000000e+04 7.804974923544909515e-01 -1.270136276016940562e-02
3.705400000000000000e+04 8.505721798111927079e-01 -3.655777939681999905e-02
3.706600000000000000e+04 8.607270329943620402e-01 8.672682374787080845e-03
3.707600000000000000e+04 8.980304945316511800e-01 7.171067267109727805e-02
3.707700000000000000e+04 8.101039545945603049e-01 -5.812299271201515349e-02
3.707800000000000000e+04 9.472773656049783275e-01 3.029165915507421591e-02
3.707900000000000000e+04 8.809531568832776882e-01 7.661134335865417422e-02
3.708300000000000000e+04 9.708202518642508050e-01 -1.730750180455523091e-02
3.708400000000000000e+04 9.623352140017430445e-01 -4.674394860002482194e-02
3.708500000000000000e+04 9.062138614333330455e-01 -4.695150511830382262e-03
3.710700000000000000e+04 8.927011705482966741e-01 8.674713456755805616e-03
3.710800000000000000e+04 8.339749593188056087e-01 8.367698431305660434e-02
3.711100000000000000e+04 8.488573107976045140e-01 1.595008849854149258e-01
3.711200000000000000e+04 1.021772221001315595e+00 6.079590064017767470e-02
3.711900000000000000e+04 9.187597717141295917e-01 1.048095784781456208e-01
3.712000000000000000e+04 8.520535074597562764e-01 3.114989728048245601e-02
3.712600000000000000e+04 1.047670099056482895e+00 -3.523293253970424116e-02
3.714200000000000000e+04 8.396189083501380823e-01 9.890665872989473639e-02
3.714300000000000000e+04 8.512031684537225695e-01 1.036159693323533970e-01
3.714700000000000000e+04 1.035681666740760898e+00 -3.150139055884851325e-02
3.714800000000000000e+04 1.006221237384036904e+00 -5.370021647939375586e-02
3.714900000000000000e+04 1.026134661600129006e+00 -4.578688683870805326e-02
3.715000000000000000e+04 1.016306308720903440e+00 8.025716208793794160e-02
3.715800000000000000e+04 9.140374497446717150e-01 8.221120677899493301e-02
3.715900000000000000e+04 7.532961242683854364e-01 1.205102369670249668e-01
3.716000000000000000e+04 9.763222503705306643e-01 5.638830427208800511e-02
3.716100000000000000e+04 1.000462738582730715e+00 -1.639267240625887079e-02
3.716400000000000000e+04 9.833097925675469142e-01 1.969033824817816719e-02
3.716500000000000000e+04 1.106242113786973347e+00 -9.549740746320753426e-02
3.716600000000000000e+04 9.801033725443647482e-01 -1.648664868240803938e-02
3.716700000000000000e+04 9.842026052645228562e-01 6.140916896158887806e-02
3.716800000000000000e+04 9.619933515365304277e-01 4.806899165165322979e-02
3.716900000000000000e+04 9.372582384421167534e-01 6.086283560683327515e-02
3.718200000000000000e+04 8.685020618151066962e-01 7.878726722578012487e-02
3.718300000000000000e+04 9.582633828931579334e-01 -1.036565993342962594e-01
3.718400000000000000e+04 1.031301914582703372e+00 -1.243257089093762757e-01
3.718500000000000000e+04 1.031741641043239177e+00 -5.169186606725710564e-02
3.718600000000000000e+04 1.055396337410433372e+00 2.760735285629901947e-02
3.718700000000000000e+04 9.784987300067795601e-01 -4.900412966891025401e-02
3.718800000000000000e+04 9.212691011940754571e-01 1.914989078261530309e-01
3.718900000000000000e+04 9.350147007046704095e-01 8.155739560806832267e-02
3.719000000000000000e+04 9.250700350588992871e-01 7.931318881809347465e-02
3.719200000000000000e+04 9.896313804742691289e-01 3.827069965548095254e-02
3.719300000000000000e+04 1.007814233621324940e+00 1.316419328584655657e-01
3.719400000000000000e+04 1.001147154356561986e+00 9.901885646207615743e-02
3.720700000000000000e+04 8.946880700082243676e-01 9.268754209646112852e-02
3.720800000000000000e+04 9.240609038429182798e-01 3.974142270699859703e-02
3.721100000000000000e+04 1.093061183074081955e+00 -9.920914808967409848e-02
3.721200000000000000e+04 1.018617541573081819e+00 3.775798011072711846e-02
3.721300000000000000e+04 9.969819872381195935e-01 -4.939418568344139393e-02
3.721400000000000000e+04 1.091278414870068492e+00 6.297662583086588439e-02
3.721500000000000000e+04 1.013203013984458112e+00 7.697893999819946376e-02
3.721600000000000000e+04 1.016596412749900757e+00 1.377681386203032446e-02
3.721700000000000000e+04 9.423239329177515167e-01 1.101417203699840870e-02
3.721800000000000000e+04 9.946933803302705490e-01 2.770170055235963297e-02
3.722100000000000000e+04 9.844381059609383922e-01 1.227389917052727902e-01
3.722200000000000000e+04 9.119187733207257951e-01 6.284633201041825434e-02
3.722300000000000000e+04 9.417726463859433794e-01 1.323243814209235925e-01
3.724000000000000000e+04 8.937989743341020477e-01 -1.254998704076337734e-01
3.724100000000000000e+04 9.650549401818017126e-01 3.577661961805802399e-02
3.724200000000000000e+04 9.366220817031243318e-01 1.183978601132159268e-02
3.724300000000000000e+04 9.569909299742720421e-01 -4.633018332674986722e-02
3.724400000000000000e+04 9.518882777161030706e-01 -2.614227816997576059e-02
3.724500000000000000e+04 9.708722021740101571e-01 5.458696059555585151e-02
3.724600000000000000e+04 9.055198877342498509e-01 6.057987137006146799e-03
3.724700000000000000e+04 9.271893063555823877e-01 1.123494786882204000e-01
3.724800000000000000e+04 8.938332338172731983e-01 1.231095716656752381e-01
3.724900000000000000e+04 9.588293399480934953e-01 6.580304294374500484e-02
3.725000000000000000e+04 9.622247190882479151e-01 1.010185345826000863e-01
3.725100000000000000e+04 8.652492844939667638e-01 6.970595994494917236e-02
3.725200000000000000e+04 9.097893004726937960e-01 1.372990749286980283e-01
3.726400000000000000e+04 7.988712652775679102e-01 8.381915757950261781e-02
3.726600000000000000e+04 1.035496714046580058e+00 7.854182995310693416e-02
3.726700000000000000e+04 7.160306451341990064e-01 2.276290809570239923e-02
3.727500000000000000e+04 9.199420403144185077e-01 1.859627153794597698e-03
3.727700000000000000e+04 7.866588203785218614e-01 1.064525730984623303e-01
3.727800000000000000e+04 8.549655451804519801e-01 -3.506213693028308043e-02
3.727900000000000000e+04 7.523395103607329881e-01 9.056241112810561877e-02
3.728300000000000000e+04 9.886082317776039297e-01 1.081315295168305407e-01
3.728400000000000000e+04 7.745709940435803187e-01 1.082790276835104287e-01
3.728500000000000000e+04 9.385454684778475887e-01 1.023954294890051103e-01
3.729100000000000000e+04 9.904109005925209042e-01 -4.858220716758099994e-02
3.729200000000000000e+04 8.103785422710960695e-01 4.683044911268833405e-02
3.729300000000000000e+04 9.228007869348630043e-01 8.408447511749902320e-03
3.729400000000000000e+04 8.860392931950566986e-01 7.436978340908288049e-03
3.729500000000000000e+04 9.583475373888736826e-01 -2.385758311836230078e-02
3.729600000000000000e+04 8.804026863484378795e-01 -7.398414252874986607e-02
3.729700000000000000e+04 8.145261946883727289e-01 1.159533297505486726e-01
3.729800000000000000e+04 9.111425841168635520e-01 7.136245585599892971e-02
3.729900000000000000e+04 9.040934728649353547e-01 -1.006288939784085595e-01
3.730200000000000000e+04 9.540097024739838671e-01 8.100446460738696189e-03
3.730300000000000000e+04 9.286965648063111312e-01 5.978084146815122041e-02
3.730400000000000000e+04 8.540192883580611793e-01 1.419635872504955709e-01
3.732400000000000000e+04 9.059726217702112061e-01 1.166832190130140737e-02
3.732500000000000000e+04 8.222933004842847282e-01 4.625000862941033852e-02
3.732800000000000000e+04 9.372611625911345667e-01 1.102197606256087939e-02
3.732900000000000000e+04 9.778721192807225959e-01 7.827518410016244543e-02
3.733000000000000000e+04 9.259109694696660009e-01 -1.556805504843996289e-02
3.733100000000000000e+04 9.658647161804656545e-01 6.731526342718435751e-02
3.733200000000000000e+04 9.260266046591748568e-01 -3.739036015440593691e-02
3.733500000000000000e+04 8.756670815630989146e-01 7.524282559294634409e-02
3.733600000000000000e+04 9.117993380708865336e-01 1.092234992470208638e-01
3.734700000000000000e+04 9.737364529409158198e-01 6.024914733289540164e-02
3.734800000000000000e+04 8.838471713767026561e-01 7.653271393462335315e-03
3.734900000000000000e+04 8.601827106787117705e-01 4.799916042987953900e-04
3.735000000000000000e+04 8.970473592848160482e-01 3.549739930380864383e-02
3.735100000000000000e+04 9.050935923023403218e-01 7.925287169112539554e-02
3.735200000000000000e+04 9.398515279106981479e-01 3.363523819776197132e-02
3.735300000000000000e+04 8.828273867621120319e-01 -2.407864852891629381e-02
3.735400000000000000e+04 1.045414110592794099e+00 2.138369853694494643e-02
3.735500000000000000e+04 8.924177943490736453e-01 7.610845660410384128e-02
3.735600000000000000e+04 9.213123769592153067e-01 9.362728297146846734e-02
3.735700000000000000e+04 9.060935549550765966e-01 6.387533619366597692e-02
3.747900000000000000e+04 8.833996763309495126e-01 -1.949856160263834307e-02
3.749400000000000000e+04 9.773623140639894347e-01 -2.934586683396498558e-02
3.749500000000000000e+04 9.377536738876773859e-01 8.940766772171532262e-02
3.749600000000000000e+04 9.044850109731236154e-01 -1.308954252765340831e-01
3.756300000000000000e+04 8.805425854692017218e-01 1.429290989841075152e-02
3.756400000000000000e+04 7.963244765360664168e-01 1.227423404744084068e-01
3.765700000000000000e+04 7.853950128434694644e-01 1.294658762073849258e-02
3.765800000000000000e+04 9.555617342655799984e-01 -2.290634984290353462e-02
3.765900000000000000e+04 8.883703314666095974e-01 -2.980097188997889515e-02
3.766000000000000000e+04 6.180363776431130329e-01 1.181788464512589787e-01
