4.541900000000000000e+04 1.040468564116237227e+00 1.076236177293483226e-03
4.542000000000000000e+04 9.642120591702566523e-01 3.210320280529987969e-02
4.542100000000000000e+04 9.961446818135052395e-01 2.492933428897284656e-02
4.542400000000000000e+04 9.835813265352997270e-01 3.749248049964243323e-02
4.544100000000000000e+04 1.053351207830202307e+00 5.342713952024211177e-02
4.546400000000000000e+04 1.061527924748831397e+00 3.256465780842134755e-02
4.569100000000000000e+04 1.006302675036335748e+00 9.094075600649098590e-02
4.569200000000000000e+04 9.199294225626120092e-01 -5.223271180296328725e-02
4.569300000000000000e+04 9.453092391845716591e-01 -3.306963287367430809e-02
4.569400000000000000e+04 1.000321459145002922e+00 2.330050601543558891e-02
4.569500000000000000e+04 1.020845047185829024e+00 1.141373885165210267e-01
4.569600000000000000e+04 1.017297180150214864e+00 2.715760169691268378e-02
4.569800000000000000e+04 1.258089436908746084e+00 -6.237961584355065231e-02
4.569900000000000000e+04 9.655912800990723577e-01 3.159680410174683929e-02
4.571200000000000000e+04 7.601180449897023683e-01 9.812796470273188465e-02
4.571300000000000000e+04 9.350523497423817165e-01 1.629827802980044968e-02
4.571500000000000000e+04 9.755122931999599123e-01 3.571716583124898842e-02
4.571600000000000000e+04 9.869061525293398862e-01 5.841619799151122339e-02
4.571700000000000000e+04 9.841480217783483697e-01 -1.640060423091355135e-02
4.574000000000000000e+04 9.432923011042703143e-01 -7.396872533913613490e-02
4.574100000000000000e+04 9.962865702224708020e-01 3.855858862504044082e-02
4.574200000000000000e+04 1.044213824952280101e+00 -3.053014021262998381e-02
4.574300000000000000e+04 1.012554179640849039e+00 9.550066171500104506e-02
4.574400000000000000e+04 1.046720695011088109e+00 5.864733329395087347e-02
4.574500000000000000e+04 1.064862855022947974e+00 -9.905974717881849134e-02
4.574600000000000000e+04 1.035881055630895053e+00 -7.076175707152407290e-02
4.574700000000000000e+04 1.029469085009339757e+00 -1.434468960804317558e-03
4.576600000000000000e+04 1.002742931907704804e+00 -9.107377406705913789e-04
4.576700000000000000e+04 1.086097871378173263e+00 4.311246365783993201e-02
4.576800000000000000e+04 1.084798794492328300e+00 5.206440696244444416e-02
4.576900000000000000e+04 1.030166076828830990e+00 1.400052859206685207e-01
4.577000000000000000e+04 1.020382762231636598e+00 1.418421360968183942e-01
4.577100000000000000e+04 9.576971434764787183e-01 1.616475500927574971e-02
4.577200000000000000e+04 1.005806159375651765e+00 6.347957379945902423e-02
4.579000000000000000e+04 1.065658048194483953e+00 9.416072929115704149e-02
4.579100000000000000e+04 1.040188732788771331e+00 6.686042712834723567e-02
4.579200000000000000e+04 1.043136270328758775e+00 3.779830399116640427e-02
4.579300000000000000e+04 9.940375819838797034e-01 4.528323297423031413e-02
4.579400000000000000e+04 1.048504848877478635e+00 4.160008537746964774e-03
4.579500000000000000e+04 1.040762283026859913e+00 1.141516231452500973e-01
4.579600000000000000e+04 9.882514715643301306e-01 -3.135926182312014782e-02
4.579700000000000000e+04 9.715258047918318152e-01 -2.078575106654850096e-02
4.580500000000000000e+04 1.032783471105751083e+00 3.198305314224508117e-02
4.580600000000000000e+04 1.025296633764174015e+00 -2.786009520300214426e-02
4.582500000000000000e+04 9.810953242801945251e-01 -1.460129402956324846e-02
4.582600000000000000e+04 1.032711764156917456e+00 -1.827650885539534864e-02
4.582700000000000000e+04 1.006199847111696188e+00 1.297955465575683365e-01
4.582800000000000000e+04 1.023200766182104759e+00 1.091384282266238126e-01
4.582900000000000000e+04 1.039923522721110771e+00 -9.361607767418808276e-03
4.583000000000000000e+04 1.032672798923609303e+00 -5.950838183164624921e-03
4.583100000000000000e+04 1.058777252782890699e+00 1.013967554224158019e-01
4.583200000000000000e+04 9.920742232854353748e-01 6.581671485595116944e-02
4.584000000000000000e+04 8.911908232071665825e-01 -1.023234373017642418e-01
4.584100000000000000e+04 8.762876867217372912e-01 1.128947910498058205e-01
4.585500000000000000e+04 1.039582337356411701e+00 8.352076969991242827e-02
4.585600000000000000e+04 1.055550600672883865e+00 4.188652058850209081e-02
4.585800000000000000e+04 1.006181180664007746e+00 -2.658357253337697689e-03
4.586800000000000000e+04 1.107976475083291890e+00 -2.064236154504290460e-02
4.586900000000000000e+04 9.870308498256505914e-01 3.429306290408344615e-02
4.587000000000000000e+04 9.826787040196975909e-01 -4.344860845449353970e-02
4.588200000000000000e+04 1.062759827819125480e+00 3.340523058097533138e-02
4.588300000000000000e+04 1.033158924071265750e+00 -2.252073635511958605e-02
4.588400000000000000e+04 1.043317669791444802e+00 5.174301262068772833e-02
4.588500000000000000e+04 1.038604475561144991e+00 7.533813463746422134e-02
4.588600000000000000e+04 1.071444373420106899e+00 4.274991869766298774e-02
4.588700000000000000e+04 1.058159020840724773e+00 1.061659857198411355e-01
4.588800000000000000e+04 9.747192061254551509e-01 -2.730425424543799634e-02
4.588900000000000000e+04 6.514866356340218712e-01 -8.876001564668728125e-03
4.589900000000000000e+04 1.107931708360914147e+00 4.424050121266542845e-02
4.590000000000000000e+04 1.017273225031984696e+00 1.402901960498573186e-02
4.591500000000000000e+04 1.118500590729422539e+00 3.591469321092241596e-02
4.591600000000000000e+04 1.051653255312256841e+00 3.912283153414226888e-02
4.591700000000000000e+04 1.109997787900210531e+00 1.302290728329760436e-02
4.591800000000000000e+04 1.100034113814347458e+00 -5.883490496289109362e-02
4.591900000000000000e+04 1.183873179958534916e+00 -6.541163171233649667e-03
4.592000000000000000e+04 1.169413143443032599e+00 2.439428115121295565e-02
4.592800000000000000e+04 9.374061215131868074e-01 3.323953607927027099e-02
4.593100000000000000e+04 1.067932177981583797e+00 -7.368470995002078527e-02
4.594300000000000000e+04 1.067261463194121518e+00 2.095055778371674934e-02
4.594400000000000000e+04 1.034575858617627020e+00 -1.174087406429995782e-02
4.594500000000000000e+04 1.097269396315986301e+00 1.151323067375380378e-02
4.594600000000000000e+04 1.177216183772046287e+00 8.580036054122669106e-03
4.595300000000000000e+04 9.987723927584102324e-01 7.100548564974887983e-03
4.595600000000000000e+04 1.029219822513050442e+00 -4.200505677960255507e-02
4.595700000000000000e+04 1.071899980812272002e+00 3.897151684645348835e-02
4.596800000000000000e+04 1.068773188804307051e+00 3.405192405328221622e-02
4.596900000000000000e+04 1.071052616208257202e+00 3.776015932452742030e-02
4.597700000000000000e+04 9.349716763842149669e-01 -9.415336654719665133e-02
4.598100000000000000e+04 1.025881588658767773e+00 -1.748733060799394570e-02
4.598200000000000000e+04 1.025701639836447576e+00 2.245725392136907472e-02
4.599800000000000000e+04 9.849762014380489816e-01 3.320145717409139774e-02
4.600200000000000000e+04 1.065983599344690669e+00 -7.794547280406949330e-02
4.600300000000000000e+04 1.097195431028034074e+00 1.474154476008751775e-02
4.612300000000000000e+04 1.167670296586763801e+00 3.909195530319674317e-02
4.612400000000000000e+04 1.078047324129274287e+00 -7.174198382541369101e-02
4.612500000000000000e+04 1.128924389378290760e+00 7.015241393197622910e-02
4.613600000000000000e+04 1.013791316086129157e+00 -7.044119695652475976e-02
4.613700000000000000e+04 1.048501602651727538e+00 1.422977961270771585e-01
4.613800000000000000e+04 1.110258449047312190e+00 2.685141283931091749e-02
4.615700000000000000e+04 1.037203244502505672e+00 7.252569490551222242e-02
4.615800000000000000e+04 1.062453843423888822e+00 1.973848419828089229e-02
4.616900000000000000e+04 1.012194972294939488e+00 3.188284705161584243e-02
4.617000000000000000e+04 1.090887533427891798e+00 4.240012731219230252e-02
4.617100000000000000e+04 1.024617627023159727e+00 -2.940724311575768253e-03
4.623700000000000000e+04 1.041221259088709106e+00 5.978487146675161984e-02
4.623800000000000000e+04 1.011224961954798607e+00 1.313453264231188578e-01
4.623900000000000000e+04 9.760694555191929966e-01 6.154215258881280681e-02
4.625600000000000000e+04 9.893331196538308614e-01 5.450205240730675998e-02
4.629200000000000000e+04 1.039692893134009477e+00 8.026602693288080459e-03
4.631600000000000000e+04 1.021963505682378814e+00 -3.209995139849156770e-02
4.633000000000000000e+04 1.130361117020368233e+00 -2.845613787636558714e-02
4.633800000000000000e+04 1.002997774704414979e+00 5.707360270648564882e-02
4.636600000000000000e+04 1.024044760654701181e+00 3.666379184821676879e-02
4.638100000000000000e+04 1.021461615725968608e+00 1.499952226838307742e-02
4.638200000000000000e+04 1.008126748369330805e+00 -1.321015975085916734e-02
4.638300000000000000e+04 1.022210824493454018e+00 -3.751354427637478700e-02
4.639100000000000000e+04 1.076215662041663190e+00 -6.828884929265933990e-02
4.640600000000000000e+04 1.151711473323544954e+00 -2.465266936213364110e-02
4.640800000000000000e+04 1.046517693671803473e+00 7.089303744525049175e-03
4.640900000000000000e+04 1.062592650706937869e+00 -2.241650293827592705e-02
4.641000000000000000e+04 1.131875273616623545e+00 -8.567272198384488779e-02
4.642100000000000000e+04 1.060431715940684860e+00 1.294703515602288468e-01
4.642700000000000000e+04 9.677922481761933593e-01 5.351303484175128078e-02
4.642800000000000000e+04 9.430215550913358946e-01 4.647355307066319829e-02
4.643400000000000000e+04 1.025604860920049877e+00 4.963674513079699424e-02
4.643500000000000000e+04 9.480570243647011841e-01 2.465353439324875773e-02
4.643700000000000000e+04 9.872136174281028742e-01 4.877626217475393433e-02
4.643800000000000000e+04 9.979406397489112290e-01 6.009984303662108118e-02
4.643900000000000000e+04 9.714259631843000786e-01 -4.080215105724865898e-02
4.644800000000000000e+04 1.053800565641902054e+00 6.744028807881118082e-02
4.645400000000000000e+04 1.022719962126727555e+00 2.083281842823637292e-02
4.645500000000000000e+04 9.004272146548707445e-01 8.565326066442521813e-02
4.645600000000000000e+04 9.584838768522982999e-01 6.717330213665681504e-02
4.645700000000000000e+04 9.202313590538166999e-01 -1.894063735642896595e-02
4.646200000000000000e+04 1.032440645831750992e+00 -8.670502375854571842e-02
4.646400000000000000e+04 1.044154225528755697e+00 1.132804179176267155e-02
4.646500000000000000e+04 1.018376143649321941e+00 5.259890006647104099e-02
4.646600000000000000e+04 9.680029281476831837e-01 2.616911373776950600e-02
4.648800000000000000e+04 8.966538297669759405e-01 -1.837982516667374666e-02
4.648900000000000000e+04 1.000408704267926163e+00 6.764972780424586239e-03
4.649000000000000000e+04 9.265333612001378505e-01 -2.756509691640443571e-02
4.655700000000000000e+04 8.940672357434865658e-01 1.661036428063053516e-01
4.655800000000000000e+04 8.981365246706107808e-01 6.117014861763027389e-02
4.656500000000000000e+04 9.434177573676789663e-01 -5.044028808467083957e-02
4.656600000000000000e+04 1.002928710108118793e+00 1.680145258996209034e-01
4.656700000000000000e+04 1.009820694643354777e+00 -5.263288414359317338e-03
4.656800000000000000e+04 1.046300436225631181e+00 -1.189959241969861525e-01
4.656900000000000000e+04 9.234461590050432322e-01 -1.509282762908862596e-01
4.657000000000000000e+04 9.618191209588569102e-01 -1.030342640648078956e-01
4.657800000000000000e+04 9.924508352739267458e-01 6.230626713035075648e-02
4.658800000000000000e+04 1.073462128547310712e+00 -6.051507761704015553e-02
4.658900000000000000e+04 9.587642028042203668e-01 -3.030910887888619773e-02
4.659000000000000000e+04 1.013791035561606879e+00 -2.081151348285215433e-02
4.664700000000000000e+04 1.092699590349610173e+00 -3.858566127589775890e-03
4.664800000000000000e+04 1.111021854185182400e+00 6.368594624165035967e-02
4.664900000000000000e+04 1.150068567883212989e+00 2.237945533970616893e-02
4.665000000000000000e+04 1.136638261506904168e+00 1.438699740285151636e-03
4.665100000000000000e+04 1.071772468749722984e+00 -5.563758588052671733e-02
4.666700000000000000e+04 1.074852714850287771e+00 -7.919465476917843250e-02
4.666800000000000000e+04 1.095704190059267669e+00 2.703735151007550033e-02
4.666900000000000000e+04 1.039852653441345254e+00 7.021298430939452995e-02
4.667000000000000000e+04 1.105693192600889052e+00 5.195817046592766941e-02
4.667100000000000000e+04 1.073225371500767800e+00 -1.008233277849186205e-01
4.667200000000000000e+04 1.139176454190392151e+00 -9.396079025917571798e-03
4.670200000000000000e+04 1.065840156470530209e+00 1.044132922323357388e-01
4.670300000000000000e+04 1.043443993034789852e+00 -8.217592423550595937e-02
4.670400000000000000e+04 1.015635712794448864e+00 -4.864251691395091171e-02
4.671200000000000000e+04 1.024633025492266203e+00 4.951257613463248136e-02
4.671300000000000000e+04 1.068025901559994884e+00 -1.124685375591060951e-02
4.671400000000000000e+04 1.000721142107901418e+00 -1.059989199928016435e-01
4.671500000000000000e+04 1.006019483053529617e+00 8.485989173545600839e-03
4.671600000000000000e+04 1.079756702245127986e+00 -3.620703601260844007e-02
4.678800000000000000e+04 9.743535194862561477e-01 -9.412937931516897339e-02
4.678900000000000000e+04 1.009286838672560638e+00 -6.971799333357441009e-02
4.689600000000000000e+04 9.407067125855915757e-01 1.203383145712239033e-02
4.689700000000000000e+04 9.873273571682085192e-01 -1.232915511118914606e-02
4.692300000000000000e+04 9.519192021855910069e-01 7.501927213145646867e-02
4.692500000000000000e+04 9.480698185694875768e-01 4.542707213915811448e-02
4.692600000000000000e+04 9.587757505601350871e-01 5.078239874609512955e-02
4.692800000000000000e+04 1.053175696148306084e+00 -5.139791050585302765e-03
4.699200000000000000e+04 1.026497923957368608e+00 -5.113109596426973491e-02
4.699300000000000000e+04 1.040661323502342084e+00 3.054828619294984449e-02
4.699400000000000000e+04 1.024956476183408016e+00 -9.575993946799169973e-03
4.699600000000000000e+04 1.093243166469837213e+00 -7.430317482168079246e-02
4.699700000000000000e+04 1.067583262764566054e+00 -2.742568444638456004e-02
4.699800000000000000e+04 1.152334589597980630e+00 3.785846003598060394e-02
4.703500000000000000e+04 1.170553003147609683e+00 4.739814437161558869e-02
4.703600000000000000e+04 1.081507712867147308e+00 -1.489591712510222443e-03
4.707400000000000000e+04 1.128621380340083968e+00 4.541017253429045081e-02
4.707500000000000000e+04 1.151307606924923288e+00 9.051246674470591128e-03
4.707600000000000000e+04 1.066182109416034196e+00 -1.871169026517157524e-02
4.707700000000000000e+04 1.101037644103238122e+00 -5.113755200992931710e-02
4.707800000000000000e+04 1.077518109889251674e+00 -8.255729260662449109e-02
4.707900000000000000e+04 1.063541929598120772e+00 -4.887676183372179940e-03
4.712200000000000000e+04 9.509179225666464230e-01 3.754558148796575956e-02
4.712400000000000000e+04 1.001949009250337808e+00 3.550171219721581783e-02
4.712800000000000000e+04 1.006141989151786653e+00 -5.967144401439617579e-02
4.712900000000000000e+04 1.066215423554974118e+00 1.691545359179503355e-02
4.713000000000000000e+04 9.916032326975799949e-01 -8.785186330664460086e-02
4.713100000000000000e+04 1.025595207609717008e+00 -2.448674932958545825e-02
