2.635200000000000000e+04 9.912657479339348487e-01 -6.219097086086501636e-02
2.642200000000000000e+04 7.659162313563728786e-01 -2.381388789449946086e-01
2.642300000000000000e+04 9.848592940624767422e-01 -3.428561601957715033e-02
2.642400000000000000e+04 1.089417050801743558e+00 3.178255331244422138e-02
2.642500000000000000e+04 1.084581822958012864e+00 4.104601626519356616e-02
2.642800000000000000e+04 9.896157547112370834e-01 5.919129696695657299e-03
2.649700000000000000e+04 1.145626219545717417e+00 -1.860634968664541880e-02
2.649800000000000000e+04 1.172980804693422918e+00 1.139939821478059695e-01
2.649900000000000000e+04 1.116024144272718122e+00 8.749582243041775786e-02
2.650000000000000000e+04 1.137737790301852403e+00 5.469502525921812047e-02
2.650100000000000000e+04 1.064738418511534279e+00 -7.060505544423539837e-02
2.650200000000000000e+04 9.995055005930533198e-01 -9.552892393388745518e-02
2.650300000000000000e+04 1.050760340223631628e+00 2.558917254358325510e-02
2.657800000000000000e+04 2.223004746421229694e+00 -1.250627760292350767e-02
2.657900000000000000e+04 1.916972405371126786e+00 1.135263825894881201e-01
2.658000000000000000e+04 9.987689944301992861e-01 -1.080682078206050313e-02
2.658100000000000000e+04 1.226587978984765570e+00 -1.677511328570315333e-02
2.658300000000000000e+04 1.419562495532354918e+00 -1.282216825806159755e-01
2.658400000000000000e+04 8.653013213738843801e-01 -7.972026350402676431e-02
2.662000000000000000e+04 3.101278607282651478e+00 -6.441464558832880882e-02
2.662100000000000000e+04 1.016632969479935866e+00 -1.112626264109693869e-01
2.662200000000000000e+04 1.541161050101994334e+00 -7.422348506149316349e-02
2.662300000000000000e+04 1.381785154778145674e+00 -7.691338132944852690e-02
2.670300000000000000e+04 1.070044666505195918e+00 5.931503310453149075e-02
2.670400000000000000e+04 1.207199626196755693e+00 2.281053590144605236e-01
2.670500000000000000e+04 1.124190158572365927e+00 -4.147611504013472283e-02
2.671400000000000000e+04 9.290248208710000233e-01 2.475037588120032606e-02
2.674600000000000000e+04 1.133111017934148590e+00 4.815671733074283756e-02
2.674700000000000000e+04 1.050258074891123661e+00 3.818571994170470718e-02
2.676400000000000000e+04 1.188687033760653655e+00 3.752409495894879626e-02
2.676500000000000000e+04 1.323115389335905778e+00 6.005508894225922156e-02
2.676600000000000000e+04 1.144865649255426998e+00 3.461031461491406030e-02
2.676700000000000000e+04 1.174288575481390318e+00 2.640991076597385204e-02
2.678700000000000000e+04 1.376481514670366613e+00 1.320925366922603289e-02
2.678800000000000000e+04 1.091259255943490381e+00 2.377232730527887444e-02
2.680200000000000000e+04 1.311611828003631963e+00 4.618396056479876638e-02
2.680700000000000000e+04 9.614904212491467428e-01 1.837165413919239487e-02
2.680800000000000000e+04 1.221779317972935486e+00 7.830828934959545296e-02
2.680900000000000000e+04 1.056356814762869689e+00 -2.357773329712409272e-02
2.682300000000000000e+04 1.129318489530519498e+00 5.510117254818347465e-02
2.682400000000000000e+04 1.071506715333901960e+00 1.787344475155403997e-02
2.682500000000000000e+04 1.221374170004555282e+00 9.179105961387565293e-02
2.682600000000000000e+04 1.041894238621569491e+00 1.331710101312453404e-02
2.682700000000000000e+04 1.079444220477356664e+00 7.246608295139528311e-02
2.682800000000000000e+04 1.048138228494144286e+00 2.017283584817759073e-02
2.682900000000000000e+04 1.028592342391280612e+00 1.107455599299226323e-01
2.683000000000000000e+04 9.767982423006392745e-01 1.509310727060608481e-01
2.683100000000000000e+04 9.442139617899975024e-01 1.940999568190927282e-01
2.683200000000000000e+04 9.993882008614886070e-01 1.130307330638448682e-01
2.683300000000000000e+04 1.076466285635477416e+00 -7.169101782983195413e-04
2.683400000000000000e+04 1.067423436367419320e+00 2.109701426768528093e-02
2.684600000000000000e+04 9.752978280128539179e-01 -1.123715722076754908e-01
2.685000000000000000e+04 9.658599373413968570e-01 1.798108157430018395e-01
2.687700000000000000e+04 1.035131809048255969e+00 -6.640963693760057462e-02
2.687800000000000000e+04 1.022241013699551893e+00 9.061513272968027555e-02
2.687900000000000000e+04 9.325078658662268039e-01 1.273322534849944399e-01
2.691300000000000000e+04 9.677748601259252847e-01 -8.190250239130014709e-02
2.691400000000000000e+04 8.928058935173824873e-01 -2.806330261647567090e-02
2.693400000000000000e+04 1.081378064796234995e+00 1.003902511640505091e-01
2.693500000000000000e+04 1.078086832975744480e+00 5.402405292114832724e-02
2.696300000000000000e+04 1.068869274591902396e+00 -2.497286837215629066e-02
2.696400000000000000e+04 1.093536723445587278e+00 8.114290664074789994e-02
2.697700000000000000e+04 1.050810133542179559e+00 7.458402610440324765e-02
2.697800000000000000e+04 1.156160297621377175e+00 4.856766327183199145e-02
2.701500000000000000e+04 9.081223964175730856e-01 8.928140073205072247e-02
2.701700000000000000e+04 8.562395880622256650e-01 -5.970457037570432723e-02
2.702700000000000000e+04 1.038949672183294703e+00 3.101023980506540170e-02
2.704400000000000000e+04 1.071050691860734760e+00 6.356063613777587773e-02
2.704600000000000000e+04 1.010527465671612779e+00 8.933499035399350419e-02
2.706300000000000000e+04 1.226861038036973994e+00 8.081050043410431538e-02
2.706400000000000000e+04 1.009046260441129661e+00 6.817352278076672933e-02
2.707900000000000000e+04 9.317283037661121536e-01 -9.009329059311481369e-02
2.708000000000000000e+04 8.813442977041108239e-01 -1.979785214564384055e-01
2.708900000000000000e+04 1.078970350342074225e+00 9.401921755938279224e-02
2.710300000000000000e+04 1.033559250100624549e+00 1.539002911960487413e-02
2.710400000000000000e+04 9.180840445486367907e-01 -2.244270642190902831e-01
2.710500000000000000e+04 9.255760444686764732e-01 -5.870748100139286385e-02
2.711300000000000000e+04 1.115271175189423980e+00 5.007580449038887688e-02
2.711900000000000000e+04 1.076524533678593798e+00 1.398102913688895887e-01
2.712000000000000000e+04 1.083064226874764335e+00 9.969551262252725199e-02
2.713200000000000000e+04 1.102176680651347995e+00 4.142873186828341381e-02
2.713300000000000000e+04 1.092213047951590577e+00 8.556161739208865968e-02
2.713400000000000000e+04 1.060818391462889254e+00 9.652981516684086549e-02
2.716300000000000000e+04 1.025889148768980519e+00 5.128476997391243075e-02
2.716400000000000000e+04 1.151690713130425925e+00 1.365730681180928920e-02
2.717800000000000000e+04 1.000002591229710802e+00 1.496010226170612356e-01
2.718700000000000000e+04 1.091272296501653249e+00 4.258826027302937967e-02
2.718800000000000000e+04 1.029929500553049770e+00 7.514001040639450846e-02
2.720500000000000000e+04 9.744619225811486096e-01 1.011492379726315755e-01
2.720600000000000000e+04 1.010046496661493487e+00 8.588495449667191139e-02
2.720700000000000000e+04 9.999212797658538765e-01 1.306410061755932106e-01
2.726000000000000000e+04 1.114937634902186225e+00 1.201325307614624222e-01
2.726100000000000000e+04 1.070107530719476285e+00 1.348793640880219247e-01
2.726200000000000000e+04 1.078237305126586554e+00 1.246967671103609010e-01
2.729400000000000000e+04 1.141833706978395258e+00 -4.878359544714260670e-02
2.729500000000000000e+04 1.145870574013202026e+00 2.586267004311517195e-02
2.729600000000000000e+04 1.096829488912855588e+00 6.863472056412484035e-02
2.733000000000000000e+04 1.173650201605537680e+00 -2.200892651661395805e-02
2.733100000000000000e+04 1.122387602318810629e+00 4.650883641991106210e-02
2.733200000000000000e+04 1.053077955622392370e+00 8.744621382008743726e-02
2.734100000000000000e+04 1.070361075904615600e+00 6.923337166793784581e-02
2.734200000000000000e+04 1.101062987877087451e+00 7.053113610922656651e-02
2.734300000000000000e+04 1.006646153457335435e+00 1.460901051898920999e-01
2.740400000000000000e+04 1.100720427699660053e+00 2.326880398635860006e-02
2.740500000000000000e+04 1.159403976047997720e+00 -9.049811908640674474e-03
2.744800000000000000e+04 9.929024633859275806e-01 -7.158810886627579861e-02
2.744900000000000000e+04 1.012791541407152440e+00 -7.457232484983154774e-02
2.745000000000000000e+04 1.101617010654182716e+00 -4.889966401638556198e-02
2.745100000000000000e+04 1.160971756385631437e+00 1.957948855992737436e-02
2.745500000000000000e+04 1.086558556915548257e+00 9.375298248289606895e-02
2.760800000000000000e+04 1.147456386816509966e+00 -4.929739536281607659e-02
2.763900000000000000e+04 1.059010424669096340e+00 4.653655705825643363e-02
2.764000000000000000e+04 1.113259108085525417e+00 4.861260033163698063e-02
2.766100000000000000e+04 1.011160162502116711e+00 -3.800488657460340813e-02
2.767200000000000000e+04 1.103357387916250376e+00 -4.297119583377986135e-02
2.767300000000000000e+04 1.073545675299929059e+00 -5.791874316713434279e-02
2.767400000000000000e+04 1.138185481498663609e+00 3.319219094489102295e-02
2.767500000000000000e+04 1.166746306216950746e+00 2.602133236971773331e-02
2.767600000000000000e+04 1.064786926980257453e+00 8.597000536081694788e-02
2.767700000000000000e+04 1.110174295906670938e+00 1.505334908514093240e-01
2.769500000000000000e+04 1.146635837893966059e+00 3.255101096253871368e-02
2.769700000000000000e+04 1.139723760800960717e+00 6.650079035549347206e-02
2.770500000000000000e+04 1.043119083872232622e+00 8.699259799883214336e-03
2.770600000000000000e+04 1.148577312136367157e+00 -3.369327156771755819e-03
2.770700000000000000e+04 1.180941833408189368e+00 8.016054021187292433e-02
2.770800000000000000e+04 1.089960376042250267e+00 8.372913285664559946e-02
2.770900000000000000e+04 1.144341675878030040e+00 -1.480017221142507049e-02
2.771000000000000000e+04 1.114131143199903917e+00 1.672061924968689384e-01
2.772200000000000000e+04 1.075702005183537091e+00 4.035626444414071312e-02
2.772500000000000000e+04 1.179132460037903840e+00 5.125857132607332389e-02
2.772600000000000000e+04 1.172096129645335161e+00 5.207188397832438614e-02
2.773300000000000000e+04 1.090093193802722293e+00 1.208089311428562490e-03
2.773400000000000000e+04 1.035437773401794104e+00 5.002479823796064130e-03
2.773500000000000000e+04 1.137016871697768439e+00 2.535749739096569005e-02
2.773600000000000000e+04 1.043799267791582608e+00 1.194761323971907097e-01
2.773700000000000000e+04 1.153375468672751314e+00 5.932526632319115589e-02
2.773800000000000000e+04 1.077764438281373582e+00 1.187947944086481938e-01
2.775200000000000000e+04 1.154706796534866076e+00 2.807400209478716838e-02
2.775300000000000000e+04 1.179713682183892942e+00 6.126500628726565950e-02
2.776900000000000000e+04 1.009338279205924005e+00 -6.419566158767925357e-02
2.777000000000000000e+04 1.111525399068150399e+00 1.027025138109429782e-02
2.777100000000000000e+04 9.909322782485552317e-01 5.320328617253564096e-02
2.777200000000000000e+04 1.141981537768955501e+00 6.185563981466765671e-02
2.777300000000000000e+04 1.060279265932779325e+00 -3.905772065118670935e-03
2.777400000000000000e+04 1.044394347549304936e+00 1.135094626033571891e-01
2.779500000000000000e+04 1.003263257899685845e+00 -5.898849089643418836e-02
2.779600000000000000e+04 1.090531455070483879e+00 -7.632247669373917742e-02
2.779700000000000000e+04 1.095834763703299020e+00 7.541029111116004380e-02
2.779800000000000000e+04 1.159761795246414540e+00 6.265087050033257832e-03
2.779900000000000000e+04 5.086821918976389689e-01 -1.475987641726743960e-01
2.783100000000000000e+04 1.017974322521831398e+00 8.841505368467067125e-03
2.783200000000000000e+04 1.158991062807153138e+00 1.344411851571344386e-02
2.783300000000000000e+04 1.046771085153609837e+00 3.591349671806402105e-02
2.783500000000000000e+04 1.018562995640943214e+00 3.229019019347745961e-02
2.783600000000000000e+04 9.984273050791239168e-01 -3.718028885028533924e-03
2.785200000000000000e+04 1.037440583273717687e+00 -1.024685642323899665e-01
2.785300000000000000e+04 1.097150453732123276e+00 -2.118497109839104567e-02
2.785400000000000000e+04 1.015643113158819499e+00 -1.212406242270205360e-02
2.785500000000000000e+04 1.003089012191095808e+00 2.023165397554257602e-02
2.785600000000000000e+04 8.978446319289631328e-01 1.508916415702981073e-01
2.785700000000000000e+04 9.198627220995811982e-01 1.358225460429753617e-01
2.785800000000000000e+04 9.973992516671800201e-01 6.821839252769960893e-03
2.785900000000000000e+04 1.237308744947744898e+00 -7.803424727984210885e-02
2.787500000000000000e+04 1.187659341891506903e+00 2.167494083718615461e-01
2.789600000000000000e+04 1.061908558329118790e+00 -1.103603610446704797e-01
2.789700000000000000e+04 1.033639088598920841e+00 -3.860493710386544292e-02
2.791900000000000000e+04 1.023774581031385411e+00 6.915206391604629410e-02
2.792000000000000000e+04 1.049260745294960495e+00 1.559201233521693153e-01
2.792100000000000000e+04 9.413886559035131718e-01 1.699892222086104854e-01
2.792200000000000000e+04 1.020794297531330219e+00 8.479394325666422816e-02
2.792300000000000000e+04 1.064358444031511475e+00 -5.739675683887410229e-02
2.792400000000000000e+04 1.153689854070773624e+00 1.699714021969518096e-01
2.793700000000000000e+04 1.081043881300577381e+00 1.463895249096066817e-02
2.793800000000000000e+04 1.011683745680323376e+00 5.886443348089803046e-02
2.793900000000000000e+04 9.262406222639848474e-01 1.609583755737992450e-01
2.794000000000000000e+04 9.330903216400606714e-01 1.307690178527076419e-01
2.794100000000000000e+04 1.020069048337358453e+00 -2.854937473821683031e-02
2.794200000000000000e+04 9.831751394279891754e-01 -2.660412910975917984e-03
2.794300000000000000e+04 9.350063295262235341e-01 -3.092837590609925913e-02
2.798000000000000000e+04 9.961879148024236352e-01 9.315226714237065126e-04
2.798100000000000000e+04 1.060814462303780736e+00 7.704471158728948277e-02
2.798200000000000000e+04 1.007361178137746061e+00 7.812523677315048876e-02
2.798300000000000000e+04 9.610220997106140306e-01 1.481395025036698898e-01
2.798400000000000000e+04 1.039428830493019262e+00 1.301228505011553238e-01
2.798500000000000000e+04 1.021380702495889858e+00 1.324566336939619615e-01
2.798600000000000000e+04 1.045707973212297581e+00 1.090739302579618597e-01
2.798700000000000000e+04 1.020962457797203848e+00 1.488225669689523245e-01
2.804600000000000000e+04 9.467824988569054634e-01 -1.488776943435353786e-02
2.804700000000000000e+04 8.516879887752176748e-01 2.696167607921913859e-02
2.805000000000000000e+04 7.012082505413721467e-01 1.488469948260814080e-01
2.809200000000000000e+04 9.699831854583728097e-01 1.110788929938744535e-01
2.809300000000000000e+04 9.977229016977012810e-01 -2.949217338110507458e-02
2.809400000000000000e+04 9.780879218273179632e-01 -3.023568773196047207e-02
2.809500000000000000e+04 1.020448636435867584e+00 -1.623321853708921680e-01
2.810900000000000000e+04 1.025092522993683808e+00 -1.245118192815911629e-01
2.811000000000000000e+04 1.000880599740715748e+00 -7.211037740090280035e-02
2.820600000000000000e+04 9.325873979540564296e-01 2.220371061179764738e-01
2.825600000000000000e+04 8.502398169392074712e-01 -6.284292222168359754e-02
2.825700000000000000e+04 7.651477428259956248e-01 -7.408335803278336476e-03
2.826100000000000000e+04 6.865042193678067006e-01 2.456605838625870730e-01
