3.979000000000000000e+04 1.101171671442296329e+00 4.786817581307570985e-02
3.979100000000000000e+04 1.065917434052520152e+00 -3.261287739202968494e-02
3.980800000000000000e+04 1.120344812224451925e+00 1.253785002254114433e-01
3.980900000000000000e+04 1.094841336198106418e+00 -2.302244116710245453e-02
3.981000000000000000e+04 9.900063956934465059e-01 -1.356288523393723300e-01
3.981100000000000000e+04 1.080769176702322643e+00 6.127198363387677954e-02
3.983400000000000000e+04 1.032573422112225359e+00 9.490355350741542378e-04
3.985600000000000000e+04 1.010631202963899300e+00 2.019770154560716815e-03
3.986600000000000000e+04 1.063508765501607778e+00 -1.943730615619773325e-02
3.986800000000000000e+04 1.074065870044572657e+00 1.321381215580786327e-02
3.986900000000000000e+04 1.126380536777982222e+00 -2.895134971954130276e-02
3.987000000000000000e+04 1.032479825551412489e+00 -5.304261857543239589e-02
3.987100000000000000e+04 1.078288423726116330e+00 2.688325969156496811e-02
3.987200000000000000e+04 1.095692373719158397e+00 7.594031406702494991e-02
3.987300000000000000e+04 1.091784569576954356e+00 1.802368996595048525e-02
3.987400000000000000e+04 9.589901576480494017e-01 1.207091516341786269e-01
3.987500000000000000e+04 1.047433347072082466e+00 2.035472097929474228e-02
3.988900000000000000e+04 1.018546972942234730e+00 4.125402012290606268e-02
3.991500000000000000e+04 1.038550470483865285e+00 1.026483689192048548e-01
3.995500000000000000e+04 1.005112581652247483e+00 7.679862062713975479e-02
3.995600000000000000e+04 9.937978070761388505e-01 -5.382976608452501310e-03
4.009300000000000000e+04 1.001434980350751625e+00 -3.826330683382025283e-02
4.013000000000000000e+04 1.111937954871284440e+00 -4.703914676113241100e-02
4.013100000000000000e+04 1.111102487940715200e+00 2.433952669230359661e-02
4.013200000000000000e+04 1.122733331586066807e+00 -1.678704010007340749e-02
4.013300000000000000e+04 1.166562910415749554e+00 -7.550943023760670059e-02
4.013400000000000000e+04 1.050582892699004622e+00 -8.841435245394822784e-02
4.017000000000000000e+04 1.165851142465680779e+00 2.309240958861777729e-02
4.017600000000000000e+04 1.048825108239393789e+00 -9.918349031905311641e-02
4.018900000000000000e+04 1.101401065798711887e+00 6.767802624656368837e-02
4.019000000000000000e+04 1.082877918172186149e+00 1.010887313475223453e-01
4.019100000000000000e+04 1.069839448713510555e+00 4.280796022739793462e-03
4.019200000000000000e+04 1.107693537312121723e+00 2.854346788382832248e-02
4.023000000000000000e+04 1.002662550310331691e+00 3.467827496613103654e-03
4.023100000000000000e+04 8.541428986771293363e-01 -1.515114936011927593e-01
4.023200000000000000e+04 9.841147062233159826e-01 -2.966405047937379150e-02
4.023300000000000000e+04 1.088971688395109938e+00 -2.022666882999653304e-02
4.023400000000000000e+04 9.206177702760568460e-01 -1.550120063645898591e-02
4.025500000000000000e+04 1.097919844866930728e+00 7.875275565007559819e-02
4.025600000000000000e+04 1.077874761443152085e+00 4.297177929598163665e-02
4.026700000000000000e+04 1.070100188868321034e+00 5.425307626191117755e-02
4.026800000000000000e+04 1.121108499707823558e+00 1.661226041457282074e-02
4.026900000000000000e+04 1.097078989855036379e+00 2.245219451120898310e-02
4.027000000000000000e+04 1.152100028823036970e+00 3.538449988844959843e-02
4.027100000000000000e+04 1.038212687251130806e+00 9.029684895082597945e-03
4.027200000000000000e+04 1.074191706712781968e+00 3.334412029888162571e-02
4.029900000000000000e+04 1.166406397569860420e+00 4.791161713813037876e-02
4.030000000000000000e+04 1.086769816314651527e+00 6.031001910046770997e-02
4.030200000000000000e+04 1.109938324715228131e+00 -2.871914327496585817e-02
4.030300000000000000e+04 9.767754143341378370e-01 1.028524754385492512e-01
4.030400000000000000e+04 1.187630484505597828e+00 -1.296229540207108170e-02
4.030500000000000000e+04 1.160081680701777751e+00 -9.887538109596807900e-02
4.031700000000000000e+04 1.113845374753727135e+00 2.570174921362442227e-03
4.031800000000000000e+04 1.051792655907577423e+00 3.556260346385103216e-03
4.031900000000000000e+04 1.045098366319259231e+00 -3.381013034078819701e-02
4.032900000000000000e+04 1.174843792915673202e+00 4.442073397320004530e-02
4.033000000000000000e+04 1.077953896752118057e+00 6.382007495013798659e-02
4.033100000000000000e+04 1.099641095505124344e+00 -6.098773560435533092e-02
4.033200000000000000e+04 1.137881005111724964e+00 2.709101214095706311e-02
4.033300000000000000e+04 1.053757985345837200e+00 4.938900178639493016e-02
4.033400000000000000e+04 1.092101941801873366e+00 6.118333729471760185e-02
4.033500000000000000e+04 1.049689185736699670e+00 2.749486406176677306e-02
4.033600000000000000e+04 1.117374650599813668e+00 -5.214858410407458705e-02
4.035000000000000000e+04 1.022763450125878881e+00 1.672285542525242530e-03
4.035100000000000000e+04 1.007594824496923280e+00 5.629573816671684661e-02
4.035200000000000000e+04 1.045259768393075772e+00 -1.614271053992723942e-02
4.035300000000000000e+04 1.060163055440372482e+00 -1.121569152088188609e-01
4.036200000000000000e+04 1.093854748570264102e+00 9.191296163979849332e-02
4.036300000000000000e+04 1.002385731321371765e+00 -7.396342740021384426e-04
4.036400000000000000e+04 1.110504339534168050e+00 7.436303071890588978e-02
4.036500000000000000e+04 1.052461632960131954e+00 2.167832702928535957e-02
4.037700000000000000e+04 1.020649842945146268e+00 -4.092636673192823725e-03
4.037800000000000000e+04 1.027930322483469938e+00 -8.067275173353068152e-02
4.038800000000000000e+04 1.095329906778828244e+00 6.025926237938458024e-03
4.038900000000000000e+04 1.039794537857736012e+00 1.253738149051457917e-01
4.039000000000000000e+04 1.168175235576556670e+00 6.864911137906183625e-02
4.039100000000000000e+04 1.038446093849866747e+00 3.946385597868137807e-02
4.039200000000000000e+04 1.058948508363957819e+00 -1.506770864404866073e-02
4.039300000000000000e+04 1.088338457461069053e+00 1.531669464360838930e-02
4.039400000000000000e+04 1.119612139220149016e+00 5.435396233952262401e-03
4.041800000000000000e+04 1.179280673801228696e+00 -9.396609784570124357e-03
4.041900000000000000e+04 1.072010814214382268e+00 6.457362656688783731e-02
4.042000000000000000e+04 1.101104210416949947e+00 2.832196160152888192e-02
4.042100000000000000e+04 1.106557045873084677e+00 1.448066289580902770e-02
4.042200000000000000e+04 9.836832928278492760e-01 6.197247234364559876e-02
4.042300000000000000e+04 1.043008677333632006e+00 8.463222079736790193e-02
4.042400000000000000e+04 1.087123024558609874e+00 9.991230023730696477e-03
4.042500000000000000e+04 1.053011454536501024e+00 -5.522369190511342701e-02
4.044700000000000000e+04 1.084808611312382265e+00 -1.013092138664371290e-02
4.044800000000000000e+04 1.085331194193217774e+00 9.841231612828377218e-02
4.044900000000000000e+04 1.125005947485497648e+00 2.001559760506669769e-02
4.045000000000000000e+04 1.023585479070863169e+00 1.663427069794986765e-02
4.045100000000000000e+04 1.087193573946662051e+00 1.015468754410571994e-01
4.045200000000000000e+04 1.075684251048262929e+00 2.362455452982686194e-02
4.047300000000000000e+04 1.110861080242756982e+00 2.128192633628186309e-02
4.047400000000000000e+04 1.028680074446264969e+00 8.301939613643366522e-03
4.047500000000000000e+04 1.077441817266040713e+00 3.537734637038942448e-02
4.047600000000000000e+04 1.058185792460793806e+00 3.605484053277187989e-02
4.049900000000000000e+04 1.202429103064819094e+00 1.351455776627946137e-01
4.050000000000000000e+04 1.157559025126109864e+00 1.064231294391684290e-01
4.050100000000000000e+04 1.078289590449713398e+00 8.197175663055125683e-02
4.050200000000000000e+04 1.171838629490172368e+00 1.291614241284013906e-02
4.050300000000000000e+04 1.128348369049606337e+00 1.312438666970525310e-02
4.050400000000000000e+04 1.141985071846992383e+00 2.371029225024613024e-02
4.050500000000000000e+04 1.136249021641171808e+00 6.005140627195379791e-03
4.050600000000000000e+04 1.107990174328908006e+00 7.443425646655028871e-02
4.050700000000000000e+04 1.161639829344234487e+00 -9.579277286816195724e-02
4.050800000000000000e+04 1.054818948587552097e+00 -2.720847332134426928e-03
4.051900000000000000e+04 1.248537298848586996e+00 1.063049650777102006e-01
4.052100000000000000e+04 1.111496116346205820e+00 -2.039712263756564975e-02
4.052200000000000000e+04 1.052249798993894148e+00 -1.567331367091591154e-01
4.052300000000000000e+04 1.196839174281974172e+00 9.909556035943105357e-02
4.052400000000000000e+04 1.175273324941625397e+00 4.961790764070353466e-02
4.052500000000000000e+04 1.278199021358573884e+00 1.519035548529785173e-01
4.052600000000000000e+04 1.178509132722913799e+00 3.511623138596216970e-02
4.052700000000000000e+04 1.246623300556072289e+00 3.488656864039879624e-02
4.054400000000000000e+04 1.161241619690874138e+00 2.690651591116888230e-02
4.054500000000000000e+04 1.087062858091927264e+00 5.864850015785621345e-02
4.054600000000000000e+04 1.121982582943808371e+00 4.109575894178648520e-02
4.054700000000000000e+04 1.095637131809912290e+00 2.651540224267353793e-02
4.054800000000000000e+04 1.093092224809402380e+00 -2.233098634188025733e-02
4.054900000000000000e+04 1.128553171551181400e+00 1.415814692954887356e-02
4.055000000000000000e+04 1.031794549749486922e+00 8.426910259476998177e-03
4.055100000000000000e+04 1.057365580214405965e+00 1.473862927760681389e-02
4.055500000000000000e+04 1.091412628011942498e+00 1.584706766013454018e-02
4.055700000000000000e+04 1.035121512408776256e+00 8.462114606601731093e-02
4.055800000000000000e+04 1.088189013488682244e+00 5.842452126114076362e-03
4.055900000000000000e+04 1.115901505545597416e+00 -2.963921032882322823e-02
4.056000000000000000e+04 1.121999962269172535e+00 1.115164437169099548e-01
4.061700000000000000e+04 1.146888125925066726e+00 1.204903455138550822e-01
4.061800000000000000e+04 1.100520279922416300e+00 -3.154421553931131827e-02
4.061900000000000000e+04 1.056034900626439343e+00 -1.402154375034739449e-06
4.062000000000000000e+04 1.029891730123413618e+00 -6.550146315575424913e-03
4.063700000000000000e+04 1.164274945637419512e+00 4.522320776876764120e-02
4.063800000000000000e+04 1.112756008563270171e+00 2.234052018058301642e-02
4.063900000000000000e+04 1.150881508836244516e+00 1.581540169649668370e-01
4.064900000000000000e+04 1.135640761004305554e+00 7.044492157424583900e-02
4.067800000000000000e+04 1.058449817597175935e+00 -1.498300266515803225e-01
4.080800000000000000e+04 1.124975179878509257e+00 -4.556298278400169183e-02
4.080900000000000000e+04 1.222523350580490886e+00 -3.971086779120312077e-02
4.083300000000000000e+04 1.131012203956248463e+00 -1.319376240461280977e-02
4.083400000000000000e+04 1.125576813711579138e+00 -4.800508814160908688e-02
4.083500000000000000e+04 1.125941319017473852e+00 6.230997290624069873e-02
4.083600000000000000e+04 1.134857942612188531e+00 1.039753813454287468e-03
4.085400000000000000e+04 1.177476849527567371e+00 9.136977413033077478e-02
4.085500000000000000e+04 1.191114312172291134e+00 -2.655347810151066201e-03
4.085800000000000000e+04 1.228384006005806217e+00 -2.648808671466128251e-02
4.085900000000000000e+04 1.198654664019733751e+00 6.273130608653548768e-02
4.086000000000000000e+04 1.110807892278329767e+00 -1.255406119166626866e-01
4.086100000000000000e+04 1.220063669335533563e+00 8.555951598561468627e-03
4.086200000000000000e+04 1.151438037122875402e+00 -2.263362072846270001e-02
4.088300000000000000e+04 1.196935439373174370e+00 2.978576435096924255e-02
4.088400000000000000e+04 1.148336021776295457e+00 -9.746307788690875690e-03
4.088700000000000000e+04 1.163627207297838861e+00 -5.564146564638551562e-02
4.088800000000000000e+04 1.033427894134584468e+00 -6.299413524760154315e-02
4.088900000000000000e+04 1.120926307806650035e+00 -1.522835544310423631e-02
4.089000000000000000e+04 1.169472097332724170e+00 -6.875821522929256857e-02
4.089100000000000000e+04 1.054816451432658342e+00 1.328497710933942456e-02
4.089200000000000000e+04 1.000593653828298235e+00 -7.162359927915351587e-02
4.089300000000000000e+04 1.091989346151134743e+00 5.222775113647967760e-02
4.090400000000000000e+04 1.143358550797920259e+00 6.085056824021400218e-02
4.090500000000000000e+04 1.062338029415439866e+00 -1.321636253723171006e-01
4.090600000000000000e+04 1.183339636778246273e+00 -7.409418808581832994e-02
4.091200000000000000e+04 1.274196922117772468e+00 -3.960504791316753204e-02
4.091500000000000000e+04 1.143422249921278278e+00 -6.658328667596105643e-02
4.091600000000000000e+04 1.123061532585267530e+00 -1.676898777701386067e-01
4.091700000000000000e+04 1.201063104448183205e+00 2.790709968820659706e-02
4.091800000000000000e+04 1.484793365540099330e+00 2.423033425325418766e-03
4.091900000000000000e+04 1.177418722955043240e+00 2.401612726819700450e-02
4.092100000000000000e+04 1.151153582415914700e+00 -4.791533949867225403e-04
4.092200000000000000e+04 1.217127382327987561e+00 3.990180084293072638e-02
4.093700000000000000e+04 1.111790303813728009e+00 6.900830776811314737e-02
4.093800000000000000e+04 8.305344887973432622e-01 -1.245962625271463120e-01
4.094400000000000000e+04 1.249642183632272419e+00 -5.151727544715741652e-02
4.094700000000000000e+04 9.047821948599394926e-01 -4.127253352397062397e-02
4.094800000000000000e+04 1.193203460933479398e+00 7.695997772492455848e-04
4.094900000000000000e+04 1.148707991950240759e+00 -3.853561598669525551e-02
4.095000000000000000e+04 1.173631838201773636e+00 2.835398451241279497e-02
4.095100000000000000e+04 1.052264773293363209e+00 -2.114046436437979626e-01
4.095200000000000000e+04 1.139692663329911815e+00 3.237068932506110414e-02
4.095300000000000000e+04 1.121174547595471971e+00 -4.216914167976957423e-03
4.095400000000000000e+04 1.135456703006612944e+00 6.549409125223082384e-02
4.095500000000000000e+04 1.183510870057291386e+00 4.983028274044295353e-02
4.095600000000000000e+04 1.144719114021500728e+00 -2.369766796820985469e-02
4.096600000000000000e+04 1.164179937124209196e+00 1.902539050541715918e-02
4.096700000000000000e+04 1.025771998642242888e+00 -1.556785451762473793e-01
4.097500000000000000e+04 1.194963973984301431e+00 4.493723114262526686e-02
4.097800000000000000e+04 1.165651243321573327e+00 2.657503291761548203e-02
4.097900000000000000e+04 1.143448011054954305e+00 -4.901260519723710241e-02
4.098000000000000000e+04 1.115272355104274471e+00 8.654963758486573788e-03
4.098100000000000000e+04 1.143152230991823393e+00 8.096950048832186886e-02
4.098200000000000000e+04 1.151718589451275365e+00 -1.336679634259416161e-02
4.098300000000000000e+04 1.085428660020632430e+00 6.859997551455868439e-03
4.098400000000000000e+04 1.080904629898590708e+00 -3.634021190217771868e-02
4.098500000000000000e+04 1.202246415347125508e+00 -5.774729119228985338e-03
4.101300000000000000e+04 1.150240799268381853e+00 -7.587821013428661110e-02
4.101500000000000000e+04 1.160154519448774790e+00 -5.217928855020981249e-02
4.101600000000000000e+04 1.092049280719714410e+00 -1.931365935017610030e-02
4.101700000000000000e+04 1.184643152085401718e+00 2.422641186030316182e-02
4.101800000000000000e+04 1.026542575587033435e+00 -1.871802605676325670e-01
