4.365500000000000000e+04 9.086352547068871077e-01 -6.521904742198902927e-02
4.365600000000000000e+04 9.514140887247112266e-01 -5.707398048790918860e-02
4.365700000000000000e+04 9.919664906135102767e-01 1.426989063250779649e-02
4.365800000000000000e+04 8.776104677493854478e-01 -1.167419502414598353e-01
4.365900000000000000e+04 1.088080944991015819e+00 -3.007486611079524322e-02
4.376100000000000000e+04 1.125253789808167815e+00 -8.643035081707753711e-03
4.376400000000000000e+04 9.576580841765209851e-01 -7.746478873562770429e-02
4.376500000000000000e+04 1.009571875565442589e+00 4.491104013370438020e-02
4.376600000000000000e+04 1.084418521505452926e+00 5.813675025657320805e-02
4.376700000000000000e+04 1.150332492527146533e+00 -1.945012546208165286e-02
4.376800000000000000e+04 1.096190471432247238e+00 9.947709833954851422e-02
4.376900000000000000e+04 1.066018950573745405e+00 5.721182291158499744e-02
4.377000000000000000e+04 1.136601228173875988e+00 -7.050719525612793304e-02
4.377100000000000000e+04 1.181370993555787896e+00 2.741248780797853404e-02
4.377200000000000000e+04 1.090725276767362528e+00 4.249499734104317250e-02
4.377300000000000000e+04 9.671914988917125200e-01 1.242452931746292934e-02
4.380400000000000000e+04 1.015114992065806465e+00 4.693071251214756684e-02
4.380500000000000000e+04 1.063512595200117428e+00 1.127856530747094466e-01
4.380600000000000000e+04 1.043260665427202083e+00 -1.258730066182071547e-02
4.380700000000000000e+04 1.012986130496784654e+00 -1.961818296043717474e-03
4.380800000000000000e+04 1.045663465687376226e+00 1.838244135192261541e-02
4.380900000000000000e+04 1.082989779266933184e+00 -2.454531591134468879e-02
4.381000000000000000e+04 9.583540683787465930e-01 1.872436441568589918e-02
4.381100000000000000e+04 1.087659122026837899e+00 -1.185942011879889679e-02
4.381200000000000000e+04 1.093081104144848492e+00 -8.289427538823062377e-04
4.382400000000000000e+04 9.237237316048375613e-01 9.798925295663671320e-02
4.382500000000000000e+04 9.017252053689756019e-01 4.982095581455526362e-02
4.382600000000000000e+04 1.051085446922955136e+00 8.939749223174225934e-02
4.382700000000000000e+04 1.023609959847879392e+00 2.155383543775427416e-02
4.382800000000000000e+04 1.015216093259571961e+00 4.677517391795809297e-03
4.382900000000000000e+04 9.899465523957066138e-01 6.611512544610199937e-02
4.383000000000000000e+04 9.733609058116768908e-01 -4.695833633145146679e-02
4.383300000000000000e+04 1.050965064868259580e+00 1.047432448369253408e-02
4.383400000000000000e+04 1.149226661937079230e+00 -1.429279982156276760e-02
4.383500000000000000e+04 1.015748255546640166e+00 -3.559272967147435879e-02
4.383600000000000000e+04 1.073432581477931080e+00 8.313988128692863244e-02
4.383700000000000000e+04 1.045395357943321946e+00 -6.066879519198955378e-02
4.383800000000000000e+04 1.073528206019564113e+00 -6.781618784903117869e-02
4.385200000000000000e+04 1.063050192583359976e+00 -9.044524907144881054e-02
4.385300000000000000e+04 1.100493503901478043e+00 4.188037749093033446e-02
4.385400000000000000e+04 1.041783514495795648e+00 7.662686157120057739e-02
4.385500000000000000e+04 1.049481865609651399e+00 -5.259708463188421390e-02
4.385800000000000000e+04 9.831916724080783654e-01 -2.034066395332594784e-02
4.385900000000000000e+04 1.187204832717173364e+00 -3.154534271502865833e-02
4.386000000000000000e+04 1.130600457888001786e+00 6.748376571463135000e-03
4.386100000000000000e+04 9.537434197380427747e-01 -4.963573656465446182e-02
4.386200000000000000e+04 9.566562887001360815e-01 4.600686124008635663e-02
4.386300000000000000e+04 1.104784286607352506e+00 2.001168944825091472e-02
4.386400000000000000e+04 9.412845675869013773e-01 -1.812964784921525241e-02
4.386500000000000000e+04 1.059435921999496211e+00 3.958399121874471571e-02
4.388000000000000000e+04 9.614526271065149121e-01 6.762290004695390572e-03
4.395700000000000000e+04 1.082738012699944408e+00 -1.219316936775924343e-01
4.395800000000000000e+04 8.917719298634622094e-01 5.551281512863460305e-02
4.395900000000000000e+04 1.072126525558372068e+00 -5.098754761710508343e-02
4.396000000000000000e+04 1.043632596314515881e+00 9.721235436055607193e-02
4.396100000000000000e+04 9.850780695761465200e-01 -6.890604920938496296e-03
4.396200000000000000e+04 9.920306491245020064e-01 1.113080373626637032e-01
4.396400000000000000e+04 9.655586199076268139e-01 -1.035052950497223484e-01
4.399800000000000000e+04 9.161460733017977587e-01 -2.996372034800614051e-02
4.399900000000000000e+04 1.066179212861426473e+00 -8.683576949778516740e-02
4.400000000000000000e+04 1.066514469266380827e+00 4.792594826546756059e-02
4.400100000000000000e+04 8.491477234711103383e-01 1.800165398773389755e-02
4.400200000000000000e+04 9.756178078178483482e-01 -1.421748974551736711e-01
4.400300000000000000e+04 9.217954164180032217e-01 3.708216472937603952e-02
4.400400000000000000e+04 9.867082437544941742e-01 -4.238431348590211006e-02
4.400500000000000000e+04 1.059402840624295905e+00 -1.117588807506127678e-02
4.400600000000000000e+04 1.022346568512664033e+00 2.763199361571012924e-02
4.403600000000000000e+04 9.663463588309164631e-01 -8.329443566595591542e-02
4.403700000000000000e+04 1.074488848843778488e+00 -6.324521694935102134e-02
4.404000000000000000e+04 9.866098268965294293e-01 -9.692046591670935851e-02
4.404100000000000000e+04 1.059116252192892071e+00 -9.345670259564539673e-02
4.404200000000000000e+04 1.027204938714277649e+00 6.432623563767683739e-02
4.404300000000000000e+04 1.098033680248885924e+00 1.191885081795825141e-02
4.414500000000000000e+04 1.109997974965308609e+00 -4.420862540199503588e-02
4.414600000000000000e+04 1.190304094411811509e+00 -5.382748279948517539e-02
4.414700000000000000e+04 1.118345267475777449e+00 -1.012899782709402452e-01
4.414800000000000000e+04 9.937746267258623645e-01 -1.120943009705013677e-01
4.414900000000000000e+04 1.156015269102558696e+00 -9.184103062173426535e-02
4.417500000000000000e+04 8.189145309094838510e-01 -1.374690550414519596e-01
4.417600000000000000e+04 1.431546415310072984e+00 1.380216934454407685e-01
4.417700000000000000e+04 9.471896079185563311e-01 -2.486214429603982382e-02
4.418800000000000000e+04 1.074011295863826598e+00 -6.806806086770506026e-02
4.418900000000000000e+04 9.557150275951042939e-01 6.415152469601084068e-03
4.419000000000000000e+04 6.562570001701830691e-01 -4.399958488578538385e-02
4.419700000000000000e+04 9.651435195548445645e-01 -7.519290566046639424e-02
4.419800000000000000e+04 1.038905482096758037e+00 -2.635503292824733015e-02
4.419900000000000000e+04 1.068188763137302599e+00 6.476551747680699134e-02
4.420100000000000000e+04 9.835001101108085120e-01 7.156242013321627293e-02
4.447100000000000000e+04 9.840508242564108832e-01 6.697104254200696161e-02
4.447300000000000000e+04 1.052384660904812863e+00 1.026291499367648213e-01
4.447400000000000000e+04 1.011216222552727029e+00 -2.426748462235345238e-02
4.447800000000000000e+04 1.018585604164679248e+00 6.249129095699226116e-02
4.448100000000000000e+04 9.305296479470246407e-01 1.034169877628246942e-01
4.450500000000000000e+04 1.026228975804761800e+00 -1.907893764671499126e-02
4.450700000000000000e+04 9.960376743886553141e-01 9.531129540647910459e-02
4.453600000000000000e+04 1.040512903214543927e+00 8.014542165211303859e-02
4.454100000000000000e+04 7.532125042277033611e-01 -1.352564524893130060e-01
4.468600000000000000e+04 1.014750222735901541e+00 -1.666061186809541725e-02
4.468700000000000000e+04 1.064163905682715239e+00 6.268457264923550827e-03
4.468800000000000000e+04 1.076236694134190541e+00 3.097243907540773306e-02
4.468900000000000000e+04 1.067964935360109058e+00 -1.057093510278406534e-01
4.469000000000000000e+04 1.128504781475927921e+00 -6.027389351798724537e-02
4.469200000000000000e+04 1.024599644650321162e+00 -2.864332202603801086e-02
4.469300000000000000e+04 1.081930882853589626e+00 -6.153250535270367826e-03
4.469400000000000000e+04 9.280438306737189835e-01 2.490038036390486431e-02
4.472200000000000000e+04 9.822814682083746973e-01 8.497058322726531304e-03
4.472300000000000000e+04 1.030749676456049313e+00 -6.281328074035527620e-02
4.472400000000000000e+04 9.535080846709380609e-01 -2.580939605506520074e-02
4.472600000000000000e+04 9.700121410609482409e-01 3.278242181023447582e-02
4.474700000000000000e+04 1.120980967893818514e+00 -7.358137033487101818e-03
4.474800000000000000e+04 1.157694301351082755e+00 1.426502953570414622e-02
4.474900000000000000e+04 1.050148835509691070e+00 4.628682629330316961e-02
4.475000000000000000e+04 1.126085825428831511e+00 -4.203518894783354193e-02
4.475100000000000000e+04 1.012004913764054770e+00 2.428178478138099186e-02
4.475200000000000000e+04 1.070172746766738348e+00 4.585734931177087859e-03
4.475300000000000000e+04 9.808288180923516730e-01 9.879141394152678168e-02
4.475400000000000000e+04 1.038386951042977069e+00 1.838807136584803825e-02
4.475500000000000000e+04 1.013377045196666382e+00 1.425714745297385344e-01
4.477600000000000000e+04 1.038153472051312365e+00 1.370225160298109701e-01
4.477700000000000000e+04 1.014729405828791453e+00 -5.570614981174942110e-02
4.477800000000000000e+04 1.118229250131131280e+00 -1.260310669966857415e-02
4.477900000000000000e+04 1.039376282475555469e+00 -3.892728452709465214e-02
4.478000000000000000e+04 1.090745697629503574e+00 9.805581093784947189e-02
4.478100000000000000e+04 1.044742486586293317e+00 -6.747204358203560959e-02
4.478200000000000000e+04 1.157657077079148555e+00 -1.664320932716454801e-03
4.478300000000000000e+04 1.121129499997525869e+00 -9.472647234047037231e-04
4.478400000000000000e+04 1.066494863663127513e+00 -5.864743924952697807e-02
4.478500000000000000e+04 1.037485836174983911e+00 1.795365179688156870e-02
4.478600000000000000e+04 1.002465464356912195e+00 3.754311270418245194e-02
4.478700000000000000e+04 1.112071352061053009e+00 6.658915286640282316e-02
4.478800000000000000e+04 9.605670038689503309e-01 1.739720888728269257e-02
4.480500000000000000e+04 9.796040181934208002e-01 -5.101010786413164022e-02
4.480700000000000000e+04 1.025996333040400055e+00 -1.806151901475835236e-02
4.480800000000000000e+04 1.072472929689512799e+00 -8.015441240677202012e-03
4.480900000000000000e+04 1.054125558436738386e+00 1.688352373732826886e-02
4.481000000000000000e+04 1.093407596291270822e+00 4.714590168405631554e-02
4.481100000000000000e+04 1.040015025636618740e+00 7.532299341163861683e-02
4.481200000000000000e+04 1.063364636937609298e+00 -6.140070245123886716e-02
4.481300000000000000e+04 1.082886760771418100e+00 -3.821125717597542888e-03
4.481400000000000000e+04 8.896522825022550318e-01 2.825171379357074158e-02
4.481600000000000000e+04 9.679344204508111282e-01 8.148708659630075901e-02
4.505500000000000000e+04 9.946934723171750869e-01 5.745098261101450055e-02
4.507300000000000000e+04 9.566376338095610166e-01 9.845889335154550670e-02
4.507500000000000000e+04 8.992546707501593017e-01 4.749219359277787045e-02
4.509400000000000000e+04 9.498858382668609046e-01 4.499299848925218670e-02
4.511800000000000000e+04 9.890118036368137355e-01 3.994046937980805234e-02
4.511900000000000000e+04 1.039191613529980796e+00 3.335376532568071900e-02
4.512000000000000000e+04 1.087045791515579563e+00 2.599133060698492412e-02
4.512100000000000000e+04 9.756548086637192307e-01 -5.705471048474342749e-03
4.512200000000000000e+04 1.052044147556123743e+00 -1.052827629649734781e-01
4.512300000000000000e+04 1.101983713344319105e+00 -2.011242081081964991e-02
4.512400000000000000e+04 1.086239304921470028e+00 -9.475298814870670994e-02
4.513000000000000000e+04 1.038095863823073284e+00 2.282001095015704500e-02
4.513100000000000000e+04 1.038841965451688276e+00 6.363544831443565530e-02
4.513200000000000000e+04 1.021709668941823912e+00 9.219857612990159379e-02
4.513300000000000000e+04 9.880818539019287083e-01 -6.585893404212204982e-02
4.513400000000000000e+04 1.092841865490663311e+00 -7.027123665841400815e-03
4.513500000000000000e+04 1.027172612041026722e+00 6.771694361962968256e-02
4.513600000000000000e+04 9.780210876615003102e-01 5.280127803048164335e-03
4.515000000000000000e+04 9.874412780473196261e-01 4.192371387375548597e-02
4.515200000000000000e+04 1.133163616884379277e+00 8.935912243832744295e-02
4.515300000000000000e+04 9.599680299110281423e-01 -2.672189567499297022e-02
4.515400000000000000e+04 9.949636468520478561e-01 9.241547138875819134e-02
4.515500000000000000e+04 1.046093125839048898e+00 2.383327612897699621e-02
4.515600000000000000e+04 9.757477901812092735e-01 6.078732979204821280e-02
4.515800000000000000e+04 1.005151299550964605e+00 -1.942908023123183711e-02
4.515900000000000000e+04 9.743915422719616748e-01 -7.603152386640490978e-02
4.516000000000000000e+04 9.525134261486358778e-01 1.557634049871700344e-01
4.524200000000000000e+04 9.185519160340664957e-01 1.481243695746257841e-03
4.524300000000000000e+04 1.011931856451862899e+00 -8.823360681852226300e-03
4.524400000000000000e+04 1.002593097440169334e+00 -2.821111796309763026e-02
4.524500000000000000e+04 1.041186140671966687e+00 8.680261365457009326e-02
4.524600000000000000e+04 1.025339524561933224e+00 4.883216654405535956e-02
4.524700000000000000e+04 9.960025668511813812e-01 1.396948023325287891e-01
4.524800000000000000e+04 1.021985750415036254e+00 2.257051799392950642e-03
4.524900000000000000e+04 9.733137141956371696e-01 1.089341542153183934e-01
4.525100000000000000e+04 1.015903591427839592e+00 9.654083298086587467e-03
4.525200000000000000e+04 8.830911964457348606e-01 1.206716663452233884e-01
4.525300000000000000e+04 9.175531276997402896e-01 9.914410119945277211e-02
4.525400000000000000e+04 9.567403222606052360e-01 2.863387032386963127e-02
4.528100000000000000e+04 9.917725979991314222e-01 -1.215243257302829616e-03
4.528200000000000000e+04 1.042382943335037337e+00 2.999379373478724964e-02
4.528300000000000000e+04 1.028311590555581523e+00 -1.630464038887629100e-02
4.528400000000000000e+04 1.062909176784025300e+00 3.705080199038531669e-02
4.528500000000000000e+04 1.068111839196369317e+00 4.592346015737888178e-03
4.528600000000000000e+04 1.053033629479169120e+00 -1.226080825715314404e-02
4.528700000000000000e+04 9.679030691529961761e-01 -1.489356169407976722e-02
4.528800000000000000e+04 9.741683944949415253e-01 3.705471838515050909e-02
4.529100000000000000e+04 9.131306607847440304e-01 -3.866006965920477240e-02
4.531400000000000000e+04 1.175318076163117231e+00 -2.430245307438175587e-02
4.531500000000000000e+04 1.107488138598758498e+00 1.923996344468684519e-02
4.531600000000000000e+04 1.129941237298946577e+00 1.841493269036698077e-01
4.531700000000000000e+04 9.788209584674179009e-01 1.044369778433869717e-01
4.531900000000000000e+04 9.514107264203172099e-01 9.180118255468483479e-02
4.536500000000000000e+04 1.058936219279120960e+00 1.051114754276273461e-01
4.536700000000000000e+04 1.064530439345042767e+00 -6.013646082809163268e-03
4.536800000000000000e+04 1.060251130549326737e+00 -5.433662987563309685e-04
4.537000000000000000e+04 1.004072889702407601e+00 -2.264023133048919875e-02
4.541700000000000000e+04 9.773473520414983629e-01 4.819161701614457782e-02
4.541800000000000000e+04 9.617946603643403591e-01 2.160127032322699953e-02
