3.585700000000000000e+04 8.927057860590619232e-01 1.439654759515164584e-02
3.585800000000000000e+04 9.185451108396275322e-01 7.028314341993396885e-02
3.585900000000000000e+04 8.107717196876254029e-01 -2.696292774481746923e-02
3.586000000000000000e+04 8.496301691910872478e-01 -8.172835129171587831e-02
3.586100000000000000e+04 8.289808256730705205e-01 -4.577669753958848314e-02
3.587800000000000000e+04 8.909337354671794662e-01 -5.768731164607381751e-02
3.588000000000000000e+04 8.871173921880056712e-01 1.547769939495877711e-01
3.588200000000000000e+04 7.251448620546253609e-01 4.170614733588074580e-02
3.589200000000000000e+04 7.666842054339998436e-01 -7.868965729151863875e-02
3.589300000000000000e+04 8.639886688942071125e-01 5.506659626270662966e-02
3.589400000000000000e+04 8.398025093926505535e-01 7.454403035141543565e-02
3.589500000000000000e+04 8.190468102717708421e-01 6.841441679565606060e-02
3.589600000000000000e+04 8.326090157022701943e-01 4.100973186574551066e-02
3.589900000000000000e+04 9.975570615497914018e-01 -1.322252540811584033e-02
3.590000000000000000e+04 9.488187308129436559e-01 5.316402754226544347e-02
3.593200000000000000e+04 9.753245151457617945e-01 2.649971554417360903e-02
3.593300000000000000e+04 9.358697208720884175e-01 1.307252110074580698e-01
3.593400000000000000e+04 8.476999536725992046e-01 6.970051242934853508e-02
3.593600000000000000e+04 8.534563096099886392e-01 -4.909116546218459526e-02
3.593700000000000000e+04 9.989330038882100471e-01 9.466066873866590958e-02
3.593800000000000000e+04 8.891012993162223932e-01 1.249956367423439019e-01
3.593900000000000000e+04 8.322070826961897039e-01 -2.256761425897474416e-02
3.594000000000000000e+04 9.746605531683489865e-01 1.017859570482417125e-01
3.594100000000000000e+04 8.749571095239500051e-01 4.354797782349493357e-02
3.594700000000000000e+04 9.450720908316424529e-01 -1.414893560915768400e-01
3.594800000000000000e+04 9.787057149141357160e-01 8.720516750584074439e-02
3.594900000000000000e+04 9.693088657336234037e-01 4.382213313062548882e-02
3.595000000000000000e+04 8.910454610388410801e-01 -2.274167421385241833e-02
3.595100000000000000e+04 8.311459210899817540e-01 -4.735024595362230526e-02
3.595200000000000000e+04 9.054010241259047298e-01 2.146992909918503389e-02
3.595300000000000000e+04 9.260848976178608360e-01 -1.304835503423824594e-01
3.595400000000000000e+04 1.030780162256567767e+00 5.217321282120545439e-02
3.595500000000000000e+04 1.066313793028176526e+00 4.435474437214508014e-02
3.595600000000000000e+04 7.637388889201925934e-01 -5.717050053239223356e-02
3.595700000000000000e+04 8.473839824015455546e-01 5.260437149202093141e-03
3.596600000000000000e+04 1.090210922657443682e+00 1.151718119901909976e-01
3.596700000000000000e+04 8.825136060673925975e-01 5.884914669567614665e-02
3.598200000000000000e+04 9.187767216843023554e-01 7.817894225696223054e-02
3.598300000000000000e+04 8.956932434868276616e-01 1.494979961357733311e-01
3.598400000000000000e+04 8.359969294125467743e-01 5.554771465603318414e-02
3.598500000000000000e+04 8.129928185386453565e-01 2.612238541542667020e-02
3.598600000000000000e+04 9.936135786631178357e-01 -4.719380232477228543e-02
3.598800000000000000e+04 9.466889497897241768e-01 2.017913277358290500e-02
3.598900000000000000e+04 8.744428230291881876e-01 6.061486621060221264e-02
3.599000000000000000e+04 9.861983564438214778e-01 1.088952496460631331e-01
3.599100000000000000e+04 9.839566935478333276e-01 1.080934016575475637e-01
3.599200000000000000e+04 7.620283109396972510e-01 1.689909138103056624e-02
3.599400000000000000e+04 8.841035506122064680e-01 -3.452671567316818735e-02
3.599500000000000000e+04 8.933461200630387067e-01 8.252229056868955193e-02
3.599600000000000000e+04 8.752073991085842497e-01 1.393626923518952732e-01
3.600200000000000000e+04 8.997105922647307130e-01 7.275307060493883815e-02
3.600300000000000000e+04 8.626852276359295857e-01 1.955854102890649260e-01
3.600400000000000000e+04 7.938580290029861875e-01 4.610962071254183503e-02
3.600500000000000000e+04 8.734042309862928288e-01 1.234948750939781660e-02
3.600700000000000000e+04 9.519922715841042660e-01 4.903022464933010777e-02
3.600800000000000000e+04 9.081038101401232021e-01 8.813059798505515352e-02
3.600900000000000000e+04 9.070194077895320506e-01 3.325547579660791814e-02
3.601100000000000000e+04 9.060066359620898568e-01 7.683654218241209310e-02
3.601200000000000000e+04 8.757598276162591455e-01 3.958028404675970752e-02
3.601300000000000000e+04 7.027864806715888868e-01 1.062897547662530751e-02
3.601400000000000000e+04 8.544245814528310667e-01 -6.856067093953584039e-03
3.601500000000000000e+04 8.606819058891163055e-01 2.661162430993547698e-02
3.601600000000000000e+04 8.924789091958030829e-01 -1.100990747133634776e-02
3.601700000000000000e+04 8.762995720697274171e-01 5.643201395985668334e-02
3.602500000000000000e+04 7.686780640099718509e-01 3.776239717987954492e-02
3.602600000000000000e+04 8.233416356784094559e-01 -6.045528077265068141e-03
3.602700000000000000e+04 8.667041268367601248e-01 5.634288755902787382e-02
3.602800000000000000e+04 9.753232696866751539e-01 -3.468052759699508103e-02
3.602900000000000000e+04 9.355852717708311728e-01 5.072483963754197134e-02
3.603000000000000000e+04 9.142213595332147058e-01 6.212081457870965995e-02
3.603300000000000000e+04 8.330366704266582989e-01 1.153111843610965942e-01
3.604200000000000000e+04 8.876755933615815275e-01 1.073742942026772729e-01
3.604300000000000000e+04 9.119592755454712929e-01 2.784851912642848093e-02
3.604400000000000000e+04 8.710346643139330602e-01 1.114911660264668591e-01
3.604500000000000000e+04 9.546640286121425012e-01 1.457020078294075094e-01
3.604600000000000000e+04 8.762274452374720912e-01 4.193544548702315966e-02
3.605200000000000000e+04 7.085419555140325398e-01 -7.239514700106426670e-02
3.606200000000000000e+04 8.788660741131971710e-01 6.422008205868223740e-02
3.606300000000000000e+04 8.764273111407273609e-01 -1.930953692655030130e-03
3.606400000000000000e+04 9.045634952719158184e-01 -4.005249920384537470e-03
3.606500000000000000e+04 9.930167140562401462e-01 1.187874089953919465e-01
3.606600000000000000e+04 7.491697289303558271e-01 -3.010795539659582437e-02
3.606700000000000000e+04 8.603822204451964106e-01 -4.654729166875958696e-02
3.606800000000000000e+04 8.778778561189990448e-01 -5.685173580182256367e-03
3.606900000000000000e+04 9.100788365665402058e-01 4.085859025528432165e-02
3.607000000000000000e+04 7.838866684751393255e-01 3.589813506539994703e-02
3.607900000000000000e+04 7.587927684707752585e-01 1.943444545976907301e-01
3.608000000000000000e+04 6.749952405259809218e-01 5.811204128554412623e-02
3.608100000000000000e+04 7.951223250022815270e-01 -7.974766971006128080e-02
3.608200000000000000e+04 7.917416855133304621e-01 -8.189003070494674241e-02
3.608300000000000000e+04 7.981550351223054562e-01 -8.321445726011514332e-02
3.608400000000000000e+04 5.453443855974980936e-01 -3.559040400447124886e-02
3.608500000000000000e+04 8.741290534143288937e-01 -7.875772441931906676e-02
3.608600000000000000e+04 9.611465363962152786e-01 7.644191094765245831e-02
3.608700000000000000e+04 1.002776126775392074e+00 1.961173856447226971e-01
3.608800000000000000e+04 9.032615628964854038e-01 7.601755772232175745e-02
3.608900000000000000e+04 8.351379552446952514e-01 8.225934319134683981e-02
3.609100000000000000e+04 8.854925076830398867e-01 1.029185079274979459e-01
3.610000000000000000e+04 8.007088035507926582e-01 3.285577025626026243e-02
3.610200000000000000e+04 7.077809736617366454e-01 -9.674284577929598283e-02
3.610300000000000000e+04 9.446736619849960270e-01 6.853754612032326998e-02
3.610400000000000000e+04 8.147583993369559296e-01 -2.532316163066518008e-02
3.610500000000000000e+04 1.317954795124562706e+00 2.552498752402135307e-01
3.611600000000000000e+04 4.070497159124595310e-01 6.340425067292999872e-02
3.613200000000000000e+04 9.755837384342246343e-01 1.225481339341113751e-01
3.613300000000000000e+04 1.011523434904569640e+00 2.318409196282400220e-01
3.613600000000000000e+04 7.583845054193704138e-01 -1.018297305155848181e-01
3.613800000000000000e+04 7.061522598199148071e-01 2.638933852466225638e-02
3.613900000000000000e+04 8.209506627047444827e-01 8.224556941789280817e-02
3.614000000000000000e+04 7.185350901354545794e-01 -3.855470718037522920e-02
3.617100000000000000e+04 9.179672113061047023e-01 -6.766320965670438725e-03
3.617200000000000000e+04 9.100313986393635535e-01 1.170519662765047257e-02
3.617400000000000000e+04 5.673350021504086627e-01 -1.933702429173132786e-02
3.617500000000000000e+04 8.931390852447566031e-01 1.493079834454683896e-01
3.617600000000000000e+04 9.215394908945685470e-01 5.109802246592368147e-02
3.617700000000000000e+04 8.155158012039155357e-01 -2.638143648605248068e-02
3.618000000000000000e+04 8.017119668935828170e-01 2.446500499270136755e-02
3.618100000000000000e+04 8.304071649046382841e-01 1.791265516341051037e-02
3.618200000000000000e+04 7.409936592464061444e-01 2.451962456205965951e-02
3.618900000000000000e+04 8.324222885972896169e-01 1.276706974381634219e-01
3.619100000000000000e+04 7.810254532660790838e-01 6.758485834024308136e-02
3.619200000000000000e+04 8.308732995899871243e-01 3.427250659628470336e-02
3.619300000000000000e+04 9.255164163480253947e-01 4.354883578839665453e-02
3.621500000000000000e+04 6.893341030230542010e-01 -4.875897263473730897e-02
3.632000000000000000e+04 1.117637593845457245e+00 7.821623010095517248e-02
3.632800000000000000e+04 8.517184796015641046e-01 -3.441795460503183079e-02
3.632900000000000000e+04 9.060755399758522177e-01 -3.602401371704265498e-02
3.633000000000000000e+04 1.024518586856593583e+00 3.376850617114424136e-02
3.633100000000000000e+04 1.059769130362642864e+00 -3.907630586654322821e-03
3.633300000000000000e+04 1.082056117931480044e+00 -4.837776063652664965e-03
3.634100000000000000e+04 9.277851026485369745e-01 -2.289161439560457451e-02
3.634200000000000000e+04 9.431047480807344119e-01 -7.319144656840100016e-02
3.634300000000000000e+04 1.088275065735843095e+00 3.531610554008607350e-02
3.634400000000000000e+04 1.047213265569038043e+00 3.244278939027452069e-02
3.634500000000000000e+04 1.110040227640810340e+00 -6.492506078394538749e-02
3.634600000000000000e+04 1.051039862199399044e+00 6.451904964667022624e-02
3.635800000000000000e+04 8.960301080311141586e-01 -5.686383986079285302e-02
3.635900000000000000e+04 1.055428879340418957e+00 8.139750648628538143e-02
3.636000000000000000e+04 8.663708316780156515e-01 6.239505731968680857e-02
3.636100000000000000e+04 9.555180019698253924e-01 5.120921245716466425e-02
3.636300000000000000e+04 1.021198546712788202e+00 1.773252907784764881e-02
3.636400000000000000e+04 9.614658014097973160e-01 1.398157603608182580e-02
3.639100000000000000e+04 7.339528906156783661e-01 -9.423156012832833994e-02
3.639200000000000000e+04 8.622460119483584817e-01 -9.709547044217908818e-02
3.639300000000000000e+04 8.827345171931697543e-01 5.906326802037993595e-02
3.639400000000000000e+04 7.455639004251708446e-01 1.286235470481472964e-01
3.639600000000000000e+04 7.713650092229700217e-01 -2.545713128615074983e-02
3.639700000000000000e+04 8.529935773113308528e-01 9.336607255054935051e-02
3.639800000000000000e+04 9.840870532809934401e-01 -2.007747678864341828e-02
3.639900000000000000e+04 9.212382166129231553e-01 -3.216440013353174393e-02
3.640000000000000000e+04 7.233044427878254634e-01 4.726411635510565853e-03
3.640100000000000000e+04 9.621343027810705939e-01 7.766357028164115606e-02
3.641200000000000000e+04 9.206629792594394068e-01 -6.145288500836395412e-03
3.641300000000000000e+04 9.755311538663189452e-01 2.259353251863964462e-02
3.641400000000000000e+04 1.006828376732121333e+00 3.420304544107898720e-02
3.642200000000000000e+04 9.741309826226718371e-01 1.912682004706942746e-02
3.642300000000000000e+04 9.763923413350454883e-01 1.609889729888162868e-02
3.645900000000000000e+04 8.646866463663102076e-01 -6.989653498391770747e-02
3.646000000000000000e+04 1.058700485016326631e+00 2.352669459867189408e-02
3.646100000000000000e+04 7.503443786703978269e-01 4.086764220513138673e-02
3.646200000000000000e+04 1.008123084024024507e+00 3.436242457298128994e-02
3.646300000000000000e+04 9.269529999857911706e-01 -2.116817471256429023e-02
3.646400000000000000e+04 8.353988547263988540e-01 1.437387696760281663e-01
3.646500000000000000e+04 8.815377931047991833e-01 4.593945160375548925e-02
3.646800000000000000e+04 1.039224847787074246e+00 1.037404369096463636e-01
3.650800000000000000e+04 8.474284597117419660e-01 4.618650129866806731e-02
3.650900000000000000e+04 7.267053270675880583e-01 6.262527738764182839e-02
3.651000000000000000e+04 8.436936139300104109e-01 1.079651785597708462e-02
3.651100000000000000e+04 8.971840362460684615e-01 1.861569706586117812e-02
3.659100000000000000e+04 1.013439262321923939e+00 1.774209085838095723e-01
3.659200000000000000e+04 9.136087814590404532e-01 4.321778927077849636e-02
3.660400000000000000e+04 9.659529992260532660e-01 2.388907434310779676e-01
3.660500000000000000e+04 8.738146848953847190e-01 1.538826778270303286e-01
3.660600000000000000e+04 9.756473578265631996e-01 1.942117693877199180e-01
3.660700000000000000e+04 9.478781200529073914e-01 1.519416410308588872e-01
3.661900000000000000e+04 9.283797374402248392e-01 1.172593195485913120e-02
3.662000000000000000e+04 8.649058750606516410e-01 1.170999736001843983e-01
3.662100000000000000e+04 1.023165060102158685e+00 6.534289931931432094e-02
3.662200000000000000e+04 1.054826422169480749e+00 1.289579132113042870e-01
3.663400000000000000e+04 8.432752374805497775e-01 3.985240531151144905e-03
3.663500000000000000e+04 9.557553911890517284e-01 1.167581589067417762e-02
3.663600000000000000e+04 9.892994240304897602e-01 1.230024146951709391e-01
3.663700000000000000e+04 9.819422525522834011e-01 1.805418616220895445e-01
3.664800000000000000e+04 9.983800629855463793e-01 7.963359617916090927e-02
3.665000000000000000e+04 9.064079717689901283e-01 -1.463884091611805660e-01
3.665200000000000000e+04 1.045692146333194517e+00 1.521876353957455075e-01
3.666400000000000000e+04 8.726458485667482057e-01 3.737351946686540138e-02
3.666500000000000000e+04 8.077111908134493312e-01 1.208572404011285933e-01
3.666600000000000000e+04 1.062996162849437543e+00 1.683506390579146972e-01
3.666700000000000000e+04 9.734555356313331353e-01 1.362523955787752761e-01
3.668900000000000000e+04 1.004299385981667347e+00 -1.293175989961732886e-01
3.669700000000000000e+04 9.906061229613639663e-01 2.201008688419832816e-03
3.669800000000000000e+04 1.041843516634698874e+00 7.031795124149420317e-02
3.669900000000000000e+04 1.095676859374707490e+00 1.024364390429138016e-01
3.670000000000000000e+04 1.025884756773031148e+00 1.626650065228415210e-01
3.670100000000000000e+04 1.012407432883027480e+00 1.042085699793310200e-01
3.670200000000000000e+04 9.967125378113667056e-01 1.214646376991518201e-01
3.670300000000000000e+04 9.899286082943662413e-01 -6.778674553476680964e-02
3.670400000000000000e+04 9.651913425095025589e-01 -5.453084467593440066e-02
3.670500000000000000e+04 1.049792775466817263e+00 -1.154128165654641908e-01
