6.668200000000000000e+04 1.089894195947306743e+00 1.166463816039493284e-01
6.669600000000000000e+04 1.079186900209493594e+00 -5.722258633013356174e-03
6.669700000000000000e+04 1.150792812582053903e+00 -5.144972098574146502e-02
6.669800000000000000e+04 1.088740438623591489e+00 -6.914106952504346648e-02
6.669900000000000000e+04 1.121893253434501192e+00 -1.427581382417305589e-01
6.670000000000000000e+04 1.002145956501606872e+00 -1.509174544933591933e-02
6.670100000000000000e+04 1.006259939738016973e+00 3.423977274984096875e-02
6.670200000000000000e+04 1.035010734785497544e+00 -3.589396946568585572e-02
6.670300000000000000e+04 1.078681322060280223e+00 6.137156779573438303e-02
6.670400000000000000e+04 1.104159110364978602e+00 -3.550933773898013596e-02
6.670500000000000000e+04 9.799360026877278473e-01 -8.927948976122015989e-02
6.672600000000000000e+04 1.132232178373170584e+00 -3.995012389623842780e-02
6.672700000000000000e+04 1.081285919239777904e+00 -6.225255456154905886e-02
6.672800000000000000e+04 1.159581621630092707e+00 1.153918960949165164e-02
6.673000000000000000e+04 1.070908150119136648e+00 -6.996469461521671873e-02
6.673100000000000000e+04 1.000449599337621009e+00 -3.009090020642753854e-02
6.674600000000000000e+04 1.047643820290238059e+00 -3.954230588201825686e-02
6.674700000000000000e+04 1.158568841636527180e+00 -5.066914876602448409e-02
6.674800000000000000e+04 1.085323354812613550e+00 -6.185222361824733311e-02
6.674900000000000000e+04 1.003099684031645067e+00 -5.442939558739979394e-02
6.675000000000000000e+04 1.098906906297150154e+00 -7.643919951157987502e-02
6.675100000000000000e+04 1.018329492302334049e+00 3.580942432870878184e-02
6.675200000000000000e+04 1.081048249460537791e+00 1.057283116352184527e-01
6.675300000000000000e+04 1.095537097176901398e+00 -4.013588968386196804e-02
6.675400000000000000e+04 1.082954753828908157e+00 -2.044108732836380851e-02
6.678900000000000000e+04 1.241191223271304711e+00 -9.618316638316855294e-02
6.679000000000000000e+04 1.104274209907812887e+00 -1.794016923435115193e-02
6.679100000000000000e+04 1.150261143248480167e+00 -1.429533764361856640e-01
6.679200000000000000e+04 1.235490288946455184e+00 7.129467530394011272e-03
6.679300000000000000e+04 1.094832620505495901e+00 -4.723402873260309359e-02
6.679400000000000000e+04 1.100042084279922561e+00 -5.345440272555830596e-02
6.679500000000000000e+04 1.030917863231979759e+00 3.358325838494816140e-02
6.679600000000000000e+04 1.086550965320211004e+00 4.669496940938647200e-02
6.679700000000000000e+04 1.181594633720232546e+00 -7.263591805018948522e-02
6.679800000000000000e+04 1.078152615445448825e+00 -6.120154005702927585e-02
6.679900000000000000e+04 1.067146461491096376e+00 -1.368147706757797885e-02
6.680500000000000000e+04 1.069766348372058529e+00 -6.220269816222867565e-02
6.680600000000000000e+04 1.096894783108968818e+00 -2.695403471718115646e-02
6.680700000000000000e+04 9.675294449299693955e-01 1.342865377710678043e-01
6.680800000000000000e+04 1.054128173991926598e+00 -1.117265011734378845e-02
6.680900000000000000e+04 1.021815473723251433e+00 6.803446207881483354e-02
6.681000000000000000e+04 9.874787445834408706e-01 6.216365599658228713e-02
6.681100000000000000e+04 9.649418418324355873e-01 2.616449382081079827e-02
6.681200000000000000e+04 9.851388896562816022e-01 7.767904559427850353e-02
6.681300000000000000e+04 9.301171744115953599e-01 6.031049579219149165e-02
6.681400000000000000e+04 1.003033294065313275e+00 -5.403906836714879314e-02
6.681500000000000000e+04 9.513953102817628293e-01 -1.180897212131962366e-03
6.682500000000000000e+04 1.154954979929325498e+00 3.316208061901058674e-03
6.682600000000000000e+04 1.107733048556692523e+00 2.685565997878494593e-02
6.682700000000000000e+04 1.065439680284757440e+00 -5.662764166606874816e-03
6.682800000000000000e+04 1.093308524235045764e+00 5.401755919904312891e-02
6.682900000000000000e+04 1.091040857990123181e+00 -1.388381921625742553e-02
6.683000000000000000e+04 1.131079883285232679e+00 1.675572959421097255e-02
6.683100000000000000e+04 1.036480649633497286e+00 -2.115985543823525623e-03
6.683200000000000000e+04 1.049430188587713086e+00 7.880107151548088051e-02
6.683300000000000000e+04 9.872108410190276739e-01 -3.616216881766416008e-02
6.683400000000000000e+04 1.064638478822007128e+00 -4.422477771989667683e-02
6.683500000000000000e+04 1.035995965222330062e+00 4.909303855323177840e-02
6.684700000000000000e+04 1.033401083848575208e+00 3.148945562965009548e-02
6.684800000000000000e+04 1.058154149468981897e+00 -3.253278808751940837e-02
6.684900000000000000e+04 1.122631557695962012e+00 -2.181831819730456132e-02
6.685000000000000000e+04 1.121360906642361543e+00 4.494746023383149741e-02
6.685100000000000000e+04 1.014342793934092102e+00 5.368638261229553149e-02
6.685200000000000000e+04 1.071670512626679894e+00 -5.250445052714539096e-02
6.685300000000000000e+04 1.031054724965202674e+00 8.834767590957408323e-03
6.685400000000000000e+04 1.065886239483534670e+00 -2.374934436192024934e-02
6.685500000000000000e+04 1.054897762612134748e+00 -3.162446395747638139e-02
6.685600000000000000e+04 9.800920088855822332e-01 2.076808495518863568e-02
6.688500000000000000e+04 1.007142434482148907e+00 5.176644522602182746e-02
6.688600000000000000e+04 9.564890648589409183e-01 1.100857656574182053e-01
6.688700000000000000e+04 8.964238191911592102e-01 1.315144140324182864e-01
6.688800000000000000e+04 9.067736043565978177e-01 7.203410743999226484e-02
6.688900000000000000e+04 9.507347746969798674e-01 1.156852668534972817e-01
6.689000000000000000e+04 9.775093722049557066e-01 -1.216064323522029339e-02
6.689100000000000000e+04 9.683783703805960430e-01 1.882866623857553691e-03
6.689200000000000000e+04 9.830394046854766810e-01 -1.747559267369006714e-02
6.690500000000000000e+04 9.772494472017067002e-01 -2.211844555743355117e-02
6.690600000000000000e+04 1.013070486932679426e+00 1.106350863071140292e-02
6.690700000000000000e+04 1.119286994675183999e+00 -6.735440261472338229e-03
6.690800000000000000e+04 1.013688229536265473e+00 -3.543954395082989095e-02
6.690900000000000000e+04 1.046928313713692438e+00 6.304522737267903576e-02
6.691000000000000000e+04 1.046831158137819573e+00 1.381907396101061669e-01
6.692500000000000000e+04 1.075076609870500688e+00 -6.461987108551049859e-03
6.692600000000000000e+04 1.038340067017178514e+00 -3.344015764103570876e-02
6.692700000000000000e+04 1.012563622228128901e+00 -8.707654451873569901e-02
6.692800000000000000e+04 9.474450058134766817e-01 -6.875830190787695848e-03
6.693800000000000000e+04 9.783616517883851893e-01 5.771094682803455667e-02
6.693900000000000000e+04 9.161910453872076365e-01 1.907555186805379860e-02
6.694000000000000000e+04 9.815705516405475173e-01 -2.567165768152338337e-02
6.695000000000000000e+04 1.296349047489944839e+00 -1.072902235902574615e-02
6.697700000000000000e+04 9.351077193019693423e-01 1.210831392044946307e-03
6.699300000000000000e+04 9.570367295970593213e-01 4.566469022789605703e-02
6.699400000000000000e+04 9.216927569915730478e-01 -3.318581422558723737e-02
6.703500000000000000e+04 9.203686719223159729e-01 6.510642948116454609e-02
6.703600000000000000e+04 8.842809749959209542e-01 3.927187739734251670e-02
6.707200000000000000e+04 8.845893044212548295e-01 -4.519427937699951880e-02
6.707300000000000000e+04 9.072586335928947143e-01 4.575076815592472868e-03
6.710000000000000000e+04 1.171833586325589094e+00 -1.093432918121274161e-01
6.711900000000000000e+04 1.024646649318160518e+00 -1.468796173525431514e-02
6.712400000000000000e+04 9.567705392745543547e-01 1.100500089618508190e-02
6.714500000000000000e+04 1.032193467110693597e+00 -9.862833258251824109e-02
6.715000000000000000e+04 1.045958407898899045e+00 7.345928491387218595e-02
6.716600000000000000e+04 1.094909741059790553e+00 -6.587961728049042398e-02
6.716700000000000000e+04 1.133790863852659925e+00 -1.690114489948071896e-02
6.716800000000000000e+04 1.102813611472074573e+00 3.693982955127808609e-02
6.716900000000000000e+04 1.221541245523865005e+00 -8.383595231373543177e-02
6.717000000000000000e+04 1.111524611460892098e+00 -4.131120282316305681e-02
6.717100000000000000e+04 1.152823855529355956e+00 -7.841520005879450139e-02
6.717200000000000000e+04 1.063339743984544450e+00 2.047075090816210044e-02
6.719400000000000000e+04 1.026181034851595841e+00 -2.754556088470855660e-02
6.719800000000000000e+04 1.022711696022740924e+00 -1.054516963788507643e-02
6.719900000000000000e+04 1.135619093153996007e+00 -5.642012387685957364e-02
6.720000000000000000e+04 1.072686798926396845e+00 -2.459274846376689402e-02
6.720100000000000000e+04 1.074966478924958002e+00 -7.847962043027185974e-03
6.720200000000000000e+04 1.116691484782625254e+00 -1.073707617626932544e-02
6.720300000000000000e+04 1.126574533202301831e+00 -3.675603948626594147e-02
6.722000000000000000e+04 9.807305292340582348e-01 -1.009053010507558745e-01
6.722100000000000000e+04 9.126797964189873325e-01 -8.581540014752508591e-03
6.722600000000000000e+04 1.030109144907165319e+00 -6.469982723842072903e-02
6.730900000000000000e+04 9.275232541390346919e-01 4.513329171202093426e-02
6.731200000000000000e+04 1.348029812097430336e+00 -1.266140714869085429e-02
6.731300000000000000e+04 1.258529068647278093e+00 -6.948783574613281999e-02
6.731400000000000000e+04 1.282506490680276556e+00 3.000939207226729910e-02
6.731500000000000000e+04 1.298278402347230243e+00 2.894112492424426308e-02
6.731600000000000000e+04 1.334144765808083610e+00 2.725500992380547154e-03
6.732500000000000000e+04 9.374565874156689516e-01 -1.123776524918597940e-02
6.736700000000000000e+04 1.113918456721329164e+00 -3.374199189205648319e-02
6.736800000000000000e+04 1.175823225677322004e+00 -5.006924869613885859e-02
6.736900000000000000e+04 1.195845798006863525e+00 -1.389942074019344387e-02
6.737000000000000000e+04 1.213825997481732921e+00 3.223564183516133830e-02
6.737100000000000000e+04 1.117391256726002924e+00 2.998943285149761537e-02
6.737200000000000000e+04 1.007869317425567290e+00 -3.362213520534999833e-02
6.737300000000000000e+04 1.001289179437545140e+00 1.224677980198258468e-03
6.737400000000000000e+04 9.457006406904596707e-01 -3.039627673191909116e-02
6.737500000000000000e+04 9.352065780092012615e-01 5.931108356036136203e-02
6.737600000000000000e+04 9.558392674734531580e-01 5.155719421049499707e-02
6.740500000000000000e+04 1.092735450805547792e+00 1.279276811555308743e-02
6.740600000000000000e+04 1.086161302672777884e+00 6.928887863986638029e-02
6.740700000000000000e+04 1.075193714720659610e+00 3.506462122424638950e-02
6.740800000000000000e+04 1.089152513663318222e+00 5.555418507786474835e-02
6.740900000000000000e+04 1.165159070048181755e+00 7.182119087055360840e-02
6.741000000000000000e+04 1.001476760708875480e+00 -2.926535135555835554e-02
6.741100000000000000e+04 9.651312256496191733e-01 1.904084868137583420e-04
6.741200000000000000e+04 9.084245137695210470e-01 8.766589667640109496e-02
6.741300000000000000e+04 9.193993444799845038e-01 9.848529921314352897e-02
6.741400000000000000e+04 9.387889911862689063e-01 5.736916355160916192e-02
6.741500000000000000e+04 8.728869896987001553e-01 1.122235452471745665e-01
6.742500000000000000e+04 9.500594206125191343e-01 2.484531104999056911e-02
6.742600000000000000e+04 9.667022248877238377e-01 5.277765189664956891e-02
6.742700000000000000e+04 9.398690765522694779e-01 -6.007880494571979889e-03
6.742800000000000000e+04 8.815813655782928082e-01 1.272718232294919594e-01
6.742900000000000000e+04 8.325178891966229511e-01 1.335761300979749211e-01
6.743000000000000000e+04 7.775794656046656206e-01 1.313317104733697505e-01
6.745000000000000000e+04 1.077193786765785477e+00 8.405924759799671131e-02
6.745100000000000000e+04 1.189388480314556906e+00 1.619273212989131086e-02
6.745200000000000000e+04 9.024177245224507260e-01 6.135269878576078001e-02
6.745300000000000000e+04 9.020670281151089709e-01 1.343046423950817470e-01
6.745400000000000000e+04 9.109193764344868383e-01 4.961065559784161479e-04
6.745500000000000000e+04 9.176058530534112467e-01 2.361987571790572227e-01
6.745600000000000000e+04 9.248662820013283659e-01 -2.089987684318778821e-02
6.747100000000000000e+04 9.452087785126952468e-01 1.166137517992354017e-01
6.747200000000000000e+04 9.387460974316635953e-01 5.922835364487797488e-02
6.747300000000000000e+04 9.709471846989842225e-01 4.231766500206464443e-02
6.747400000000000000e+04 8.922962496286365175e-01 4.794861237883107224e-02
6.749000000000000000e+04 9.693383943974420713e-01 3.414681744613332071e-02
6.749100000000000000e+04 1.018556917221488112e+00 -1.864580814612656207e-03
6.749200000000000000e+04 9.747062436678668451e-01 2.163042919618759358e-02
6.749300000000000000e+04 1.006338195649218337e+00 9.591966206915951421e-02
6.750500000000000000e+04 9.055166960235628837e-01 3.506912364753363848e-02
6.750600000000000000e+04 9.959669471401356722e-01 2.316193870613429684e-02
6.750700000000000000e+04 8.949912988723511820e-01 2.248136188687279574e-02
6.845300000000000000e+04 1.099919685610049269e+00 -6.988197371781870726e-02
6.845400000000000000e+04 1.146686581496420221e+00 -2.148772272883317166e-02
6.845500000000000000e+04 1.174716415375355538e+00 1.440313731920336571e-01
6.845600000000000000e+04 1.191841585459590513e+00 6.891747240071634251e-02
6.845700000000000000e+04 1.136942703815307265e+00 1.613053472736218352e-01
6.847400000000000000e+04 7.646772099776889542e-01 2.401558408329048377e-01
6.847700000000000000e+04 7.038480346449036418e-01 7.212681080999666650e-02
6.848400000000000000e+04 1.084576436257327137e+00 8.724210151586977990e-02
6.848500000000000000e+04 1.135183267634995330e+00 1.581761467247956854e-01
6.848600000000000000e+04 1.177242169520118509e+00 8.936592684107848295e-02
6.848700000000000000e+04 1.082887016506643985e+00 1.080916457551392845e-01
6.848800000000000000e+04 1.124153985848448833e+00 1.300582810259434674e-01
6.849100000000000000e+04 1.053011897698161281e+00 -9.794668589062952360e-03
6.849200000000000000e+04 9.150040767361947713e-01 -5.264406811626515248e-02
6.849300000000000000e+04 9.674223423569000557e-01 -4.915794572095767007e-02
6.849400000000000000e+04 1.022986948040327082e+00 -5.676651105236747707e-02
6.849500000000000000e+04 1.009021169631675097e+00 -8.427227421023112883e-03
6.849600000000000000e+04 1.009616501733958449e+00 5.880513692537559650e-02
6.849700000000000000e+04 9.135244112686620177e-01 -8.271425018795673656e-02
6.851700000000000000e+04 1.044300461223141463e+00 6.752692789849315536e-02
6.851800000000000000e+04 1.016154590125132762e+00 1.175330029645081098e-01
6.851900000000000000e+04 1.056719017481839051e+00 4.146778146191789499e-02
6.852000000000000000e+04 1.144193857651780721e+00 1.368243059342083567e-01
6.852100000000000000e+04 1.104139719086572713e+00 1.116964954042073133e-01
6.852200000000000000e+04 1.099024176610087222e+00 4.493287049873381789e-02
6.852300000000000000e+04 9.929090467707185619e-01 1.748378273137486394e-01
6.852400000000000000e+04 1.015198739567351183e+00 1.498836722602488736e-01
6.852500000000000000e+04 8.642297143106926205e-01 -8.726834359533175434e-02
6.852600000000000000e+04 1.060269130358098222e+00 3.986730132219021283e-02
