6.167600000000000000e+04 1.022525031588003008e+00 1.410045269494036857e-03
6.168900000000000000e+04 6.766983352456970024e-01 -7.240791233025917206e-02
6.169000000000000000e+04 8.469661553911588259e-01 -2.716067909459805862e-02
6.169100000000000000e+04 9.186195404791486219e-01 4.932677426456334984e-04
6.169200000000000000e+04 9.829740403133706561e-01 -1.583265471704227781e-02
6.170200000000000000e+04 8.968657908379518151e-01 1.841821999452661687e-03
6.170300000000000000e+04 8.759981552178124353e-01 2.015232685671445451e-02
6.170400000000000000e+04 7.806196195136589910e-01 -9.096214573877191290e-02
6.170500000000000000e+04 1.040704653137130675e+00 7.159084927918269586e-03
6.175000000000000000e+04 8.736973396363615363e-01 -2.448601502593385909e-02
6.175100000000000000e+04 8.580685485469157214e-01 -9.714306570908047556e-02
6.175200000000000000e+04 9.226356959031123406e-01 -6.147574645623213319e-02
6.176300000000000000e+04 9.653862497004771503e-01 -7.515076379636977111e-02
6.178300000000000000e+04 7.240261310783679960e-01 -1.093424123520150421e-01
6.179000000000000000e+04 8.274080775206962279e-01 -9.196636915572024840e-02
6.179100000000000000e+04 1.270230142931374706e+00 8.268382069909574472e-02
6.180200000000000000e+04 1.284947444436632669e+00 5.105654790986082631e-02
6.180300000000000000e+04 1.041133658578336396e+00 -6.282388850354375665e-02
6.185200000000000000e+04 1.172673829233988441e+00 2.058320891599174293e-02
6.185300000000000000e+04 1.120296191674060582e+00 2.932413814169665747e-02
6.185400000000000000e+04 9.827991191040142960e-01 -4.490019963955454302e-02
6.186600000000000000e+04 1.001236734230882774e+00 -3.228342060944004721e-02
6.186700000000000000e+04 9.337289871968011967e-01 -7.561982479748027841e-02
6.200000000000000000e+04 5.533643075783185594e-01 -1.126236685148033490e-01
6.200100000000000000e+04 5.257155241350854880e-01 -1.016420213435782344e-01
6.205600000000000000e+04 8.910912899169750601e-01 -4.772671426294908953e-02
6.205700000000000000e+04 6.856176456640709072e-01 -6.017171985863496025e-02
6.205800000000000000e+04 8.618436062996578384e-01 -6.689730999687484858e-02
6.205900000000000000e+04 9.348740954283487614e-01 -1.163240587619514613e-02
6.206000000000000000e+04 9.027376286834486452e-01 1.297218155836793799e-02
6.206100000000000000e+04 1.036976068053313105e+00 2.289047828335160836e-02
6.211500000000000000e+04 9.408282938184617805e-01 -6.386971068633759407e-02
6.211600000000000000e+04 9.583905647944910289e-01 -3.589523903715301223e-02
6.213500000000000000e+04 9.361050145572704650e-01 -1.217710129408588055e-01
6.356700000000000000e+04 9.343916176246195304e-01 4.309517141464919154e-02
6.356800000000000000e+04 9.418987097409287079e-01 1.424668543638742818e-02
6.357000000000000000e+04 9.224321782515023660e-01 7.280621411207424155e-03
6.360700000000000000e+04 9.393240721079161304e-01 7.868844477363343137e-02
6.360800000000000000e+04 1.037678047639751799e+00 7.924029002152932488e-02
6.362100000000000000e+04 1.017786018628857203e+00 -1.901917607595226753e-02
6.364300000000000000e+04 9.891711547390433790e-01 -2.154249343323159926e-02
6.371100000000000000e+04 9.452603788878445323e-01 -1.474105339434209766e-03
6.371500000000000000e+04 8.551339365343209042e-01 -5.594356703935661479e-02
6.371600000000000000e+04 9.083728529615051617e-01 -2.565620678121148870e-02
6.371700000000000000e+04 8.690871869402762018e-01 -4.244278830942914416e-02
6.374100000000000000e+04 9.178678109850184619e-01 -7.288263322520042997e-02
6.374200000000000000e+04 9.600359228696198066e-01 -2.082882120517000335e-02
6.374900000000000000e+04 9.973396930943252414e-01 1.288189150916402986e-02
6.375000000000000000e+04 9.637757619900263473e-01 2.731104544467609016e-02
6.377900000000000000e+04 9.198629676709408898e-01 -1.909265622023807382e-02
6.378400000000000000e+04 9.526133136407759494e-01 -3.558452576732870631e-02
6.378500000000000000e+04 1.058346542262136536e+00 9.743276475220372101e-02
6.378700000000000000e+04 9.581859824084899557e-01 -3.882982952611385014e-02
6.380700000000000000e+04 1.003237641003716929e+00 -2.293537516214999572e-02
6.380800000000000000e+04 9.290687146779377237e-01 -6.919716957774901811e-02
6.383700000000000000e+04 9.399285101142195176e-01 -4.800565029180098309e-02
6.399500000000000000e+04 9.260009833289450931e-01 9.184043220140229724e-02
6.407300000000000000e+04 8.141237910338284811e-01 2.040040549318702656e-01
6.411900000000000000e+04 1.019364399466930804e+00 3.827271158952661595e-02
6.412000000000000000e+04 9.837631812394803665e-01 7.945478605304125141e-02
6.412600000000000000e+04 9.328908064418788282e-01 -2.040208209422250674e-02
6.417600000000000000e+04 9.457557658350880248e-01 1.181533152262230074e-01
6.417800000000000000e+04 9.315162868708271038e-01 -1.239498037125740318e-02
6.443000000000000000e+04 9.783643496732058464e-01 4.048187599154847577e-02
6.443100000000000000e+04 1.037175017570526325e+00 -3.946711764509142940e-03
6.443200000000000000e+04 9.799697941432884418e-01 -2.610565026775717168e-02
6.443700000000000000e+04 9.609217590524748998e-01 -6.486500475004326749e-02
6.446200000000000000e+04 9.354774970307746518e-01 7.921270037481467630e-02
6.446300000000000000e+04 9.899822386053372947e-01 3.256091700680527334e-02
6.446900000000000000e+04 8.258787917606997819e-01 -8.125442268728409398e-03
6.447000000000000000e+04 6.623650240626081098e-01 -4.140164192143904603e-02
6.447100000000000000e+04 6.472685482089525211e-01 2.362442933555706365e-02
6.450100000000000000e+04 9.243142000489120713e-01 -8.748770128538438384e-02
6.450200000000000000e+04 9.613954616165372169e-01 -4.946116108438484982e-02
6.450300000000000000e+04 9.441260807482234618e-01 4.440475476149457340e-02
6.452600000000000000e+04 9.227978297413277353e-01 9.284255821317786289e-03
6.452800000000000000e+04 1.061306509478465276e+00 -2.693011227229136217e-02
6.452900000000000000e+04 9.369492590178193359e-01 -4.469761482011266884e-02
6.453000000000000000e+04 1.001584255056472861e+00 3.376572061667500180e-02
6.473800000000000000e+04 8.104520624687502339e-01 -8.576624493398921079e-02
6.473900000000000000e+04 8.709687316883089059e-01 -2.616784044698490519e-02
6.480600000000000000e+04 8.884072875740246511e-01 -7.611315580022551264e-02
6.480700000000000000e+04 8.363250952644540881e-01 -5.775076738262615444e-02
6.485900000000000000e+04 9.156374671979572444e-01 -7.493053141323895161e-02
6.486000000000000000e+04 8.501015063893556656e-01 -8.629209443551769110e-02
6.486300000000000000e+04 1.027638053594227108e+00 -5.281689947526520268e-02
6.486400000000000000e+04 1.031308801746290582e+00 -3.316738924453938725e-02
6.486500000000000000e+04 9.455392127200041852e-01 -9.060708860074070947e-02
6.489700000000000000e+04 1.060467961958432959e+00 5.599115292808667932e-02
6.489800000000000000e+04 8.688275142331604028e-01 1.074210427870328499e-02
6.490100000000000000e+04 1.088560882012171938e+00 -4.180918068253950542e-02
6.490200000000000000e+04 1.013337224424694316e+00 -9.240836743519464935e-02
6.490300000000000000e+04 1.140021703551476140e+00 5.920740053927082275e-02
6.492700000000000000e+04 9.425172258878887765e-01 3.413606746700133168e-03
6.493100000000000000e+04 9.321841040923188881e-01 -5.534197582030015578e-02
6.493200000000000000e+04 1.026597522555161346e+00 1.497766750675033967e-02
6.493300000000000000e+04 9.531971479657540547e-01 -5.604939927935142369e-02
6.498700000000000000e+04 1.053910113938032245e+00 1.017214563913698550e-01
6.499100000000000000e+04 9.457529559529448404e-01 -6.250209977674556217e-02
6.499300000000000000e+04 9.801120620420044061e-01 -2.380897459340514458e-02
6.500000000000000000e+04 9.530057301679700776e-01 -1.103353037873834597e-01
6.500100000000000000e+04 8.779211655810054138e-01 -1.020352594515274436e-01
6.502200000000000000e+04 1.009758989264135209e+00 -4.293379852345331760e-02
6.502300000000000000e+04 1.024822258319772361e+00 -2.027858314116239360e-02
6.503100000000000000e+04 9.474486102416823652e-01 -9.643422193263387343e-02
6.503200000000000000e+04 1.031120040879362154e+00 -2.476484311638512889e-03
6.503300000000000000e+04 8.932737929101343122e-01 -6.198840066539298976e-02
6.503400000000000000e+04 8.691887807384055531e-01 -8.407638347477303098e-02
6.505100000000000000e+04 8.524824478677902606e-01 1.758410308727930901e-02
6.505500000000000000e+04 9.409795266499773048e-01 -3.973150627141888019e-02
6.505600000000000000e+04 9.842832047484174618e-01 1.943487134658820337e-01
6.505700000000000000e+04 1.080902827785623188e+00 7.305296240029725274e-02
6.505800000000000000e+04 1.067960726136617522e+00 6.449340170626687019e-02
6.505900000000000000e+04 1.082622436452247427e+00 4.946809198960550047e-02
6.506500000000000000e+04 9.080265273060628139e-01 -4.541311820023988255e-02
6.506600000000000000e+04 1.039159899295422074e+00 2.558822603455494088e-02
6.508600000000000000e+04 1.047190918301374563e+00 1.498857816497518036e-01
6.508700000000000000e+04 1.048474388611034147e+00 3.624323445948290229e-02
6.508800000000000000e+04 8.466721178189564601e-01 9.174033517803147075e-02
6.508900000000000000e+04 1.109535726641755149e+00 1.047477677400281693e-01
6.509000000000000000e+04 1.014815610309278693e+00 1.993295094235244397e-02
6.509200000000000000e+04 9.624865760755438870e-01 1.344180197199450477e-01
6.509300000000000000e+04 9.799820300436027365e-01 8.528822426282449409e-02
6.509400000000000000e+04 8.853080897374790981e-01 1.463975537245987002e-01
6.509500000000000000e+04 9.620712898557519654e-01 1.317437743500879388e-01
6.510000000000000000e+04 9.022828163436448223e-01 -3.915765026769458049e-03
6.510100000000000000e+04 1.052705344396300369e+00 2.176889782451598213e-02
6.510500000000000000e+04 1.022862917514082648e+00 7.022577991349955584e-02
6.512800000000000000e+04 1.079316801614278010e+00 1.227374371030922756e-01
6.513000000000000000e+04 1.035478043784308078e+00 7.680116349971501111e-02
6.513100000000000000e+04 1.112252181135999107e+00 7.665027831555913662e-02
6.513200000000000000e+04 1.029834545840988103e+00 -8.937749759479725331e-02
6.513400000000000000e+04 9.752642934515047823e-01 4.554189478532396501e-02
6.513500000000000000e+04 9.752663525245363063e-01 1.114392511638852556e-01
6.514000000000000000e+04 9.629954242323952585e-01 -2.327040050429413781e-02
6.514100000000000000e+04 9.045057015844919501e-01 -9.897561191643948486e-02
6.514200000000000000e+04 1.047748155654847357e+00 6.573600728165178431e-02
6.514300000000000000e+04 1.019344740466326060e+00 1.084601335845648273e-01
6.514400000000000000e+04 1.079548139104855364e+00 5.269521537300145275e-02
6.517000000000000000e+04 1.041514209750557196e+00 1.262594330380388818e-01
6.517100000000000000e+04 9.361619711914230813e-01 8.347176877405827755e-02
6.517200000000000000e+04 1.023293547990953511e+00 1.827735950900395007e-02
6.517900000000000000e+04 1.007920567728750161e+00 1.046667414641474364e-02
6.518000000000000000e+04 1.044594128873558070e+00 1.187878615342079086e-01
6.518100000000000000e+04 1.074692659017123297e+00 -5.137341609745138191e-03
6.521600000000000000e+04 1.001900043328229906e+00 6.025568911006141644e-04
6.521700000000000000e+04 1.092042594139501110e+00 1.646071757950339637e-02
6.521900000000000000e+04 1.058869811661258264e+00 1.202853488816819499e-01
6.522000000000000000e+04 1.035440655714642055e+00 6.430699027219968777e-02
6.522100000000000000e+04 1.045608170325782904e+00 2.516442112223776090e-02
6.525000000000000000e+04 9.646086616811150316e-01 6.553223189018758665e-02
6.525100000000000000e+04 9.331659278330410867e-01 -1.499895590711143416e-02
6.539800000000000000e+04 9.134782870942326216e-01 -5.060881402343155727e-02
6.539900000000000000e+04 9.651254613294459883e-01 -7.052679184087742859e-02
6.540000000000000000e+04 9.774583804185811298e-01 -4.638753573173303585e-02
6.542600000000000000e+04 9.793705379378038200e-01 2.953599540208261612e-02
6.542700000000000000e+04 1.178629428895623388e+00 4.161204681104985204e-02
6.542800000000000000e+04 1.112151640034873212e+00 -1.954144179255480965e-02
6.542900000000000000e+04 1.075277255049777114e+00 1.495535204067851079e-02
6.543000000000000000e+04 1.114575041203974326e+00 3.198043483284343513e-02
6.543200000000000000e+04 1.073712087799096215e+00 4.464907993642837358e-02
6.543300000000000000e+04 1.088529978038987656e+00 -1.402754019337418834e-01
6.543400000000000000e+04 1.119476552958616811e+00 -8.546170120692522798e-02
6.543500000000000000e+04 1.001206402981399179e+00 -9.196155652490505331e-03
6.545100000000000000e+04 1.035867193183982238e+00 -8.459269675085624718e-02
6.545200000000000000e+04 1.033209605944883869e+00 -5.557451866808842816e-02
6.545300000000000000e+04 1.220158300808468210e+00 7.376648776521260720e-02
6.545400000000000000e+04 1.240675416201664660e+00 -1.238818969894274740e-03
6.545600000000000000e+04 9.993372076872802934e-01 2.117502928177734250e-02
6.545700000000000000e+04 1.034952223079368849e+00 -8.768153252701937905e-02
6.545800000000000000e+04 1.040904155648469720e+00 -3.829504700659065036e-02
6.547400000000000000e+04 1.033387647753227778e+00 -4.263593743558095894e-02
6.547500000000000000e+04 1.089057863766554446e+00 -9.507480089209367768e-03
6.547600000000000000e+04 1.035624561758173856e+00 1.287911761671667148e-02
6.550500000000000000e+04 9.714018875210325143e-01 7.850282921992504659e-02
6.550600000000000000e+04 1.036940031731866441e+00 -1.600042858821874164e-03
6.553400000000000000e+04 1.199672992269323668e+00 -1.913980145968220969e-01
6.553500000000000000e+04 1.027946850198964590e+00 -1.761398019241706275e-03
6.565100000000000000e+04 1.049533578678989887e+00 -9.220315930228734080e-02
6.568400000000000000e+04 9.402346598984702153e-01 -5.132223570570533522e-03
6.570300000000000000e+04 1.134254729071901835e+00 3.770694839573824481e-02
6.573000000000000000e+04 1.048966329459807278e+00 -3.809699089889129892e-02
6.575400000000000000e+04 1.391721073482133253e+00 -2.503226400167401708e-02
6.662300000000000000e+04 1.118222996784694390e+00 3.720611631023813815e-02
6.662400000000000000e+04 1.056676875327675180e+00 -2.684098567307171418e-02
6.662500000000000000e+04 1.114769800316411485e+00 -6.350178368205677826e-02
6.662600000000000000e+04 1.093366319214862603e+00 -3.340831078370775503e-02
6.662700000000000000e+04 1.028464208071537156e+00 1.165349315378839089e-02
6.662800000000000000e+04 1.059805986090311514e+00 -1.257150251185231229e-02
6.665000000000000000e+04 1.116663839889850518e+00 -9.335452083069251117e-02
6.665100000000000000e+04 1.088347448743795187e+00 -2.593308360374757190e-02
6.665600000000000000e+04 1.036374747468276292e+00 -1.292823080817327198e-02
6.667400000000000000e+04 1.033062658004641365e+00 7.172938495551958726e-02
6.667500000000000000e+04 1.089543950248606397e+00 -7.392452788018432502e-03
6.667600000000000000e+04 1.027957009699997259e+00 -1.162446561978958473e-02
6.667700000000000000e+04 1.303976011744700791e+00 -1.817097749831197429e-01
6.667800000000000000e+04 1.080784237598461761e+00 -1.937174242640911023e-02
6.667900000000000000e+04 1.090926117278787855e+00 -4.061027477121332066e-03
6.668000000000000000e+04 1.055386504118529079e+00 6.716640119429785616e-02
6.668100000000000000e+04 9.003737879302633473e-01 4.499631614401589097e-02
