5.825000000000000000e+04 1.010821761338327240e+00 -3.987961135099089144e-02
5.825900000000000000e+04 9.350443924632207970e-01 4.450389662182062389e-02
5.826400000000000000e+04 9.929322036939282059e-01 8.899521537093764510e-04
5.826500000000000000e+04 9.172593302895482026e-01 1.072548735456897301e-01
5.827800000000000000e+04 1.003965633228639520e+00 6.834861571286664217e-02
5.827900000000000000e+04 1.072620896865627227e+00 6.703137932131085497e-02
5.828000000000000000e+04 1.058463257731155238e+00 6.521703344210216802e-02
5.828900000000000000e+04 9.292682192472492275e-01 4.909226102673135833e-02
5.830700000000000000e+04 1.138448406217940745e+00 -2.373964612477746233e-02
5.832300000000000000e+04 1.003119912910814593e+00 7.185599159766267729e-02
5.834000000000000000e+04 9.845454743711244960e-01 5.095077143439682987e-02
5.834300000000000000e+04 1.078099323725395298e+00 1.503863814641405970e-02
5.834400000000000000e+04 1.010615418774136298e+00 1.068072040971302927e-01
5.834500000000000000e+04 9.382201773859136784e-01 1.167073859766941391e-01
5.835800000000000000e+04 1.018273041951264002e+00 -7.811161925176667541e-03
5.835900000000000000e+04 8.866357353444104250e-01 9.108506418478488909e-02
5.836700000000000000e+04 1.041869195917904056e+00 -1.054402050839835236e-02
5.836800000000000000e+04 1.086097381840212650e+00 1.428044989678377980e-02
5.836900000000000000e+04 1.005787515533396403e+00 1.241263682680767977e-01
5.837000000000000000e+04 1.064724103642423536e+00 4.329296005726650243e-02
5.840500000000000000e+04 1.000300767647988032e+00 -5.640909388682944364e-02
5.840600000000000000e+04 1.068895887311790416e+00 3.882559067189628177e-02
5.842400000000000000e+04 9.957223491461202336e-01 -3.259460620237709244e-02
5.842500000000000000e+04 1.008179200685004107e+00 4.083845621689053546e-02
5.843100000000000000e+04 1.124223741536023002e+00 9.340479565683759700e-02
5.843200000000000000e+04 9.876925780010069600e-01 6.148365017073794889e-03
5.844900000000000000e+04 9.769354398109240112e-01 2.920753679099254846e-02
5.845600000000000000e+04 9.830395561935483251e-01 3.975497909525613216e-02
5.845700000000000000e+04 9.961858368476694814e-01 8.785115615373692566e-02
5.847300000000000000e+04 9.462446616192700111e-01 3.362134768930694073e-02
5.847400000000000000e+04 9.228157935844903959e-01 2.405395011307445707e-02
5.849300000000000000e+04 9.990899371715942223e-01 -4.901053668143923181e-02
5.849400000000000000e+04 9.955808452640736439e-01 -4.545169183570649946e-02
5.849500000000000000e+04 9.947149439193138099e-01 -4.456330305877773124e-02
5.850600000000000000e+04 9.730633640529190442e-01 -2.360995340547436538e-02
5.850700000000000000e+04 9.992385305628070924e-01 8.078110957227720157e-03
5.850800000000000000e+04 9.309305409401742448e-01 5.606027080986980549e-03
5.854200000000000000e+04 1.006022825270173282e+00 -5.750144025560507272e-03
5.854300000000000000e+04 1.063729682165455825e+00 -1.104053331327110588e-01
5.854400000000000000e+04 1.037335651286422911e+00 2.193379510945728944e-02
5.857100000000000000e+04 9.659501809625878899e-01 -2.563026756232555242e-02
5.859000000000000000e+04 1.040490955760811520e+00 -6.428200355600444116e-02
5.859100000000000000e+04 9.572623272238969250e-01 -7.929372501555322084e-02
5.864700000000000000e+04 9.253695533209281843e-01 -1.774957127827690457e-03
5.864800000000000000e+04 1.028116047295595026e+00 -6.267773629008427383e-02
5.864900000000000000e+04 1.239135486044309120e+00 8.294169658557476454e-03
5.866200000000000000e+04 1.029485522549919763e+00 7.348358890085876505e-02
5.866300000000000000e+04 1.015562143078029500e+00 3.725479603964401785e-03
5.866400000000000000e+04 8.638705550180617587e-01 1.036233226731179125e-01
5.866500000000000000e+04 1.098877832797306331e+00 -1.627683646426739822e-02
5.867900000000000000e+04 1.031985189532426794e+00 7.376726461429700121e-02
5.869300000000000000e+04 1.026708590152148881e+00 4.381393810616336648e-02
5.869400000000000000e+04 1.009708922978283852e+00 9.539838038332346115e-02
5.869500000000000000e+04 9.712385181336179452e-01 1.028088932937456235e-01
5.869600000000000000e+04 1.057409401137365146e+00 4.477338954858730430e-02
5.871200000000000000e+04 9.234317800846045809e-01 7.433697431281711260e-03
5.871300000000000000e+04 1.013781485535381055e+00 -1.054254086606542934e-01
5.871400000000000000e+04 8.957025916013551248e-01 2.195962160300878041e-02
5.871500000000000000e+04 1.163693752544919802e+00 6.836796207210951715e-02
5.872300000000000000e+04 9.529238843353686761e-01 1.141741069955589660e-01
5.872400000000000000e+04 1.050724004701519387e+00 4.798870644094533136e-03
5.872700000000000000e+04 9.652465998027470739e-01 6.630096566766136013e-02
5.872900000000000000e+04 1.203467766869088740e+00 -4.482376344795936662e-02
5.874500000000000000e+04 1.087139562358477640e+00 7.956191425506579928e-02
5.874600000000000000e+04 1.073907749850361304e+00 2.035400851804079671e-03
5.874700000000000000e+04 1.056109774559472303e+00 -2.797449329886022781e-02
5.875000000000000000e+04 7.878575994271339589e-01 1.415420090809383670e-02
5.875400000000000000e+04 9.097114614145813682e-01 5.601327840779903033e-02
5.879700000000000000e+04 1.059644705308679047e+00 9.192323005220558174e-02
5.879800000000000000e+04 9.941810731929042744e-01 6.189611698566331588e-02
5.880100000000000000e+04 7.434319943781874107e-01 -3.080246655144092821e-02
5.880300000000000000e+04 1.028632463595653634e+00 -1.635254107481093899e-01
5.880400000000000000e+04 9.804384188460903982e-01 -5.175729057588993737e-02
5.880600000000000000e+04 6.975374165743007948e-01 -7.273374368262346817e-05
5.880700000000000000e+04 9.301268997729562615e-01 -5.612656836472700028e-02
5.881200000000000000e+04 1.015614224621845807e+00 3.349613896153037090e-02
5.881300000000000000e+04 9.865757286792474767e-01 5.099365792565202504e-03
5.881400000000000000e+04 1.027051743822941621e+00 5.462970935797875627e-02
5.881500000000000000e+04 9.584739835369561201e-01 5.684737412135326684e-02
5.882400000000000000e+04 1.017182579518367103e+00 2.235054378675864137e-02
5.882800000000000000e+04 6.924152345635102845e-01 2.357492326524102122e-02
5.883000000000000000e+04 9.678083708730994550e-01 -3.724680308145285335e-02
5.883200000000000000e+04 8.467100144181898269e-01 8.060636403211919598e-02
5.883300000000000000e+04 1.211768985762261330e+00 5.534028116165009420e-02
5.885500000000000000e+04 9.594360298034467771e-01 4.906078508399197569e-02
5.885600000000000000e+04 9.508353918149770045e-01 -3.010251971657509906e-03
5.885900000000000000e+04 7.179304618503891122e-01 -8.636729173459553252e-03
5.886100000000000000e+04 9.364758267242476730e-01 1.270437504983642531e-02
5.886800000000000000e+04 8.673737411872030068e-01 7.993294133796734202e-02
5.886900000000000000e+04 9.089152378643469143e-01 7.958253647500290739e-02
5.887000000000000000e+04 9.507730918733400260e-01 9.156730766859319526e-02
5.888100000000000000e+04 9.851032521630936900e-01 1.704271731890748820e-01
5.888500000000000000e+04 7.628137637645598934e-01 6.120710449253557311e-02
5.888600000000000000e+04 9.495587799244266103e-01 3.512722321368051681e-02
5.888800000000000000e+04 9.647416552991716632e-01 1.909843261541065845e-02
5.889400000000000000e+04 1.009643920374166948e+00 2.775995751791015403e-02
5.889500000000000000e+04 9.598540879426290529e-01 3.277018063169769013e-02
5.889600000000000000e+04 1.020305163996594322e+00 7.487335405400610822e-02
5.889700000000000000e+04 1.023965184321326438e+00 8.158061039384964519e-02
5.890900000000000000e+04 9.963042843167927431e-01 1.140699572231476944e-01
5.891600000000000000e+04 8.797423700169854088e-01 -1.916764093540939198e-02
5.892100000000000000e+04 9.667568103295367532e-01 -5.921388132577055236e-02
5.892200000000000000e+04 9.910199960491956617e-01 -2.053838905080502750e-02
5.892400000000000000e+04 9.593328870248364337e-01 3.755309215151850233e-02
5.892500000000000000e+04 9.126084653189250329e-01 6.257651921727790112e-02
5.894000000000000000e+04 8.493187153148116231e-01 5.446724297703110784e-02
5.894700000000000000e+04 9.400012880617030220e-01 1.252002695614715944e-01
5.894800000000000000e+04 9.595475616265308760e-01 -9.582436666378934403e-03
5.894900000000000000e+04 9.641718890013004639e-01 1.348933973911761453e-01
5.897000000000000000e+04 9.401400720970457536e-01 -8.025319073690096935e-03
5.897100000000000000e+04 9.746361179290289334e-01 3.344775212102602674e-02
5.897200000000000000e+04 9.948303347579250389e-01 8.480836617515541409e-02
5.897300000000000000e+04 1.022827272089630313e+00 1.282602513728852422e-01
5.897400000000000000e+04 9.920516056778866387e-01 9.169861156156453030e-02
5.897500000000000000e+04 8.584691520841049028e-01 -3.144030381507144367e-02
5.899200000000000000e+04 9.699865232661841752e-01 -6.282862878426840984e-03
5.899300000000000000e+04 1.034729956420142427e+00 -3.501380021649268259e-02
5.899400000000000000e+04 9.873908391337480328e-01 8.158543049944731729e-02
5.899500000000000000e+04 1.010106674440887531e+00 -2.143561768839408535e-02
5.899600000000000000e+04 8.791932075351744924e-01 1.657251158691460946e-01
5.901300000000000000e+04 9.677299979075453251e-01 4.515771367594221403e-02
5.901400000000000000e+04 9.710883091233598607e-01 1.062878422276570395e-01
5.901500000000000000e+04 9.876412037567418034e-01 1.231099213794623476e-01
5.901600000000000000e+04 1.021586368727272820e+00 1.126146175390566606e-01
5.901700000000000000e+04 1.001382236720958829e+00 5.383165239797387674e-02
5.901800000000000000e+04 8.922659032457685990e-01 -4.458710266937577354e-02
5.902900000000000000e+04 1.033793551287724766e+00 -7.749821581098469137e-02
5.903000000000000000e+04 9.679051726677968537e-01 8.390456613605674213e-03
5.903100000000000000e+04 1.036913242810385327e+00 5.315033561482192942e-02
5.903200000000000000e+04 1.004520819991598701e+00 6.197421334436431506e-02
5.903300000000000000e+04 1.076117713864637615e+00 1.776606205967133645e-02
5.908600000000000000e+04 1.127363357895087459e+00 -1.640452132216908485e-02
5.908700000000000000e+04 1.086716269429423676e+00 -1.671826717425983211e-01
5.908800000000000000e+04 1.120380386095094272e+00 -1.141688250681184569e-01
5.908900000000000000e+04 1.017806499777632379e+00 -1.228218253602865115e-02
5.909000000000000000e+04 1.049273354270926717e+00 -4.157316944972854617e-02
5.909100000000000000e+04 9.886077468295821902e-01 -9.031705009887876223e-02
5.909900000000000000e+04 1.021375189728232380e+00 -5.319905800279374486e-02
5.910000000000000000e+04 1.069162526059872054e+00 2.824634286222976742e-02
5.910100000000000000e+04 1.051858392002877229e+00 2.387648134892619498e-02
5.910200000000000000e+04 1.088599571245445041e+00 -3.735414625036784231e-02
5.912600000000000000e+04 9.230666609061559669e-01 -3.921230328630233297e-02
5.914100000000000000e+04 9.693770119229434545e-01 4.636867991383347709e-02
5.915300000000000000e+04 9.535106977839115094e-01 1.656009321747431429e-02
5.915400000000000000e+04 9.715137643514639709e-01 -1.001752094814382515e-01
5.915500000000000000e+04 1.138506749694790487e+00 -9.876577987632997185e-03
5.920300000000000000e+04 9.703790637076772363e-01 -8.617551150787076605e-03
5.920400000000000000e+04 9.233581977223829229e-01 2.908253714484463834e-02
5.920500000000000000e+04 1.111882276282471604e+00 -8.603026848482624167e-02
5.922100000000000000e+04 1.011415242582612173e+00 -6.330336424271466866e-02
5.922200000000000000e+04 1.091425951569968689e+00 5.995784451663990072e-02
5.923400000000000000e+04 9.343880355990618058e-01 1.042639477442872664e-01
5.923500000000000000e+04 9.879745342858252677e-01 -7.500371384847197287e-02
5.923600000000000000e+04 1.051248242785708609e+00 -7.404227991258388597e-02
5.925200000000000000e+04 9.051920239915952626e-01 8.123300789638135400e-02
5.925300000000000000e+04 9.497634468513687089e-01 -5.424452517646948489e-03
5.925400000000000000e+04 1.063652382505419824e+00 1.386805598666270359e-02
5.926900000000000000e+04 9.732749605551805905e-01 2.947112514109289511e-02
5.927000000000000000e+04 9.619288863549979585e-01 -4.330556203252376030e-02
5.927100000000000000e+04 9.937730779303317608e-01 -1.556344824068542181e-02
5.929500000000000000e+04 1.005816316336895389e+00 2.494981378823637325e-02
5.930700000000000000e+04 1.023142536151964599e+00 -4.826222450213946830e-02
5.931600000000000000e+04 9.679262556341038382e-01 2.291679328435382301e-02
5.932700000000000000e+04 8.608892612105808473e-01 -6.145513482395413563e-02
5.932800000000000000e+04 9.504939174963645820e-01 1.065787627703822099e-01
5.932900000000000000e+04 1.019660193112892577e+00 -5.945485333376364367e-02
5.935300000000000000e+04 9.865793523857909753e-01 1.663470629023150113e-02
5.935400000000000000e+04 1.156943226684815196e+00 -1.398256566539874679e-01
5.935500000000000000e+04 9.895146558629946965e-01 -5.350735503433886459e-02
5.935600000000000000e+04 1.073936442529825008e+00 -4.225027164422671955e-02
5.935700000000000000e+04 9.785443905616012517e-01 -6.755892124381231156e-02
5.935800000000000000e+04 1.093129473646128114e+00 1.936205955869567397e-02
5.936600000000000000e+04 9.232682339872876343e-01 1.199938987792711388e-02
5.938200000000000000e+04 8.738264667900899063e-01 1.067101657749302546e-01
5.938300000000000000e+04 1.014678082909145074e+00 -5.961673442695518063e-03
5.938400000000000000e+04 1.020036929454315233e+00 -6.516542516089426917e-02
5.938500000000000000e+04 1.049631768944236931e+00 2.713275118538223743e-03
5.938600000000000000e+04 9.333058450824496255e-01 -5.386271843392552439e-02
5.938700000000000000e+04 1.036524068908776242e+00 -3.323160327111351897e-02
5.938800000000000000e+04 1.180372828582862077e+00 7.493653068066549738e-02
5.940000000000000000e+04 1.010422631357051904e+00 5.697922976387129884e-02
5.941100000000000000e+04 1.029146576645421307e+00 6.441282683412980284e-03
5.941200000000000000e+04 1.034195309576801280e+00 6.723045525910162357e-02
5.941300000000000000e+04 1.002915688639100189e+00 -4.256609348931821024e-02
5.941400000000000000e+04 1.074172647858963048e+00 1.278519884823802084e-02
5.941500000000000000e+04 1.106202199822864385e+00 4.799624586320207220e-02
5.941600000000000000e+04 1.022751634297470513e+00 -2.758796304248040468e-02
5.941700000000000000e+04 1.024842861561216401e+00 2.943821721321478180e-02
5.942600000000000000e+04 9.439173258693944746e-01 2.248628230132743849e-02
5.943800000000000000e+04 1.078195426002450219e+00 -9.371021199650889782e-03
5.943900000000000000e+04 1.009484898055658331e+00 -3.746605982571506871e-02
5.944000000000000000e+04 1.084377141064617911e+00 8.317942040664969700e-03
5.944100000000000000e+04 1.040867953469984730e+00 2.440042622639456565e-02
5.946700000000000000e+04 1.029990179001430084e+00 7.240165184762004102e-04
5.946800000000000000e+04 1.066969496435593578e+00 2.181429388305951636e-02
5.946900000000000000e+04 1.106570859083309211e+00 1.998686502149613770e-02
5.947000000000000000e+04 1.133358069638076504e+00 4.936285932879947574e-02
5.947100000000000000e+04 1.137459854253269897e+00 8.321536450324786005e-02
5.947200000000000000e+04 1.170111473348974807e+00 -2.061739403103795068e-02
5.947300000000000000e+04 8.709955476273192332e-01 -4.640629213253687213e-02
