5.825000000000000000e+04 1.087603439530457239e+00 1.136326484876534204e-01
5.825900000000000000e+04 9.334264928780549031e-01 4.713977572629900192e-02
5.826400000000000000e+04 1.030238989026842633e+00 4.992280061030637817e-02
5.826500000000000000e+04 8.635909767184921648e-01 -5.578475461812908848e-02
5.827800000000000000e+04 9.978404993393866773e-01 7.526690982103519112e-02
5.827900000000000000e+04 1.074230607452775654e+00 7.026272600556963954e-02
5.828000000000000000e+04 1.038990910181499139e+00 -3.600447537536820394e-04
5.828900000000000000e+04 9.308500452561743188e-01 4.788595114010850418e-02
5.830700000000000000e+04 1.136459075924651785e+00 -2.124262913322823992e-02
5.832300000000000000e+04 1.032424116493212862e+00 1.225261562499006529e-01
5.834000000000000000e+04 9.831093109090829341e-01 4.433858456628314570e-02
5.834300000000000000e+04 1.076535517444084933e+00 1.383096532021419259e-02
5.834400000000000000e+04 1.011424954232299500e+00 1.101107729849667288e-01
5.834500000000000000e+04 9.397407402287147882e-01 1.141680209133674323e-01
5.835800000000000000e+04 1.021987082343786435e+00 -2.299650155901731066e-02
5.835900000000000000e+04 8.873602429589247942e-01 8.792383993329681846e-02
5.836700000000000000e+04 1.046006186150331807e+00 -1.305882656580406413e-02
5.836800000000000000e+04 1.081715651041978088e+00 2.557696459033498293e-02
5.836900000000000000e+04 1.006291246026809638e+00 1.223026105022961829e-01
5.837000000000000000e+04 1.068167750149245032e+00 3.836849211978396457e-02
5.840500000000000000e+04 9.649491010282269521e-01 -1.462875328493725702e-01
5.840600000000000000e+04 1.067268075664046245e+00 1.706620678078118319e-02
5.842400000000000000e+04 9.969350996785951713e-01 -3.062962933355787079e-02
5.842500000000000000e+04 1.008553319914426760e+00 4.040191837091863802e-02
5.843100000000000000e+04 1.053975958914760813e+00 -6.452573286030892363e-02
5.843200000000000000e+04 9.855138909655885016e-01 5.671877654545743642e-03
5.844900000000000000e+04 9.753968019092191799e-01 3.357723904896951078e-02
5.845600000000000000e+04 9.645639243936227070e-01 -1.494562171412216686e-02
5.845700000000000000e+04 9.978709566145615995e-01 8.072105680012721385e-02
5.847300000000000000e+04 9.765266461921284780e-01 7.484208287279631167e-02
5.847400000000000000e+04 8.978695651342889494e-01 -7.027122670656844872e-02
5.849300000000000000e+04 1.001977408331021113e+00 -6.883718103608486849e-02
5.849400000000000000e+04 9.602328958249223279e-01 -1.506146132275695548e-01
5.849500000000000000e+04 9.960877773129783730e-01 -4.410198124428570815e-02
5.850600000000000000e+04 1.047928377962038970e+00 1.435532476251030753e-01
5.850700000000000000e+04 1.005512382234581947e+00 9.377964320002337914e-03
5.850800000000000000e+04 8.869194786921915652e-01 -1.120077802127061456e-01
5.854200000000000000e+04 9.942972980118864879e-01 -4.927407281781857884e-02
5.854300000000000000e+04 1.098672385243519178e+00 -5.983402137894802686e-02
5.854400000000000000e+04 1.029038792645960321e+00 -1.878832096822701317e-02
5.857100000000000000e+04 9.861268768962466735e-01 -4.814915905504696739e-03
5.859000000000000000e+04 1.021392385735850006e+00 -1.140973980929246012e-01
5.859100000000000000e+04 1.075739375880225612e+00 1.555158788927090419e-01
5.864700000000000000e+04 9.169542299985259382e-01 -3.717483288209539466e-02
5.864800000000000000e+04 1.122897133859695584e+00 1.087429570218095692e-01
5.864900000000000000e+04 1.229677315328565612e+00 -1.913582352905682932e-02
5.866200000000000000e+04 1.002099195050425218e+00 -1.027980671274030672e-02
5.866300000000000000e+04 1.074729731444539427e+00 1.322556233306179663e-01
5.866400000000000000e+04 8.589335478384104716e-01 1.062926212145620664e-01
5.866500000000000000e+04 1.101107620396904352e+00 -1.781303811978559443e-02
5.867900000000000000e+04 1.022985427925070079e+00 8.682949809962448029e-02
5.869300000000000000e+04 9.849701945408798620e-01 -8.361342954964484653e-02
5.869400000000000000e+04 9.881283665264996019e-01 8.013174519398884657e-03
5.869500000000000000e+04 9.717373792296583046e-01 1.050975187256272952e-01
5.869600000000000000e+04 1.052225687895467887e+00 4.474548488081067643e-02
5.871200000000000000e+04 9.225117098063987386e-01 1.574692503336723448e-02
5.871300000000000000e+04 1.013275419632690966e+00 -1.059752182304166263e-01
5.871400000000000000e+04 8.937233634306528396e-01 2.066970907852445916e-02
5.871500000000000000e+04 1.161504410823014144e+00 6.842004683989824643e-02
5.872300000000000000e+04 9.491645033039158852e-01 6.207204406110890249e-02
5.872400000000000000e+04 1.049433195327521107e+00 4.842828814569771420e-03
5.872700000000000000e+04 9.599897865588646884e-01 4.501058268002041535e-02
5.872900000000000000e+04 1.206667344815101961e+00 -5.071424408067554818e-02
5.874500000000000000e+04 1.106318763829451823e+00 1.174287482664106846e-01
5.874600000000000000e+04 1.043417756852818901e+00 -7.898970895432649852e-02
5.874700000000000000e+04 1.052796749146504229e+00 -3.011718377276305716e-02
5.875000000000000000e+04 7.877710519072458339e-01 1.158058149195254419e-02
5.875400000000000000e+04 8.983811509545254204e-01 7.164620455324244297e-02
5.879700000000000000e+04 1.042534892765761390e+00 1.328921473202724149e-02
5.879800000000000000e+04 9.929385130563314066e-01 5.509080117104654672e-02
5.880100000000000000e+04 7.413110197467782658e-01 -2.694708936851864661e-02
5.880300000000000000e+04 1.026837895754876495e+00 -1.595477114407422292e-01
5.880400000000000000e+04 9.805145788333869961e-01 -5.346553509212343541e-02
5.880600000000000000e+04 6.973419148942082701e-01 -6.207285409244762964e-04
5.880700000000000000e+04 9.342502008492686860e-01 -6.236454780381515267e-02
5.881200000000000000e+04 1.015514146948554464e+00 2.914729988763259047e-02
5.881300000000000000e+04 9.876689911260185806e-01 3.139551620494044140e-03
5.881400000000000000e+04 1.030133717277654348e+00 5.160214087384907417e-02
5.881500000000000000e+04 9.604295539662083270e-01 5.132441527962526562e-02
5.882400000000000000e+04 9.954754195062693878e-01 -6.581560176713405208e-02
5.882800000000000000e+04 6.936431479309871362e-01 2.202014301788267001e-02
5.883000000000000000e+04 9.730513582881951118e-01 -4.405043578162777529e-02
5.883200000000000000e+04 8.529667143719225075e-01 7.351668578578710034e-02
5.883300000000000000e+04 1.210342976270273763e+00 5.862718654576570126e-02
5.885500000000000000e+04 9.497179420795395233e-01 1.978085813857949002e-02
5.885600000000000000e+04 1.006118998305271628e+00 1.256318739471703194e-01
5.885900000000000000e+04 7.198002170187032256e-01 -1.254778320937091282e-02
5.886100000000000000e+04 9.342930905861098756e-01 1.574528350089254153e-02
5.886800000000000000e+04 8.741829300378466394e-01 5.898533801636221541e-02
5.886900000000000000e+04 9.119144194280307536e-01 8.986205169433247875e-02
5.887000000000000000e+04 9.474608677335673024e-01 9.557013728932535479e-02
5.888100000000000000e+04 9.595497290830986570e-01 6.058924146456874660e-02
5.888500000000000000e+04 7.621955178647908946e-01 6.189425243920892300e-02
5.888600000000000000e+04 9.494173738828821651e-01 3.294386947804971155e-02
5.888800000000000000e+04 9.639351503976271163e-01 1.983957325641273750e-02
5.889400000000000000e+04 9.342658754740064131e-01 -1.572778788429078367e-01
5.889500000000000000e+04 9.577694418936129050e-01 3.869362439008024873e-02
5.889600000000000000e+04 1.023550449228871395e+00 6.814389216959571005e-02
5.889700000000000000e+04 1.021806532427362413e+00 8.544303979771102064e-02
5.890900000000000000e+04 9.591075467018121969e-01 2.675702993270552901e-02
5.891600000000000000e+04 8.842203442206120201e-01 -2.349326032657782573e-02
5.892100000000000000e+04 9.216985181839879582e-01 -1.710190324217026325e-01
5.892200000000000000e+04 9.925906085633879883e-01 -2.190023673270848764e-02
5.892400000000000000e+04 9.609657481971903836e-01 3.604712775607947506e-02
5.892500000000000000e+04 9.132568569904643274e-01 5.994601616889736612e-02
5.894000000000000000e+04 8.498215805611636364e-01 6.083855199649804146e-02
5.894700000000000000e+04 9.375434848583954484e-01 1.304620853304696015e-01
5.894800000000000000e+04 9.532189814380574999e-01 -4.065250826539814483e-02
5.894900000000000000e+04 9.633444112870900300e-01 1.359846865859383191e-01
5.897000000000000000e+04 9.526807876162290967e-01 2.815844166648433407e-03
5.897100000000000000e+04 9.732760614974302893e-01 2.970395420006194734e-02
5.897200000000000000e+04 9.985817490932301643e-01 8.365960013552221908e-02
5.897300000000000000e+04 1.021303773214929933e+00 1.293611124769964149e-01
5.897400000000000000e+04 9.960874689480297972e-01 8.611608844703121102e-02
5.897500000000000000e+04 1.005657419242093731e+00 8.621739441830486572e-02
5.899200000000000000e+04 9.227644498484721680e-01 -1.179088581117633122e-01
5.899300000000000000e+04 1.030444458212210312e+00 -2.495502016563681466e-02
5.899400000000000000e+04 9.900238353761270371e-01 8.108160815974892188e-02
5.899500000000000000e+04 9.943790497470860190e-01 -6.802225927467017708e-02
5.899600000000000000e+04 8.758343062107587507e-01 1.714281762823829658e-01
5.901300000000000000e+04 9.393983069074803849e-01 -5.426609278911784934e-02
5.901400000000000000e+04 9.734393191164349979e-01 1.053661269078040585e-01
5.901500000000000000e+04 9.917767171760452083e-01 1.160361855395029007e-01
5.901600000000000000e+04 1.022050262800497489e+00 1.148425855567641318e-01
5.901700000000000000e+04 1.003365197171793621e+00 5.294857424236464050e-02
5.901800000000000000e+04 9.893349273077292061e-01 3.148939654185342607e-02
5.902900000000000000e+04 9.879238128139053998e-01 -1.848122559222073191e-01
5.903000000000000000e+04 9.640749819189023961e-01 1.730829545227006300e-02
5.903100000000000000e+04 1.033952232106784663e+00 6.283615629821100168e-02
5.903200000000000000e+04 1.004997768100257094e+00 6.155523532764475142e-02
5.903300000000000000e+04 1.077820391262549693e+00 1.639455398294639016e-02
5.908600000000000000e+04 1.016172015598050038e+00 -2.253747586635208577e-01
5.908700000000000000e+04 1.087843699064893199e+00 -1.693298124072520061e-01
5.908800000000000000e+04 1.122156888499160621e+00 -1.176695755578617553e-01
5.908900000000000000e+04 1.017366358130276760e+00 -1.109864254565063810e-02
5.909000000000000000e+04 1.157270774910150291e+00 2.814862939735267300e-02
5.909100000000000000e+04 1.131315761495051753e+00 1.692460716211605662e-03
5.909900000000000000e+04 1.020453938540233585e+00 -5.438109791319670205e-02
5.910000000000000000e+04 1.069391132665916011e+00 2.871231976582910156e-02
5.910100000000000000e+04 1.051159245796258190e+00 2.297527158902222533e-02
5.910200000000000000e+04 1.156638793821607836e+00 1.705965452710505106e-02
5.912600000000000000e+04 1.100964366967027264e+00 8.002064806710740275e-02
5.914100000000000000e+04 9.670148267398996911e-01 5.217026308487024422e-02
5.915300000000000000e+04 9.477580479648595180e-01 1.834632291942247737e-02
5.915400000000000000e+04 9.735946727663690181e-01 -1.090895557527320342e-01
5.915500000000000000e+04 1.131352742945500589e+00 -1.926977807408015303e-02
5.920300000000000000e+04 9.695154507655457943e-01 -1.254032650652151491e-02
5.920400000000000000e+04 9.243767960356069624e-01 2.516218580460424792e-02
5.920500000000000000e+04 1.128277425268040313e+00 -4.597332690530303578e-02
5.922100000000000000e+04 1.010448273662392094e+00 -6.217414917508661681e-02
5.922200000000000000e+04 1.075203213282901693e+00 1.224217886166692817e-02
5.923400000000000000e+04 9.227408915113032295e-01 1.126272877756178681e-01
5.923500000000000000e+04 9.848765082363376555e-01 -7.816194643451837565e-02
5.923600000000000000e+04 1.070055914183791756e+00 -3.223723939977168884e-02
5.925200000000000000e+04 9.098139235830327021e-01 8.235834907974999564e-02
5.925300000000000000e+04 9.562755061903158715e-01 -1.325046091425465672e-02
5.925400000000000000e+04 1.041630301063144914e+00 -3.764323316984093115e-02
5.926900000000000000e+04 9.753630825489445488e-01 2.844172663250238431e-02
5.927000000000000000e+04 9.668899597265967483e-01 -4.981655135827664505e-02
5.927100000000000000e+04 9.920925173460964919e-01 -2.440788793886885383e-02
5.929500000000000000e+04 1.000472725835789500e+00 2.964149697344704154e-02
5.930700000000000000e+04 9.919169227835029634e-01 -1.221712137295992151e-01
5.931600000000000000e+04 9.626186871506886567e-01 2.972719417354907634e-02
5.932700000000000000e+04 8.989358336761800183e-01 -7.784730128242852223e-03
5.932800000000000000e+04 8.611574231701920601e-01 -1.201072740063161420e-01
5.932900000000000000e+04 1.040271992300286108e+00 -4.496207366300997849e-02
5.935300000000000000e+04 9.702489418391558873e-01 -5.735209686930822781e-02
5.935400000000000000e+04 1.257915041251910448e+00 -2.855923766931795643e-02
5.935500000000000000e+04 9.871025080409834285e-01 -5.246733962150598729e-02
5.935600000000000000e+04 1.075080659770433211e+00 -4.087642882471102107e-02
5.935700000000000000e+04 1.069360849086761212e+00 9.003872192032315314e-02
5.935800000000000000e+04 1.089519538035702562e+00 2.060331586114342445e-02
5.936600000000000000e+04 9.927698135510983901e-01 9.739144292115778367e-02
5.938200000000000000e+04 8.329881461389821995e-01 -4.862412628667302922e-02
5.938300000000000000e+04 1.016917541287887472e+00 -7.314798357030615969e-03
5.938400000000000000e+04 1.008912944348948626e+00 -1.084927779840625939e-01
5.938500000000000000e+04 1.011120021654087653e+00 -9.992685451210292502e-02
5.938600000000000000e+04 8.863201386684781413e-01 -1.791574772603188592e-01
5.938700000000000000e+04 1.034953056810974381e+00 -3.800743006751838154e-02
5.938800000000000000e+04 1.187640282748835707e+00 6.870607986784840748e-02
5.940000000000000000e+04 9.786844538335837118e-01 2.113036304440986043e-02
5.941100000000000000e+04 1.005415171716854017e+00 -7.660166373002719187e-02
5.941200000000000000e+04 1.035729073949747114e+00 7.255678600483141116e-02
5.941300000000000000e+04 1.004414775554177464e+00 -4.565959580223401953e-02
5.941400000000000000e+04 1.072742832640558364e+00 1.723068462978559479e-02
5.941500000000000000e+04 1.107154408941191548e+00 4.524226414105682326e-02
5.941600000000000000e+04 1.023430571869328398e+00 -3.435279469335510150e-02
5.941700000000000000e+04 1.017215819572901747e+00 3.221391886598645032e-02
5.942600000000000000e+04 9.852894264613909492e-01 6.678034409340184718e-02
5.943800000000000000e+04 1.076062869544322620e+00 -5.823199347551985712e-03
5.943900000000000000e+04 1.020468614306929034e+00 -3.791936296541210255e-02
5.944000000000000000e+04 1.040020753976418355e+00 -1.010222384528767503e-01
5.944100000000000000e+04 9.700926735881095775e-01 -1.464498088946627752e-01
5.946700000000000000e+04 9.803876822393030599e-01 -1.204269469892591538e-01
5.946800000000000000e+04 1.068405241876481560e+00 2.291187628120879352e-02
5.946900000000000000e+04 1.103598461640932227e+00 1.967238350493972707e-02
5.947000000000000000e+04 1.099485101012294574e+00 -6.021930877721944769e-02
5.947100000000000000e+04 1.135533209513804653e+00 8.275400807191651831e-02
5.947200000000000000e+04 1.176351245632755393e+00 -2.993219475615300357e-02
5.947300000000000000e+04 8.712684182253263021e-01 -4.791590084051140092e-02
