6.852700000000000000e+04 9.703014347110487936e-01 -3.371351350850304573e-02
6.852800000000000000e+04 9.801433591864907591e-01 -3.517709462783252805e-02
6.852900000000000000e+04 8.859696503529492784e-01 -7.704821394683440683e-02
6.854300000000000000e+04 1.116530085926653593e+00 1.010866457325085982e-01
6.854700000000000000e+04 6.692763025939891808e-01 3.395143329652978992e-02
6.854900000000000000e+04 8.337585101441344904e-01 1.616490533122596357e-02
6.855000000000000000e+04 9.682593971419140022e-01 6.207830389454281226e-04
6.855100000000000000e+04 8.229561131903880833e-01 3.406416999891343639e-02
6.855200000000000000e+04 9.463137321038466165e-01 9.548095255808052625e-04
6.857000000000000000e+04 1.119744877775861402e+00 1.247223866449761465e-01
6.857100000000000000e+04 1.096032776638718120e+00 5.487130529479431612e-02
6.857200000000000000e+04 1.068063511745871663e+00 8.914699359088000541e-02
6.857300000000000000e+04 1.108510541499717172e+00 1.134929721860124668e-01
6.857400000000000000e+04 1.020136813415880805e+00 2.606687299666860316e-02
6.857500000000000000e+04 9.519341137205659109e-01 -2.510080942043953212e-02
6.859600000000000000e+04 1.073671538498486955e+00 9.390409875859921651e-02
6.859700000000000000e+04 1.177766121801234078e+00 5.639881562887644195e-02
6.859800000000000000e+04 1.148222945494654423e+00 1.008985544829620468e-01
6.859900000000000000e+04 9.525072751969949625e-01 1.987892748215974448e-01
6.860000000000000000e+04 1.087078204063014475e+00 1.118937346505925190e-01
6.860100000000000000e+04 1.050444466321190706e+00 1.420180138127461189e-01
6.860200000000000000e+04 9.485764792197457496e-01 5.374870676727693322e-03
6.860700000000000000e+04 1.011132712390510724e+00 -3.797745922703695681e-02
6.860900000000000000e+04 1.052701647457251033e+00 -8.797636165737632991e-03
6.861000000000000000e+04 1.020054675364564511e+00 -9.938876529059165535e-03
6.862400000000000000e+04 7.862747938422847138e-01 4.586284523208811192e-02
6.862500000000000000e+04 5.409471015374547331e-01 6.603054199211208508e-02
6.862700000000000000e+04 5.152936542168951028e-01 3.721642142583469343e-02
6.862900000000000000e+04 7.381555051419839142e-01 1.296772087444920604e-02
6.863000000000000000e+04 1.034906842080784539e+00 8.452502203191973595e-02
6.863700000000000000e+04 1.058412863800480164e+00 1.511234405847032003e-01
6.863800000000000000e+04 1.009431221784703236e+00 2.136601342721929919e-01
6.863900000000000000e+04 9.644032486197321452e-01 -6.999099059419063018e-02
6.864000000000000000e+04 1.012607282541301279e+00 2.360786261807151787e-02
6.864100000000000000e+04 1.036892194514443588e+00 2.732298133471533844e-02
6.864200000000000000e+04 1.031667737916282412e+00 -2.284721292980329901e-02
6.864300000000000000e+04 1.044756633085189401e+00 1.767509866937642948e-01
6.864600000000000000e+04 6.365747831503880683e-01 3.591219892143638487e-02
6.865800000000000000e+04 9.768812403784603582e-01 -1.303346383547949495e-02
6.865900000000000000e+04 1.012072110986775186e+00 6.254881766955237496e-03
6.866000000000000000e+04 9.653310864466403407e-01 -6.452878013384562295e-02
6.866100000000000000e+04 1.084694633757029125e+00 7.297133598773011993e-03
6.866200000000000000e+04 9.112165908543827797e-01 1.127199516182909034e-01
6.866300000000000000e+04 6.828369300751342408e-01 2.345931136957357666e-01
6.866400000000000000e+04 9.654230196226032401e-01 4.730913216506316826e-02
6.867500000000000000e+04 1.030321777370843739e+00 -5.866456043089894601e-02
6.867600000000000000e+04 1.099138061689598933e+00 3.331284776711852108e-02
6.867700000000000000e+04 1.115773890955672476e+00 6.426972795886379264e-02
6.867800000000000000e+04 1.045700067225765029e+00 8.029546013208510580e-02
6.867900000000000000e+04 1.083180403951528703e+00 1.761400486940020368e-02
6.868000000000000000e+04 1.033570826323890302e+00 2.983914808350088960e-03
6.868500000000000000e+04 1.039874575941742485e+00 -5.524445230803783080e-02
6.868600000000000000e+04 1.063828870062662135e+00 1.080852597288419065e-01
6.868700000000000000e+04 1.078642165966334332e+00 4.404698213444404459e-02
6.868800000000000000e+04 1.090310484571037630e+00 5.123945674200886674e-02
6.868900000000000000e+04 1.030335495332929785e+00 1.595371293974681345e-02
6.876600000000000000e+04 1.002234637283509811e+00 -4.060016289027001263e-02
6.879500000000000000e+04 1.118011595182208717e+00 4.501431972551650507e-02
6.879600000000000000e+04 1.218364883430812284e+00 7.622467625398457458e-02
6.879700000000000000e+04 1.196792711044927016e+00 -8.560383030469846666e-03
6.881000000000000000e+04 1.193996970036959482e+00 9.373856477128765519e-02
6.881100000000000000e+04 1.052149663455454354e+00 3.221613777141308504e-02
6.881200000000000000e+04 1.071047209455650018e+00 5.833802807381895106e-02
6.881300000000000000e+04 1.087106585834817007e+00 5.561754918638155826e-02
6.884300000000000000e+04 1.054914458455172843e+00 -8.708868062840465288e-03
6.884500000000000000e+04 9.391494629252454818e-01 -2.902146320189545603e-02
6.884600000000000000e+04 1.008482887097507108e+00 -8.238810014413935900e-02
6.884700000000000000e+04 9.903409334347869075e-01 4.446460458999350329e-02
6.885500000000000000e+04 1.045467555893837774e+00 6.488780292361071012e-02
6.885600000000000000e+04 1.169784179867795704e+00 3.836379821308326388e-02
6.885700000000000000e+04 1.074780912686363665e+00 1.739070695448876047e-01
6.885800000000000000e+04 1.046189580053511481e+00 6.132546496676643394e-02
6.885900000000000000e+04 1.128561956720206316e+00 4.107391696818172427e-02
6.886000000000000000e+04 1.157291644229552663e+00 -1.002712150993137485e-01
6.886100000000000000e+04 1.129317307100373702e+00 4.271506318359471338e-02
6.886200000000000000e+04 1.163835033955344267e+00 -5.224583600275072015e-02
6.886300000000000000e+04 9.616193253799616425e-01 -4.188432277775706175e-02
6.886400000000000000e+04 1.019575848325145584e+00 -7.101377799920885470e-02
6.886500000000000000e+04 1.053332978680452614e+00 -7.447681391939671436e-02
6.886600000000000000e+04 1.033805873247268803e+00 -2.652639042624609783e-02
6.886700000000000000e+04 1.167926602485656273e+00 -1.533844251774514784e-02
6.886800000000000000e+04 1.216018035419093257e+00 2.343356795766729506e-02
6.888400000000000000e+04 9.697681334012894228e-01 -2.367332979182003999e-02
6.889200000000000000e+04 1.072567707918147706e+00 -6.474750244431987101e-02
6.889300000000000000e+04 1.054802264695815728e+00 -4.206350385816053083e-02
6.889400000000000000e+04 9.817687229461132814e-01 3.602997646796601144e-02
6.890400000000000000e+04 1.073347289157294382e+00 3.623513055017842099e-02
6.890500000000000000e+04 1.117982761345759579e+00 -3.953684857805405545e-03
6.891700000000000000e+04 9.702243848595386577e-01 -3.738351178753108323e-02
6.891800000000000000e+04 9.632910033085635426e-01 -2.459749858056281199e-02
6.892200000000000000e+04 8.560466073989181357e-01 -6.218594641446690413e-02
6.892300000000000000e+04 1.128122518294754517e+00 -2.693902777295028098e-02
6.892400000000000000e+04 1.124905042400760502e+00 7.230184712546279535e-02
6.892500000000000000e+04 9.897880258304546652e-01 -1.044261536419338332e-01
6.893700000000000000e+04 9.799627288832244432e-01 -8.766427756135999894e-02
6.893800000000000000e+04 1.109376810648137646e+00 2.706229345702232131e-03
6.893900000000000000e+04 1.125230218759038614e+00 -2.000658470677224229e-02
6.894000000000000000e+04 1.077774968557690727e+00 -3.901535285593257796e-02
6.894900000000000000e+04 9.705543171185342377e-01 5.301053076345001863e-02
6.895000000000000000e+04 1.056696398980629281e+00 2.148446322133722511e-02
6.895100000000000000e+04 1.121277429901578415e+00 -5.888096835137780760e-02
6.895200000000000000e+04 1.161791434886790153e+00 -4.910285506755605184e-02
6.895300000000000000e+04 1.228561398003773064e+00 -2.980841656090330374e-02
6.895400000000000000e+04 1.137155963364430145e+00 -7.483541157426928936e-02
6.895500000000000000e+04 1.093634125095623633e+00 -7.043105392024077982e-02
6.895600000000000000e+04 1.092523773080540161e+00 -4.574118642450845235e-02
6.895700000000000000e+04 1.081978568898702697e+00 -1.235805801908170659e-01
6.895800000000000000e+04 1.188088186530877888e+00 4.393052704199759857e-03
6.895900000000000000e+04 1.208171195182002000e+00 1.777625131424157359e-02
6.896000000000000000e+04 1.105718743340920129e+00 -1.708911285352417500e-02
6.896100000000000000e+04 1.113843841426779502e+00 -1.350648638867515093e-02
6.897500000000000000e+04 1.205544696147171413e+00 -6.843792680746994816e-02
6.897600000000000000e+04 1.166665265777047766e+00 -1.082362551634017712e-02
6.897700000000000000e+04 1.141759019425326649e+00 1.724486746616326130e-02
6.897900000000000000e+04 1.008995891579577808e+00 -4.514371081933461066e-02
6.898000000000000000e+04 9.209876463157217197e-01 -8.675306872064411645e-02
6.898100000000000000e+04 9.683020193482149152e-01 -9.264020068794902307e-02
6.898200000000000000e+04 1.048023149516477126e+00 1.498034744484114632e-02
6.898300000000000000e+04 1.158807601898766748e+00 4.451081915314303306e-02
6.898400000000000000e+04 1.099953280043162840e+00 -8.018295728849941795e-02
6.898500000000000000e+04 1.093780490166003982e+00 -2.990595255954060089e-02
6.899800000000000000e+04 1.187377216468643137e+00 -4.285463886784220133e-02
6.899900000000000000e+04 1.115911390702210904e+00 -1.684883059909002626e-02
6.900000000000000000e+04 1.082145740378056109e+00 -4.832701573443936444e-02
6.900100000000000000e+04 9.790805795287979008e-01 -1.007075448510108377e-02
6.900200000000000000e+04 1.058311247766868579e+00 -6.131605671079862901e-02
6.900300000000000000e+04 1.033187442957230306e+00 -7.525743094941721167e-02
6.900400000000000000e+04 1.096332406317947816e+00 -1.370261327934042470e-02
6.900500000000000000e+04 1.130266170334695452e+00 1.366000893427045219e-02
6.900600000000000000e+04 1.128524615986524982e+00 -1.425279504372608912e-02
6.900700000000000000e+04 1.074788507982558317e+00 -1.051478343745988406e-02
6.901800000000000000e+04 1.154925264949718144e+00 6.737237667112456509e-03
6.901900000000000000e+04 1.051979956046282805e+00 -4.050439420332151326e-03
6.902000000000000000e+04 1.155858025495273500e+00 -4.567353866053837363e-02
6.902100000000000000e+04 1.016707155894431391e+00 -8.889734188681878979e-02
6.902200000000000000e+04 9.986159130307287191e-01 -6.980182613396411495e-02
6.903500000000000000e+04 1.030017825248658703e+00 -6.182825581766100698e-02
6.903600000000000000e+04 1.096993832604888031e+00 -2.584492019440337227e-03
6.903700000000000000e+04 1.138787195283681664e+00 -6.386881057727539224e-02
6.903800000000000000e+04 1.082412411322467571e+00 -4.817932715513705694e-02
6.903900000000000000e+04 1.110271040922810704e+00 -8.710248862378207335e-03
6.904000000000000000e+04 1.112805458478443255e+00 -9.261790404050368464e-03
6.904100000000000000e+04 1.193085372225277885e+00 -2.191191091545361021e-03
6.904200000000000000e+04 1.089149690502165368e+00 -8.446112180481106513e-02
6.905500000000000000e+04 9.283775930363025175e-01 -1.625082651416796531e-01
6.905600000000000000e+04 1.007287207837482379e+00 -4.249115306217089716e-02
6.905700000000000000e+04 8.911186101041720375e-01 -1.532423462577469364e-01
6.905800000000000000e+04 1.082802464563676459e+00 4.202982677591534516e-02
6.906000000000000000e+04 1.053025495187317029e+00 2.722607523576814001e-02
6.907100000000000000e+04 1.133910720765935354e+00 -1.105014194537762458e-02
6.907200000000000000e+04 1.105952098159095787e+00 -3.775241767874279453e-02
6.907300000000000000e+04 1.113211735625956766e+00 -3.458224742498316323e-02
6.907400000000000000e+04 1.151358089348035074e+00 9.997385927245452941e-02
6.907500000000000000e+04 1.053345070876773759e+00 -1.059236807231175304e-01
6.911300000000000000e+04 9.783364587859165740e-01 -8.508809331141468923e-02
6.911400000000000000e+04 1.138457635266540091e+00 -1.625617568114329226e-02
6.916500000000000000e+04 1.136673767191287654e+00 2.430851362790440937e-02
6.925600000000000000e+04 9.610616921701713444e-01 -9.963927578932482709e-02
6.938100000000000000e+04 1.052871475444672411e+00 5.064079845947077121e-03
6.938200000000000000e+04 1.047782314040611729e+00 5.536320823543371128e-02
6.938400000000000000e+04 1.075001736190671187e+00 -2.219029117443863802e-02
6.938500000000000000e+04 1.090403050057943801e+00 -3.860923897964230189e-02
6.938600000000000000e+04 1.078470547665029367e+00 -4.242401714851325167e-02
6.938700000000000000e+04 1.060400323034028203e+00 -5.561540968138375257e-02
6.947000000000000000e+04 1.020766376599070435e+00 2.375444147691846419e-02
6.947400000000000000e+04 1.042736392718152993e+00 -2.997189047785698071e-03
6.947600000000000000e+04 1.093666646842332835e+00 -2.892926055266122065e-02
6.947700000000000000e+04 1.033487691911557649e+00 -5.747910248762073265e-02
6.947800000000000000e+04 1.108244784590795673e+00 -9.546765413328782424e-02
6.950000000000000000e+04 8.350580018892790335e-01 1.868544825613769819e-02
6.950400000000000000e+04 1.090106507463926011e+00 -3.456202771375094674e-03
6.950500000000000000e+04 1.035831174082358919e+00 -3.462695149468838357e-02
6.950600000000000000e+04 1.043512753117240788e+00 -6.439096561981910716e-02
6.950700000000000000e+04 1.045913618151339541e+00 3.052709831193298196e-02
6.950800000000000000e+04 9.801070272328129551e-01 -1.094898412806185051e-01
6.952900000000000000e+04 1.021050742085549023e+00 -2.145288052921657043e-04
6.978800000000000000e+04 1.011101788162534598e+00 1.917039796339646204e-02
6.978900000000000000e+04 1.157367750981135313e+00 -3.922672814077017567e-02
6.979000000000000000e+04 1.094070961517051632e+00 4.891816379019471583e-02
6.979100000000000000e+04 1.291805073888055988e+00 3.444912295767875096e-03
6.979200000000000000e+04 1.281800515752704817e+00 4.552744236360827673e-02
6.982700000000000000e+04 1.095326020369480791e+00 -3.112901058197393295e-02
6.983200000000000000e+04 1.034151507325041131e+00 -1.318887560045080842e-01
6.983300000000000000e+04 1.057197508234300809e+00 -7.459926815853186455e-02
6.983400000000000000e+04 1.006901507611805968e+00 -1.778399181426192632e-01
6.991700000000000000e+04 1.034630372520889408e+00 -5.425137618845048137e-02
6.991800000000000000e+04 1.096050171872202661e+00 2.932608695504595672e-02
6.992100000000000000e+04 1.008023877157676829e+00 -5.419370618920291149e-02
6.992400000000000000e+04 1.129173647792769408e+00 -3.699900255624907069e-02
6.992500000000000000e+04 1.021904317985913524e+00 5.054333790240409657e-02
6.997400000000000000e+04 8.597131300144146282e-01 1.126957524883642932e-02
7.019300000000000000e+04 1.173965724409397504e+00 -9.335547909487649718e-03
7.019900000000000000e+04 1.041634345614039114e+00 -8.363312117238026755e-02
7.030900000000000000e+04 1.142635992416447088e+00 3.885619338626510391e-03
7.038800000000000000e+04 1.220068304843500151e+00 1.199471265149045368e-01
7.042600000000000000e+04 9.519475941575932243e-01 -2.684609051610440528e-02
7.044500000000000000e+04 8.116530496676251927e-01 1.239193037534129689e-02
7.044600000000000000e+04 1.073067226233673122e+00 6.294499008125531425e-02
7.044700000000000000e+04 9.768082174996751688e-01 5.623468700169233225e-02
7.046900000000000000e+04 9.804589240420682472e-01 -7.248191317546318069e-02
