2.355500000000000000e+04 9.710080705671506607e-01 5.511911352176538520e-02
2.355600000000000000e+04 1.068621519016051735e+00 2.401285663831101078e-02
2.355700000000000000e+04 1.154767250150899649e+00 5.700883034870379146e-02
2.355800000000000000e+04 1.031794131515979540e+00 -4.382246269163324673e-03
2.355900000000000000e+04 9.269696959654918356e-01 -3.269522613157351681e-02
2.356200000000000000e+04 9.621291674676913930e-01 -1.690471908629408854e-02
2.356900000000000000e+04 1.058305403162832281e+00 2.292969706558558793e-02
2.357000000000000000e+04 1.119711088545282118e+00 1.570362782406339516e-02
2.357100000000000000e+04 1.077139248895960577e+00 -6.584796823527519494e-02
2.357200000000000000e+04 1.132557980988250446e+00 -1.199024724853568341e-01
2.357300000000000000e+04 1.145317970547191422e+00 5.296992125651035950e-03
2.357600000000000000e+04 9.949926816760606973e-01 -2.166038070514290231e-02
2.357700000000000000e+04 9.629368937633132619e-01 9.556985652080397103e-04
2.357800000000000000e+04 9.546691099836251970e-01 -2.615175937695525879e-02
2.359000000000000000e+04 1.050934860958977035e+00 4.982701919258625267e-02
2.359100000000000000e+04 1.148248505173386169e+00 8.999736155092648293e-02
2.359200000000000000e+04 9.193320550035818384e-01 8.033491728288644218e-02
2.359300000000000000e+04 9.892167334888370966e-01 4.682180683105131858e-02
2.359400000000000000e+04 9.786376544518562426e-01 -5.301745018290564965e-02
2.359500000000000000e+04 7.466109773845041042e-01 -2.155873796172630072e-02
2.359600000000000000e+04 8.060831013121311228e-01 8.530055684395901339e-02
2.359700000000000000e+04 4.925819951306743549e-01 1.870684676746315819e-02
2.360000000000000000e+04 1.097225597101297412e+00 8.938420051435236324e-02
2.360500000000000000e+04 1.057775621903275898e+00 1.370500673460989804e-01
2.360600000000000000e+04 1.044088987142271163e+00 -1.250870500137214458e-01
2.360800000000000000e+04 1.043164967825777500e+00 8.740424649072435492e-02
2.361000000000000000e+04 9.465354448770121332e-01 1.227400624825647352e-01
2.361100000000000000e+04 9.932964207888996810e-01 1.348773391789059861e-02
2.361500000000000000e+04 9.548628281422781860e-01 7.405171959162652751e-02
2.361600000000000000e+04 9.771118343237278348e-01 -1.570760124708989180e-02
2.361700000000000000e+04 1.037821981659130977e+00 -8.109076333946840798e-02
2.361800000000000000e+04 8.782108278961827663e-01 1.137085553225189866e-01
2.361900000000000000e+04 7.701836953522543938e-01 6.407433042587339089e-02
2.362000000000000000e+04 9.117471785266951789e-01 6.132606451595307671e-03
2.362100000000000000e+04 9.303656722572335447e-01 -6.312018249951549011e-03
2.362200000000000000e+04 9.515005766571713597e-01 6.819963011544348530e-02
2.362300000000000000e+04 1.129182763230508701e+00 9.788145271044085272e-02
2.362700000000000000e+04 7.735763385981384577e-01 -1.115457637996141761e-02
2.362800000000000000e+04 8.223412577046267380e-01 5.218048880773269033e-02
2.362900000000000000e+04 9.962185922164156215e-01 5.911679232098369929e-02
2.363300000000000000e+04 1.005704687887350124e+00 -8.826457885650067225e-02
2.363400000000000000e+04 1.139707593089928972e+00 2.249184702330672692e-02
2.363500000000000000e+04 1.107273820373329665e+00 -8.401709522382082296e-02
2.363600000000000000e+04 1.076808616564934429e+00 -3.709092893632471612e-03
2.363700000000000000e+04 1.037869745144684774e+00 -1.000713024299168530e-01
2.363800000000000000e+04 1.078484215318308292e+00 -6.773963225514960385e-02
2.363900000000000000e+04 1.017465734820044210e+00 -7.469542234774946554e-02
2.364000000000000000e+04 1.298087283709092432e+00 -6.029706111784952777e-02
2.364100000000000000e+04 1.092457156082415226e+00 1.895369220066995056e-02
2.364200000000000000e+04 9.759584711302309312e-01 9.394511859356659278e-02
2.364300000000000000e+04 9.572930086414122020e-01 -5.782345146025173743e-02
2.364400000000000000e+04 1.077016451533918673e+00 8.007262560444307342e-02
2.364500000000000000e+04 9.956762313335196790e-01 3.843666226195131819e-02
2.364700000000000000e+04 1.059648169905463844e+00 -7.360175029789696455e-02
2.364800000000000000e+04 1.016716400775760087e+00 4.809926103449278095e-02
2.364900000000000000e+04 1.038329825619703106e+00 -1.085758033723661087e-01
2.365000000000000000e+04 1.043934113770998984e+00 -4.955876489911565513e-02
2.365100000000000000e+04 1.054157114607481294e+00 1.478984682012610408e-01
2.365400000000000000e+04 9.808776823248726018e-01 -7.515943523956157557e-02
2.365500000000000000e+04 1.049218463250357170e+00 1.570678911004498857e-01
2.365600000000000000e+04 9.774489570271901462e-01 -1.649674443616831743e-02
2.366000000000000000e+04 1.038528705571464261e+00 -8.325718842099472800e-03
2.366100000000000000e+04 1.040879039309428489e+00 2.567432415491425340e-02
2.366200000000000000e+04 9.919732862821327712e-01 -2.074147595715058676e-02
2.366300000000000000e+04 9.310679011918946424e-01 5.886814372254694713e-03
2.366400000000000000e+04 1.026575371111377866e+00 -1.239584326354670196e-02
2.366500000000000000e+04 1.006606409651536582e+00 -3.100937792947250013e-02
2.366600000000000000e+04 8.427496891214472097e-01 -7.039125909910043388e-02
2.366700000000000000e+04 1.044550956571841827e+00 -5.670433344969643893e-03
2.367500000000000000e+04 1.003131295419693814e+00 1.161198007366242707e-01
2.367600000000000000e+04 5.413511772523446064e-01 7.693792604678500492e-03
2.367700000000000000e+04 9.153438763897886465e-01 1.317786433786389544e-01
2.368700000000000000e+04 1.013607980540468079e+00 3.079336305404480056e-02
2.368800000000000000e+04 9.582307498551313474e-01 2.058980020707616362e-03
2.368900000000000000e+04 9.824696237325650783e-01 4.426182248916105816e-02
2.369600000000000000e+04 8.903791825637704660e-01 -1.655041175851542160e-02
2.369700000000000000e+04 1.643298601038430951e+00 3.629069800679100236e-03
2.369800000000000000e+04 1.057022878645843544e+00 -6.919017482722836232e-02
2.369900000000000000e+04 1.114809539551645079e+00 -5.044272596481014920e-02
2.370000000000000000e+04 9.407965433022876800e-01 -1.301072608651942797e-01
2.370500000000000000e+04 1.080478118879558247e+00 -9.584345166849696229e-02
2.370600000000000000e+04 1.098060806049260041e+00 1.542171344694918782e-02
2.370700000000000000e+04 1.044665427952778058e+00 -1.322321624806374885e-01
2.370900000000000000e+04 1.019902204802194623e+00 -4.201493871675142378e-02
2.371600000000000000e+04 1.043066356932873084e+00 4.155417635254761433e-02
2.371800000000000000e+04 1.012541205090776719e+00 4.139372415232946134e-02
2.373600000000000000e+04 1.237118329461942334e+00 1.582800512071970145e-01
2.373900000000000000e+04 1.007354576877903085e+00 -3.720481382615831167e-02
2.374000000000000000e+04 9.861539823701628293e-01 -4.757088723539550784e-02
2.374100000000000000e+04 1.040296010421370765e+00 -3.303265170145620877e-02
2.375300000000000000e+04 1.041923618959918363e+00 8.968661419973534416e-03
2.375400000000000000e+04 1.103755099292366371e+00 1.316039663239067410e-02
2.375600000000000000e+04 1.022282492663870501e+00 -2.081458162193938061e-02
2.375800000000000000e+04 9.508325667697703487e-01 8.344980010921565494e-02
2.382100000000000000e+04 1.099225871210581795e+00 -1.336693578742791100e-01
2.382400000000000000e+04 9.409171762942076800e-01 3.495781556409546104e-02
2.396800000000000000e+04 7.628450818172940462e-01 -2.858129902120615674e-03
2.396900000000000000e+04 9.785947545867045294e-01 -4.682827593040230288e-03
2.408900000000000000e+04 1.031843428910921290e+00 7.912803103345748823e-02
2.409000000000000000e+04 1.077881736440218674e+00 1.274917607854361978e-01
2.409100000000000000e+04 9.934892388541984865e-01 2.496864537750011909e-02
2.409200000000000000e+04 9.322386192202133381e-01 2.909105906300572114e-02
2.409500000000000000e+04 9.146284595691671626e-01 1.856934623277278502e-03
2.409600000000000000e+04 9.462292032821896237e-01 5.278685352931518186e-03
2.409700000000000000e+04 9.870271288588154945e-01 3.328424969841264208e-02
2.409800000000000000e+04 8.988577594654033609e-01 2.551147206653403207e-02
2.409900000000000000e+04 1.029988889646773709e+00 1.070280041997106607e-01
2.410000000000000000e+04 1.043825612566331218e+00 3.384634014502816562e-02
2.410100000000000000e+04 1.031873884956921117e+00 5.987084203718898850e-02
2.410200000000000000e+04 1.049101648688144151e+00 7.481636211288016092e-02
2.410300000000000000e+04 9.700816365466543578e-01 8.820396333420452151e-02
2.411600000000000000e+04 6.086108869030247837e-01 1.434739874768249657e-01
2.411700000000000000e+04 8.660395080355487440e-01 5.614834992258686125e-02
2.411800000000000000e+04 9.536593384943905516e-01 -5.418983301832342586e-02
2.411900000000000000e+04 9.046035962225965621e-01 3.432411386719400742e-02
2.412100000000000000e+04 1.288561491724389718e+00 1.275778774882280198e-01
2.412200000000000000e+04 1.456720076412558962e+00 2.232921063180773324e-01
2.412300000000000000e+04 7.790341996039272798e-01 -4.874747802675048758e-02
2.412400000000000000e+04 7.807522840585698898e-01 9.190945429544143674e-02
2.412500000000000000e+04 9.648041370420383789e-01 -4.400307251037820916e-02
2.412600000000000000e+04 9.789431877885194089e-01 4.546474234196287018e-02
2.412700000000000000e+04 7.239528149600217288e-01 1.979379324063411383e-02
2.412800000000000000e+04 1.079708190480826335e+00 1.169392241063733906e-01
2.412900000000000000e+04 1.123924774721441810e+00 1.064694683668535591e-01
2.413900000000000000e+04 1.190274047936125790e+00 7.282241508371530003e-02
2.414000000000000000e+04 1.081772511104729384e+00 3.823351539942406330e-03
2.414100000000000000e+04 9.754105993570153510e-01 -6.908466018188110132e-03
2.414200000000000000e+04 1.064816476899946407e+00 -1.403982590808105779e-01
2.416900000000000000e+04 1.249388033167766920e+00 1.063822921242643937e-01
2.417000000000000000e+04 1.611214638493024154e+00 1.442481521493345908e-01
2.437400000000000000e+04 9.177930460803578327e-01 1.072636109450837427e-01
2.437500000000000000e+04 7.019139768284947678e-01 -2.960012787148795510e-02
2.438600000000000000e+04 9.232068007077387506e-01 1.731895912555485306e-01
2.441100000000000000e+04 1.020267263291041893e+00 6.956557036816829465e-02
2.441200000000000000e+04 1.010467328431411849e+00 7.416756685853879982e-02
2.441300000000000000e+04 8.217174262886979275e-01 1.387750335031448790e-01
2.442500000000000000e+04 1.141308252201633566e+00 -1.484205056835539126e-02
2.442700000000000000e+04 1.095637598208873964e+00 1.780666830481844598e-02
2.442800000000000000e+04 1.090610205375337038e+00 -2.584285150908064224e-02
2.442900000000000000e+04 1.089881668565657158e+00 -5.168019123292015571e-02
2.443100000000000000e+04 1.079932018955330308e+00 9.516333539735924441e-02
2.443300000000000000e+04 1.005172380342347793e+00 1.692377297102207467e-01
2.443400000000000000e+04 1.071843816631283586e+00 1.139906685785798401e-01
2.443900000000000000e+04 1.526540983994750800e+00 8.980378573072310411e-02
2.444000000000000000e+04 1.114565453522719407e+00 -2.358260800392796008e-02
2.444100000000000000e+04 1.109774153010454567e+00 -7.891174649713590672e-02
2.444200000000000000e+04 1.073622675642478486e+00 -1.304197260203346920e-01
2.444300000000000000e+04 1.115973114835915103e+00 2.324227202128150566e-02
2.444700000000000000e+04 9.989097072094925700e-01 1.481569908391352497e-01
2.444800000000000000e+04 9.683361835409355356e-01 1.790184596635665815e-01
2.444900000000000000e+04 1.003974146863138683e+00 -2.653393011116784994e-02
2.445100000000000000e+04 9.837123594673803373e-01 -3.016629488206936868e-02
2.445200000000000000e+04 1.017206019421662555e+00 -6.151618544342660200e-02
2.445300000000000000e+04 1.041457806233342831e+00 3.011261386122326272e-03
2.445900000000000000e+04 1.123302658992015646e+00 1.038615882083560385e-02
2.446000000000000000e+04 1.061662766733037166e+00 2.784294325046169499e-02
2.446100000000000000e+04 1.053905900743295598e+00 -1.048429889253567338e-02
2.446500000000000000e+04 1.014352374198343121e+00 1.330949444358737188e-01
2.446600000000000000e+04 1.028035484313164938e+00 1.491459057546361544e-01
2.446700000000000000e+04 1.009930553303824530e+00 -1.066449961807403590e-01
2.446800000000000000e+04 1.042927947440595027e+00 -1.059284100400977591e-01
2.446900000000000000e+04 1.133667838080718582e+00 -1.178527862985293516e-02
2.447000000000000000e+04 1.096994536724929414e+00 -4.424650391161442237e-02
2.447100000000000000e+04 1.060640421612084827e+00 4.655111370011173755e-02
2.447700000000000000e+04 1.199969710110690091e+00 8.729892594734244005e-02
2.447800000000000000e+04 1.107940854512196482e+00 -1.344434074171373811e-02
2.447900000000000000e+04 1.054239554039284377e+00 -1.586690660718690915e-01
2.448000000000000000e+04 1.152164844380056063e+00 3.011837614770750821e-02
2.448100000000000000e+04 1.150562898707149229e+00 -6.804637416572288655e-02
2.448300000000000000e+04 1.029903640222636252e+00 1.524544132463636625e-01
2.448400000000000000e+04 1.092827859998181550e+00 1.035348406513787456e-01
2.448500000000000000e+04 1.058034452321074737e+00 2.348219370912625614e-02
2.448600000000000000e+04 1.217348490944893724e+00 -7.488583093677685099e-02
2.448700000000000000e+04 1.110485617103280198e+00 7.352270193341284288e-02
2.448800000000000000e+04 9.040127558541318775e-01 1.867444910727889679e-02
2.448900000000000000e+04 1.028717124911488590e+00 1.034917298810601738e-01
2.449000000000000000e+04 1.043669764965550195e+00 -2.604706056468052838e-02
2.449100000000000000e+04 1.025223741402230493e+00 -5.947346231690708862e-02
2.449500000000000000e+04 1.178924438156822019e+00 2.613322979031810003e-02
2.449600000000000000e+04 1.123792583182827931e+00 5.141469856782932696e-02
2.449700000000000000e+04 1.160613217687502807e+00 -7.039390392336168645e-02
2.449800000000000000e+04 1.103791155567864113e+00 -4.011668074483085850e-02
2.450000000000000000e+04 1.022446032991199516e+00 1.740199508444625620e-01
2.450100000000000000e+04 1.015112781961835298e+00 1.482497835954250942e-01
2.450400000000000000e+04 1.003591104094892827e+00 -1.219441371070073415e-01
2.450500000000000000e+04 1.110032495032774902e+00 -1.303890147833814128e-01
2.450600000000000000e+04 1.092890912699312711e+00 -3.678585277892155309e-02
2.450700000000000000e+04 9.688708637710677918e-01 -1.890924897702641813e-03
2.450800000000000000e+04 1.127216177348943305e+00 6.226467319289322871e-02
2.452000000000000000e+04 1.026053218909037001e+00 1.003812499616582032e-01
2.452100000000000000e+04 1.011526090746186046e+00 -1.697362859120725431e-02
2.452200000000000000e+04 9.887955450505879762e-01 -1.451712810910479323e-01
2.452300000000000000e+04 9.723826034513805006e-01 -1.024934096763789465e-01
2.452400000000000000e+04 1.137011325210080637e+00 1.892772272149767510e-02
2.452500000000000000e+04 1.030301539812607414e+00 -3.035940945476538200e-03
2.452600000000000000e+04 9.128662582182279772e-01 -5.687033085900104756e-02
2.454400000000000000e+04 1.074575289486873864e+00 1.470282646571569596e-01
2.454500000000000000e+04 1.073975433084822351e+00 1.144824609102580437e-01
2.454600000000000000e+04 1.005822906926247873e+00 -7.853172878315099747e-02
2.454700000000000000e+04 9.997645397049722549e-01 -7.548561423305984175e-02
