4.864600000000000000e+04 8.846623983367829513e-01 -1.441371122487043466e-01
4.867900000000000000e+04 1.124661347872815575e+00 5.459943326156592447e-02
4.868000000000000000e+04 1.050090452674161678e+00 8.123156368848735709e-02
4.868100000000000000e+04 9.782179235037300469e-01 3.137540200430627424e-02
4.868200000000000000e+04 8.846993878741360451e-01 -4.671482607890436317e-02
4.871500000000000000e+04 1.112850611688621649e+00 -5.402925792862854626e-02
4.871600000000000000e+04 9.786570565671454114e-01 -3.455531375296633928e-02
4.871700000000000000e+04 9.316696407907024691e-01 -1.362988405092004258e-02
4.873300000000000000e+04 9.347885741956775130e-01 8.394203774747259483e-02
4.873400000000000000e+04 9.769529564667862598e-01 -9.763828837536618621e-02
4.876200000000000000e+04 8.661965359325917158e-01 1.051929640766098920e-02
4.880900000000000000e+04 9.935458680631745754e-01 8.110303721416023404e-02
4.881000000000000000e+04 9.397524867299058560e-01 5.198121249634863467e-02
4.882100000000000000e+04 8.619294372947223781e-01 2.228015826242480107e-03
4.882300000000000000e+04 8.933907407741127349e-01 -1.201832473057669326e-02
4.882400000000000000e+04 8.273344737758945300e-01 -7.636888229224278457e-02
4.882500000000000000e+04 8.600380293912174290e-01 8.405463118568763659e-02
4.883600000000000000e+04 9.758150690127666005e-01 -5.047490362796108743e-02
4.883700000000000000e+04 5.340028719417438952e-01 -2.045200195820066902e-01
4.883800000000000000e+04 9.853655100404393741e-01 5.022869528492239499e-02
4.884000000000000000e+04 9.419097756118386400e-01 1.866298376347272359e-02
4.884100000000000000e+04 8.674353816417016416e-01 -7.194422944321463009e-02
4.884200000000000000e+04 9.483721424763774666e-01 -1.048507241180535003e-02
4.885100000000000000e+04 8.195851330065095919e-01 -1.193953330626413983e-01
4.885200000000000000e+04 1.267198038334069077e+00 -1.209255386660846310e-01
4.885300000000000000e+04 1.084346779375092940e+00 3.058632312004538542e-02
4.885400000000000000e+04 1.152879611420415396e+00 3.648710897064991188e-02
4.885500000000000000e+04 1.303565390615997632e+00 -6.006830483237970975e-02
4.885600000000000000e+04 1.068809225242346894e+00 -5.901322258551867234e-02
4.885700000000000000e+04 1.061021417768448494e+00 -6.804499899371690974e-02
4.885800000000000000e+04 1.050128068892203670e+00 -1.663383326713996010e-02
4.886800000000000000e+04 8.364012201223582910e-01 -8.802133993903016318e-02
4.886900000000000000e+04 1.035279813495176837e+00 -1.074354439952169699e-01
4.887000000000000000e+04 1.021137815943936822e+00 3.176760804810637578e-02
4.887100000000000000e+04 1.137656431689853420e+00 3.975927588784518296e-02
4.887200000000000000e+04 9.637662882762805250e-01 1.453683288745494760e-02
4.887300000000000000e+04 1.047161687487975001e+00 -6.540485002317045216e-02
4.887400000000000000e+04 1.033041264189588082e+00 -8.418615557322034482e-02
4.887500000000000000e+04 9.970667137996945817e-01 -5.117987358117820351e-02
4.887600000000000000e+04 8.918869334752300704e-01 -1.250978276381801424e-01
4.887700000000000000e+04 1.065997178965802039e+00 1.020991791641556908e-02
4.888900000000000000e+04 7.286424629450013457e-01 -1.212117930072808270e-01
4.889000000000000000e+04 1.054202445113505693e+00 5.973718030466710488e-02
4.889100000000000000e+04 1.019417904167200462e+00 -1.799013955489683209e-02
4.889200000000000000e+04 1.060426599526099523e+00 6.636610437026467524e-02
4.889300000000000000e+04 9.408628142690768081e-01 -8.851030158092894340e-02
4.889400000000000000e+04 9.783918860663286532e-01 -1.188321452588486787e-01
4.889500000000000000e+04 9.030750006441075062e-01 -2.055832549432096146e-02
4.889600000000000000e+04 9.409988689825798946e-01 -1.131082299755138687e-01
4.889700000000000000e+04 8.015923116983938446e-01 7.582576370480513528e-02
4.889800000000000000e+04 1.024851680388086272e+00 8.055444129403507847e-02
4.889900000000000000e+04 9.163636820393185056e-01 3.324556711309678558e-02
4.890000000000000000e+04 9.857907433241470674e-01 3.394875027338005447e-02
4.892000000000000000e+04 9.608206762608453300e-01 -1.369022934119029124e-02
4.892100000000000000e+04 8.664590049666828220e-01 -3.544937032342618949e-02
4.892200000000000000e+04 1.002718889028724858e+00 7.845965503405222252e-02
4.892300000000000000e+04 9.357648233022367590e-01 1.853630716213233998e-01
4.893300000000000000e+04 1.048874381444859782e+00 -5.397845295150494743e-02
4.893400000000000000e+04 1.017426235522750799e+00 -7.061982563153327425e-03
4.893500000000000000e+04 1.012346783356399937e+00 6.564488183946311228e-02
4.893600000000000000e+04 1.005640936908558158e+00 -1.306810426240957376e-02
4.893700000000000000e+04 1.040113366363952352e+00 -3.456522395156861466e-02
4.893800000000000000e+04 9.960083016762545371e-01 -1.415138956471156603e-02
4.894100000000000000e+04 1.004736901234602797e+00 1.841386946434539831e-02
4.894200000000000000e+04 9.464197048397575696e-01 1.268837902734049061e-01
4.894300000000000000e+04 9.292177726248701530e-01 -9.364643428840663253e-03
4.894400000000000000e+04 1.036657495979231625e+00 9.320911981833986115e-02
4.894500000000000000e+04 9.506313668744266199e-01 -4.463628776693231992e-02
4.894600000000000000e+04 8.957035457001746304e-01 -3.196859044684481621e-02
4.895300000000000000e+04 6.434114271477905378e-01 -7.850651334433726702e-02
4.895400000000000000e+04 1.001162465028006654e+00 5.183244652857881690e-02
4.895500000000000000e+04 9.993040971263839056e-01 -1.333686722688012527e-01
4.895600000000000000e+04 8.320619573061746044e-01 2.782354119126024920e-03
4.895800000000000000e+04 9.688103947328975396e-01 1.079589407678384350e-01
4.895900000000000000e+04 9.765834721001029894e-01 -9.675594260646382117e-03
4.896000000000000000e+04 9.271986814061193849e-01 -1.278961951312550596e-02
4.896100000000000000e+04 5.538427813262309929e-01 -5.887999798949931918e-02
4.896200000000000000e+04 1.003054142670366078e+00 4.597126689722619286e-02
4.896400000000000000e+04 8.292586581338935448e-01 -2.492264930304972925e-02
4.896800000000000000e+04 8.681638157415612067e-01 -1.683415826975652452e-02
4.896900000000000000e+04 9.135667915082181789e-01 -8.688502472097765772e-02
4.897500000000000000e+04 9.688955736106519279e-01 -3.095344086863163063e-02
4.897600000000000000e+04 1.038490753422517177e+00 8.431401748044262123e-02
4.897700000000000000e+04 8.048265185922549581e-01 -7.041350102160157109e-03
4.897800000000000000e+04 1.046904867794829164e+00 -4.789310171251086323e-02
4.897900000000000000e+04 8.903563822296546304e-01 -9.361313756975228606e-02
4.898000000000000000e+04 9.936906334087569626e-01 2.259726267675089134e-02
4.898100000000000000e+04 9.500235044094564874e-01 -3.515197459022492005e-02
4.898200000000000000e+04 8.605382948483294436e-01 -3.732113298462780282e-02
4.898300000000000000e+04 8.741428214705498911e-01 -5.606671308444759194e-02
4.898400000000000000e+04 8.290810585814069045e-01 -4.479161922984860322e-02
4.898500000000000000e+04 9.636459535662300624e-01 5.352780873663485345e-02
4.898900000000000000e+04 9.397534655290418204e-01 1.525208274435195174e-03
4.899800000000000000e+04 9.894690362786472404e-01 1.261505373237948036e-01
4.899900000000000000e+04 1.062333265643304214e+00 -6.757998130336963227e-02
4.900000000000000000e+04 1.033500682492120903e+00 -5.800794542042381902e-02
4.900100000000000000e+04 9.395352994824065496e-01 -4.028860898426716436e-02
4.900200000000000000e+04 1.014369547047043518e+00 -6.605263356159508242e-03
4.900300000000000000e+04 9.681739085688483293e-01 -3.355523657680789182e-03
4.900400000000000000e+04 1.003714967500066724e+00 1.630545160410985517e-01
4.900500000000000000e+04 1.033526999619101217e+00 6.029830697999705863e-02
4.900600000000000000e+04 8.952994562604873474e-01 -5.837609332186349115e-02
4.900700000000000000e+04 9.805907355704596151e-01 6.335369107690725678e-03
4.900800000000000000e+04 1.028614422135625261e+00 1.129336965076496446e-01
4.900900000000000000e+04 9.427730032637551272e-01 -2.855926633960647124e-02
4.901000000000000000e+04 9.412237867758204146e-01 -8.908929912799556927e-02
4.902200000000000000e+04 1.026666324728463309e+00 -1.184143977255671387e-01
4.902300000000000000e+04 9.651521113663761309e-01 -3.469365338807516713e-02
4.902400000000000000e+04 9.908863190462018355e-01 2.123377869597786044e-02
4.902500000000000000e+04 9.622858381981110876e-01 1.158642637428557443e-01
4.902600000000000000e+04 1.021871337466160101e+00 1.385642335969501926e-01
4.902700000000000000e+04 9.746576955554059341e-01 -1.593127232766955101e-02
4.902800000000000000e+04 9.472884097033863471e-01 -4.394866248862321773e-02
4.902900000000000000e+04 8.194337493395368321e-01 -5.214861290288427820e-02
4.903000000000000000e+04 1.109570479891355488e+00 1.291825721051759746e-01
4.903100000000000000e+04 9.519324212541468988e-01 -1.505098239503965263e-01
4.903300000000000000e+04 1.024699999964036268e+00 -5.700940263157824872e-02
4.904000000000000000e+04 9.883445282064550197e-01 -1.456598283717989301e-02
4.904100000000000000e+04 9.942758850939602544e-01 -1.651380985384682393e-02
4.904200000000000000e+04 9.672182240542122056e-01 -4.936247908635094106e-02
4.904300000000000000e+04 9.020495229815990168e-01 -4.796098858820414118e-02
4.904400000000000000e+04 1.004772431322910053e+00 2.469591046196456183e-02
4.904600000000000000e+04 8.510867252213244472e-01 -3.751978426438801889e-02
4.904700000000000000e+04 1.028754556680181897e+00 2.971493906145235980e-02
4.904800000000000000e+04 1.017138246676985380e+00 4.344394181542986233e-02
4.904900000000000000e+04 1.028724272320308053e+00 3.871247206569957550e-02
4.906200000000000000e+04 8.785417679759718323e-01 -6.247598239892691863e-02
4.906300000000000000e+04 8.933118903086568752e-01 -5.634615243954416847e-02
4.906400000000000000e+04 9.551196014585997540e-01 -3.651392390360676948e-02
4.906500000000000000e+04 8.655322097472165632e-01 -3.794987521326609325e-02
4.906600000000000000e+04 9.206354840707380305e-01 1.020975633183115669e-02
4.906700000000000000e+04 9.906441711026260366e-01 9.291635705023608416e-02
4.906800000000000000e+04 1.042130939498775444e+00 4.761701649980457779e-02
4.906900000000000000e+04 1.047778038051020433e+00 8.808387623637212172e-02
4.912300000000000000e+04 7.966585602588808213e-01 -9.937956625327377946e-02
4.912400000000000000e+04 8.694172605964934908e-01 -1.542473620449899205e-02
4.912600000000000000e+04 7.881336762356075942e-01 -7.831943834059991449e-02
4.912700000000000000e+04 1.039322918871384838e+00 6.166036838011842297e-02
4.912800000000000000e+04 9.717686192728809402e-01 4.582296985668615763e-03
4.912900000000000000e+04 9.489504414086035178e-01 5.391869653838775311e-02
4.914100000000000000e+04 8.792228832641481029e-01 1.661415449395173272e-01
4.914200000000000000e+04 9.186830226221739393e-01 4.864481438945350567e-02
4.915100000000000000e+04 9.118274944977164953e-01 8.870558240653418636e-02
4.915200000000000000e+04 8.993540696457756889e-01 -5.460406459012189656e-02
4.915300000000000000e+04 9.755270993684351799e-01 -6.399924714029463571e-03
4.915400000000000000e+04 8.777620077331931281e-01 1.080259915173478191e-01
4.916200000000000000e+04 9.743777730121476743e-01 7.153945645503279396e-03
4.916300000000000000e+04 9.213890125187841340e-01 8.116129354691653530e-02
4.916400000000000000e+04 7.551638939774221182e-01 -1.179689213614876220e-02
4.916500000000000000e+04 9.814813192665999830e-01 3.493092379629376271e-02
4.920100000000000000e+04 8.270499636982266978e-01 -6.014330799600537542e-02
4.922900000000000000e+04 9.994973022551851827e-01 -1.789465986961588650e-02
4.923000000000000000e+04 9.878366282330346415e-01 -8.453777158164368921e-02
4.923100000000000000e+04 9.842678511442642941e-01 -1.048203268335888838e-01
4.923200000000000000e+04 9.894859257708735756e-01 -1.673222444091750916e-01
4.924400000000000000e+04 1.085354056052057592e+00 -3.724468217073528126e-02
4.924500000000000000e+04 9.328503622703886444e-01 -6.369898842209827106e-02
4.924600000000000000e+04 9.968736504117835517e-01 -7.368823171601360245e-02
4.924700000000000000e+04 1.000146401354981007e+00 -7.803201105322439546e-02
4.924800000000000000e+04 8.090749441010636200e-01 -8.992592231655447202e-03
4.924900000000000000e+04 9.994350673170113719e-01 2.840053748723089105e-02
4.925600000000000000e+04 1.032339232286724418e+00 3.649885717703626846e-03
4.925700000000000000e+04 9.739787026780415413e-01 -9.963165700348526610e-02
4.925800000000000000e+04 1.039748180904807473e+00 -2.917935443648932148e-02
4.925900000000000000e+04 9.411431257316964505e-01 -5.600989475644248608e-03
4.926000000000000000e+04 1.125457176172435902e+00 -6.634202755221668690e-02
4.926100000000000000e+04 1.113917490195135862e+00 4.823828932058214954e-03
4.926200000000000000e+04 1.041101216801519902e+00 3.084435995971813657e-02
4.932000000000000000e+04 9.961755158688927470e-01 -1.202318186561245929e-02
4.937300000000000000e+04 1.011098622532945912e+00 -2.797258963444075337e-03
4.937400000000000000e+04 1.003277291610694011e+00 -7.238170618923354949e-02
4.942500000000000000e+04 1.033029121909426085e+00 -3.408455236755225659e-02
4.942600000000000000e+04 1.056739714849975753e+00 4.136613999921320145e-03
4.942700000000000000e+04 1.027984542379312582e+00 -5.670854012331014160e-03
4.947100000000000000e+04 9.794773118502562159e-01 -1.305398757757975092e-02
4.949600000000000000e+04 1.105165980677167203e+00 -6.090833687880240627e-02
4.949700000000000000e+04 1.088516332649498652e+00 2.969505466594526358e-03
4.949800000000000000e+04 1.060514685502684795e+00 4.951798149264793891e-02
4.951000000000000000e+04 1.068313941556340074e+00 3.177642878986036007e-02
4.951100000000000000e+04 1.013187355608040185e+00 3.011628846516650748e-02
4.951200000000000000e+04 9.810253181322268201e-01 -1.089905851104254475e-02
4.951300000000000000e+04 8.372717667262519203e-01 -1.396800790705222672e-01
4.951400000000000000e+04 9.830458375204502719e-01 -2.121392191033581384e-02
4.951500000000000000e+04 9.527551298449579154e-01 -2.412559266930227458e-02
4.953000000000000000e+04 9.237613600211393994e-01 -4.641529278812753234e-02
4.953300000000000000e+04 9.752698773102129737e-01 -9.693405799509911824e-02
4.953400000000000000e+04 9.912716343820210385e-01 -3.544753427862735312e-02
4.953500000000000000e+04 1.004242697269955853e+00 -8.488530370829749927e-02
4.953600000000000000e+04 1.069277607754411052e+00 8.481386585917022325e-02
4.953800000000000000e+04 9.857452395253654132e-01 1.718098265844130931e-02
4.953900000000000000e+04 1.006610302804853196e+00 6.285852240018235948e-02
4.954800000000000000e+04 1.013371808065247626e+00 -1.006188506461578036e-01
4.954900000000000000e+04 1.054320756878204257e+00 -4.592572585049067152e-02
4.955100000000000000e+04 1.082382464925931487e+00 2.834958863845401036e-02
4.955200000000000000e+04 9.896428032705335553e-01 -1.830551466255623053e-02
4.955300000000000000e+04 9.648809514496806683e-01 -6.788506267067880018e-02
4.955400000000000000e+04 9.969808104547674965e-01 1.554874442760170207e-02
4.955500000000000000e+04 1.013044883809319563e+00 -3.935760301572224090e-02
4.955600000000000000e+04 1.064313558978046581e+00 2.311204505066780102e-02
4.955700000000000000e+04 1.057870603433850309e+00 1.536135319434022567e-02
