2.202400000000000000e+04 1.044124195114967124e+00 7.883436152435667477e-02
2.202500000000000000e+04 9.836466070891215496e-01 1.921797003131869019e-01
2.202600000000000000e+04 8.798397245543145839e-01 3.139752036260664569e-01
2.202700000000000000e+04 9.942209063566354033e-01 9.204508826894450615e-03
2.202800000000000000e+04 9.934480416945018488e-01 7.385392057958753420e-02
2.202900000000000000e+04 9.690767661130956778e-01 -5.677525913992095830e-02
2.203000000000000000e+04 1.002670189031230175e+00 3.330998469336194506e-02
2.203100000000000000e+04 9.491257563662387486e-01 -8.260624137597776320e-03
2.203200000000000000e+04 1.090747003949740224e+00 8.002005892855415872e-03
2.203300000000000000e+04 8.797001492254871158e-01 -1.354029398314765542e-01
2.203400000000000000e+04 1.109361102747386418e+00 -9.524251384240983720e-02
2.204100000000000000e+04 1.272420292323112490e+00 2.032651689257365668e-02
2.204400000000000000e+04 1.201071960743636646e+00 -5.563654618668360807e-02
2.204500000000000000e+04 1.120284402874933916e+00 1.689798489150119709e-02
2.204600000000000000e+04 1.125605443226361801e+00 2.102044621710486005e-01
2.204700000000000000e+04 1.108148498451684283e+00 1.583887754632052614e-01
2.204800000000000000e+04 1.184492439331527924e+00 -1.184190376671860334e-01
2.204900000000000000e+04 1.082951491422203816e+00 3.100923987980195792e-02
2.205000000000000000e+04 1.082205629177256823e+00 9.864652690889205711e-02
2.205200000000000000e+04 1.072568677708788609e+00 -3.643477401827940713e-03
2.205300000000000000e+04 1.039631363612271819e+00 -1.748916446537280081e-02
2.205500000000000000e+04 9.382793947720747818e-01 -1.992888321299406129e-01
2.206100000000000000e+04 9.735551486914879593e-01 1.929342442049512829e-02
2.206200000000000000e+04 1.064087441950193336e+00 5.841291543992425950e-02
2.206300000000000000e+04 9.996165199445904426e-01 6.164310141123687664e-02
2.206400000000000000e+04 9.594938818203766484e-01 3.241534943747993724e-02
2.206600000000000000e+04 4.525299688656141406e-01 2.641015758724508666e-01
2.206700000000000000e+04 7.407370293005514084e-01 1.846655591198079482e-01
2.206800000000000000e+04 1.000000000000000000e+00 0.000000000000000000e+00
2.207000000000000000e+04 9.269763969759463595e-01 2.066697317593364086e-02
2.207100000000000000e+04 9.436049510460002843e-01 9.745800297414881908e-02
2.207200000000000000e+04 9.049970494050378900e-01 -7.678371136727160651e-03
2.207300000000000000e+04 8.949756407184156215e-01 3.403180561534487059e-02
2.208300000000000000e+04 8.826568339749012448e-01 -1.655945072029299178e-02
2.208700000000000000e+04 9.690462919644926565e-01 1.213530793441300742e-01
2.208800000000000000e+04 9.409350922931155603e-01 7.836553948494975885e-02
2.208900000000000000e+04 1.039278302927421738e+00 -1.477769272206444148e-02
2.209000000000000000e+04 6.283592076384465486e-01 1.301738111565433620e-01
2.209100000000000000e+04 6.265419716740809886e-01 1.536094963757557719e-01
2.209200000000000000e+04 9.438238748787416421e-01 1.664081511631041732e-01
2.209300000000000000e+04 1.000000000000000000e+00 0.000000000000000000e+00
2.209400000000000000e+04 1.000000000000000000e+00 0.000000000000000000e+00
2.209500000000000000e+04 1.000000000000000000e+00 0.000000000000000000e+00
2.209600000000000000e+04 8.589459301694035709e-01 1.289292494986087334e-01
2.209700000000000000e+04 8.620650928613800001e-01 -8.131659309645287992e-03
2.209800000000000000e+04 1.002063728995120861e+00 3.198178027973645754e-02
2.210600000000000000e+04 1.013800957625845989e+00 -1.240723291980151514e-02
2.210900000000000000e+04 1.122791792713996539e+00 6.501383621213192854e-02
2.211000000000000000e+04 1.012505851161620285e+00 4.501456477391760358e-02
2.211300000000000000e+04 1.088516570718348397e+00 1.902408207753726252e-02
2.211400000000000000e+04 1.064145530695509656e+00 2.267173268320298585e-01
2.211500000000000000e+04 1.117817071181253619e+00 -9.745597996348330516e-02
2.211700000000000000e+04 1.017287096107412969e+00 3.383260218333265790e-02
2.211800000000000000e+04 1.035444094062760501e+00 5.219184932035718372e-02
2.211900000000000000e+04 1.055174207462480807e+00 -7.805971972668263731e-03
2.212100000000000000e+04 1.175245502179364632e+00 5.298207851849641437e-02
2.212300000000000000e+04 1.364138893850364909e+00 -4.565495293097723145e-02
2.213300000000000000e+04 1.105355516385270853e+00 3.526100743433574491e-02
2.213900000000000000e+04 1.035192595163413554e+00 -8.829823114533680295e-02
2.214000000000000000e+04 1.031829212625511527e+00 2.101901500432561132e-02
2.214100000000000000e+04 9.429075949996122974e-01 -5.384265865719117805e-02
2.214200000000000000e+04 1.034397953991832875e+00 3.361471631001353155e-02
2.214300000000000000e+04 9.286693720567241739e-01 2.561439529492100936e-02
2.214400000000000000e+04 1.017925799318989633e+00 -3.911584292410955760e-02
2.214500000000000000e+04 1.325952241104451756e+00 2.163571197751223973e-02
2.215300000000000000e+04 1.128936500402852650e+00 8.965005453916057368e-03
2.215600000000000000e+04 1.074427403728874575e+00 1.768731567422626716e-01
2.215700000000000000e+04 1.042841831453905188e+00 9.752277983006939210e-02
2.215800000000000000e+04 1.069228260172625511e+00 -7.282771477652434482e-03
2.215900000000000000e+04 1.001499453609786316e+00 7.703258511978662570e-02
2.216100000000000000e+04 1.049202930204661266e+00 -3.318625857229750425e-02
2.216200000000000000e+04 9.862933363888429783e-01 4.664871020651657763e-02
2.217100000000000000e+04 9.024378906040865234e-01 2.268766303199098999e-01
2.217200000000000000e+04 9.235515047250533183e-01 6.224520297039670517e-04
2.217300000000000000e+04 9.296503024627266187e-01 1.437732440895942432e-01
2.217400000000000000e+04 8.839682773997743492e-01 6.595041233650437984e-02
2.217500000000000000e+04 9.394395031666102902e-01 3.549629262432827531e-02
2.217600000000000000e+04 9.172065387141216108e-01 -1.960497929922522947e-02
2.217700000000000000e+04 8.432278489986986258e-01 1.258243631952372585e-02
2.218300000000000000e+04 9.391237431394772184e-01 2.372255800000577508e-01
2.218400000000000000e+04 8.906594043348909917e-01 2.802622186330858689e-01
2.218500000000000000e+04 9.586148201116266865e-01 -3.356069709881484564e-02
2.218600000000000000e+04 8.809081075029028263e-01 1.277103786027412313e-01
2.219000000000000000e+04 8.671356038513194919e-01 -1.205818431972972143e-02
2.219300000000000000e+04 7.118292728255968260e-01 -5.000691076794783196e-02
2.219400000000000000e+04 6.753857949422646945e-01 -1.967017115303358599e-01
2.220200000000000000e+04 9.944913654448125362e-01 8.602141469938867635e-02
2.220300000000000000e+04 1.030621159792420194e+00 1.722093266794585964e-02
2.220400000000000000e+04 1.103604924773076368e+00 1.398345448760571763e-01
2.220500000000000000e+04 1.192213075872882166e+00 -4.673365846859687395e-02
2.220700000000000000e+04 1.574028068062565566e+00 7.944366241762441938e-02
2.220800000000000000e+04 1.952803725930461809e+00 -5.501128624531079203e-02
2.221800000000000000e+04 1.211090837883366689e+00 9.733376506342897305e-02
2.222100000000000000e+04 2.915474673653941196e+00 1.854756240561936387e-01
2.223100000000000000e+04 1.115693456807018480e+00 4.669934566898977651e-02
2.223200000000000000e+04 1.178664612276670187e+00 -8.356610545239362767e-03
2.224000000000000000e+04 7.111998931021294990e-01 -9.087827432649618620e-02
2.232600000000000000e+04 9.004981856815008623e-01 7.626742539884423522e-02
2.232700000000000000e+04 9.885541208002475155e-01 6.835131956126606900e-02
2.234200000000000000e+04 1.010305723252757470e+00 7.563219735852483305e-02
2.234300000000000000e+04 8.988168949297057342e-01 1.524301717556857949e-01
2.234400000000000000e+04 9.726821390002333700e-01 2.965912236257333898e-02
2.234500000000000000e+04 9.062832006808010377e-01 2.181988448602875386e-01
2.236000000000000000e+04 9.629851471148017650e-01 5.208187763133709236e-02
2.236200000000000000e+04 9.568837020063409859e-01 6.273174341110350494e-02
2.236400000000000000e+04 8.670158317376170931e-01 -3.308135392453586537e-02
2.237400000000000000e+04 9.963762004301727204e-01 1.791431000833866027e-01
2.237600000000000000e+04 9.373206980135728728e-01 6.802909651157398874e-02
2.237700000000000000e+04 1.048533828627022713e+00 1.416589789451375148e-01
2.237800000000000000e+04 8.982270908026579459e-01 8.807978601893100626e-03
2.237900000000000000e+04 9.914481897596838511e-01 6.016084409902447416e-02
2.238000000000000000e+04 8.829078301797055328e-01 -1.612409348966466760e-01
2.238600000000000000e+04 1.072117414154353909e+00 -2.806310108314913256e-03
2.238800000000000000e+04 1.042879540361941748e+00 2.163749845778970698e-03
2.238900000000000000e+04 1.097775910466724181e+00 -2.566889779784021705e-02
2.239000000000000000e+04 1.122394475308682749e+00 6.091246416010494963e-03
2.239100000000000000e+04 1.052813985429420729e+00 -3.197052265381575276e-02
2.239200000000000000e+04 1.053185002588315156e+00 1.277194281028696810e-01
2.239300000000000000e+04 9.685951219137555190e-01 -3.508236136204559430e-02
2.239400000000000000e+04 1.127138986016455791e+00 7.881180833804587657e-03
2.239500000000000000e+04 1.077812976190592353e+00 4.143652246421532237e-02
2.239600000000000000e+04 1.075246040415748672e+00 2.291167866291757282e-02
2.240700000000000000e+04 1.574968098861515786e+00 -4.309922679118926431e-02
2.241000000000000000e+04 1.404495900791070673e+00 -1.487619991795343655e-01
2.241200000000000000e+04 1.507153020315261660e+00 -1.244315903659024003e-01
2.241300000000000000e+04 1.426021203604930232e+00 1.219563593611415475e-01
2.241400000000000000e+04 1.288453572924038060e+00 1.690392380739535738e-01
2.241500000000000000e+04 1.503311309373118743e+00 -1.418100230291025887e-01
2.241600000000000000e+04 1.462927075325239246e+00 -3.914067171492398300e-02
2.242800000000000000e+04 3.754708875138490054e+00 -1.877515436269395349e-02
2.243000000000000000e+04 2.192591861923725016e+00 -4.658052875696443856e-02
2.243200000000000000e+04 1.842856643160078356e+00 -1.323457512411021497e-01
2.243400000000000000e+04 1.442071916271306709e+00 1.769076302178727300e-01
2.243500000000000000e+04 1.391791968838159477e+00 1.142888111942577528e-01
2.243600000000000000e+04 1.343359207015809131e+00 -1.069484366648763840e-02
2.243800000000000000e+04 1.483819328802321813e+00 4.085410691227781693e-02
2.244000000000000000e+04 1.626860825084111006e+00 -3.112178629853108724e-02
2.244100000000000000e+04 1.461885192006164180e+00 9.302760239082549787e-02
2.245100000000000000e+04 1.342331147723405005e+00 1.549296040781583672e-01
2.245200000000000000e+04 1.346022193016801261e+00 1.227390343989119836e-01
2.245300000000000000e+04 1.414008145509660697e+00 5.027770030751880365e-02
2.245400000000000000e+04 1.459312781045767338e+00 9.620657821565830464e-03
2.245500000000000000e+04 1.445040139392787193e+00 -6.662272494608070805e-02
2.245600000000000000e+04 1.340342911129467129e+00 -3.286600899037866313e-02
2.245700000000000000e+04 1.201589353530144066e+00 1.669754188631301581e-02
2.245800000000000000e+04 1.157978949178807282e+00 1.358106071853256991e-01
2.245900000000000000e+04 1.071613308872849446e+00 1.649902119031743941e-01
2.246000000000000000e+04 1.280346620202197361e+00 -9.551691974401585461e-02
2.246200000000000000e+04 1.249575074293385102e+00 -8.798102409455198225e-02
2.246300000000000000e+04 1.319733839806934705e+00 -1.184976766414219153e-02
2.246400000000000000e+04 1.320065081073906965e+00 -3.324584752558067124e-02
2.246500000000000000e+04 1.247637008743403220e+00 -1.480930638451261570e-03
2.247500000000000000e+04 1.593651868637409708e+00 -3.838491815721115086e-02
2.247600000000000000e+04 1.519247718663470526e+00 -4.529998855319711248e-02
2.247700000000000000e+04 1.598686796699152257e+00 -5.460002139156232802e-03
2.247800000000000000e+04 1.938557070623138090e+00 1.320287124786688644e-02
2.248000000000000000e+04 1.773664842128563235e+00 -4.167303151651115083e-03
2.248100000000000000e+04 1.603389269851598797e+00 8.227903004860111832e-04
2.248300000000000000e+04 1.524693014525210444e+00 -4.479401460840254368e-02
2.248400000000000000e+04 1.328549875351386467e+00 4.257502040388109338e-02
2.248500000000000000e+04 1.483730300144540548e+00 -9.395105003355648521e-02
2.248900000000000000e+04 1.692232017928097854e+00 3.438619604855616685e-02
2.249000000000000000e+04 1.596971491716360214e+00 -3.934067697467349273e-02
2.249100000000000000e+04 1.299728408822426129e+00 1.097352364838526939e-01
2.249200000000000000e+04 1.358867529067144142e+00 3.866022257793232803e-02
2.250000000000000000e+04 2.088176303544544421e+00 4.379444933008967006e-02
2.250100000000000000e+04 1.747970894280735044e+00 3.634405245247972899e-02
2.250200000000000000e+04 1.354716394047225547e+00 5.582827686796131006e-02
2.250300000000000000e+04 1.329835374411411086e+00 -6.834051072626448620e-02
2.250400000000000000e+04 1.321629786659744843e+00 8.065103564676349979e-02
2.250500000000000000e+04 1.361952930997791800e+00 -1.749101073344927204e-01
2.250600000000000000e+04 1.121374721504958982e+00 2.204681552098883279e-01
2.250700000000000000e+04 1.140275068186209051e+00 6.940030209878757239e-02
2.250800000000000000e+04 1.027827714073093590e+00 -4.160813600463953571e-02
2.250900000000000000e+04 1.145931504357450725e+00 -5.949839737902092723e-02
2.251100000000000000e+04 1.194854557254340310e+00 4.917279080612970560e-02
2.251200000000000000e+04 1.167027826651652500e+00 4.565101746644798647e-02
2.251300000000000000e+04 1.014781904981694627e+00 2.249799097891499455e-01
2.251400000000000000e+04 1.121136998126053941e+00 7.610045957049398069e-02
2.252300000000000000e+04 1.085153104569937410e+00 -6.404848220822845217e-02
2.252400000000000000e+04 1.161590675732995237e+00 5.456176640663342771e-03
2.252500000000000000e+04 1.148173259460986584e+00 -3.719229446273931983e-02
2.252600000000000000e+04 1.028605513531019922e+00 5.659472433681930065e-02
2.252700000000000000e+04 1.002004363343876214e+00 1.876694814522959220e-01
2.252800000000000000e+04 1.235610055653634465e+00 6.380944961047642361e-02
2.252900000000000000e+04 1.160650445692921195e+00 -3.007620803197339279e-02
2.253200000000000000e+04 1.193628382099597651e+00 -1.585416564291243502e-02
2.253300000000000000e+04 1.121303252934200634e+00 1.390887912145603034e-01
2.253400000000000000e+04 1.092552892700977551e+00 6.587766507172347630e-02
2.253500000000000000e+04 1.024462521762651290e+00 9.120940181225709043e-02
2.254600000000000000e+04 1.326646991005695941e+00 7.109316738501170185e-02
2.254800000000000000e+04 1.328321890420158802e+00 -4.756601118065760525e-02
2.254900000000000000e+04 1.092161934442938742e+00 6.118305445796622111e-02
2.255000000000000000e+04 1.094282229506344573e+00 2.384440877957431232e-02
2.255100000000000000e+04 9.671134041301783224e-01 2.851358959003716942e-01
2.255200000000000000e+04 1.071970483417248987e+00 1.086495052981333309e-01
2.255300000000000000e+04 1.185543582671660490e+00 -2.494275348243165866e-03
2.255400000000000000e+04 1.059028083697298950e+00 -9.314213951307501183e-02
2.255500000000000000e+04 1.186061038034183390e+00 1.055474509126780314e-01
2.255600000000000000e+04 1.154828411740249861e+00 1.207186679086671641e-02
