1.082610000000000000e+05 1.092272583249120244e+00 9.910792290565346996e-02
1.082650000000000000e+05 1.032571896689882252e+00 7.402351010790214625e-02
1.082960000000000000e+05 8.794436318787987039e-01 4.266240125808578448e-02
1.082980000000000000e+05 9.960321846230105747e-01 7.519514025443646554e-02
1.083020000000000000e+05 9.849383300244629602e-01 1.203226352048517439e-01
1.084180000000000000e+05 8.679227912962578229e-01 1.164326300715714246e-01
1.084200000000000000e+05 9.992837796231124337e-01 1.653934379396318766e-01
1.084810000000000000e+05 9.428752000745991291e-01 3.460238270598082339e-02
1.084830000000000000e+05 9.377239523775433572e-01 1.259256328837636552e-01
1.084850000000000000e+05 1.016833482348496576e+00 1.181740528609240420e-01
1.085470000000000000e+05 1.071644627088461421e+00 8.909422917462565816e-02
1.086130000000000000e+05 9.267061797608527884e-01 8.069175401493179633e-02
1.086500000000000000e+05 1.059617762223842741e+00 4.556155966739020707e-02
1.088090000000000000e+05 1.130463996901479584e+00 9.820042393570997674e-02
1.088100000000000000e+05 1.087033801380516529e+00 9.014247224935326153e-02
1.088130000000000000e+05 9.581859013347754361e-01 -3.281929340739599132e-02
1.088880000000000000e+05 1.012490389859517226e+00 -1.468880897953920781e-02
1.088890000000000000e+05 9.885995996727311441e-01 -3.724410761163383932e-02
1.088910000000000000e+05 9.845160883503542015e-01 -6.013577520571619650e-02
1.089000000000000000e+05 1.082201315766900596e+00 9.155123790812905171e-02
1.089010000000000000e+05 1.089741029038644893e+00 4.437369925475868199e-02
1.089650000000000000e+05 1.017344500596978563e+00 3.629241482710449107e-02
1.089660000000000000e+05 1.089167813137988272e+00 -7.647396261332854717e-02
1.090010000000000000e+05 9.819803592640031775e-01 -1.224261267852690474e-03
1.090020000000000000e+05 9.950403889879199104e-01 -2.908891880461451224e-02
1.090330000000000000e+05 1.075637441221003909e+00 -1.162191251945324938e-02
1.090340000000000000e+05 9.966150673377573987e-01 -4.209336585785461438e-02
1.090350000000000000e+05 1.030505231274889244e+00 -6.368417307749502099e-02
1.090670000000000000e+05 9.693135643346204589e-01 3.805458537644968581e-02
1.090680000000000000e+05 9.426635842785733299e-01 -1.819640168636876831e-02
1.090690000000000000e+05 1.061489824703653939e+00 4.544258839289194024e-02
1.091510000000000000e+05 1.237747923439178166e+00 4.895925912419843429e-02
1.091520000000000000e+05 1.006720658808116786e+00 -7.509257024385110335e-03
1.092050000000000000e+05 1.043685501291639728e+00 2.154474382576861136e-02
1.092060000000000000e+05 1.240203601714069404e+00 1.418556504355073244e-01
