3.046800000000000000e+04 1.033428357091578098e+00 6.407686256665758029e-02
3.048400000000000000e+04 9.589984400463726910e-01 -8.504578962686729082e-02
3.049000000000000000e+04 9.643054120165558407e-01 -1.404594661501273184e-02
3.049100000000000000e+04 1.152174707732599890e+00 -2.539454055438204044e-02
3.049200000000000000e+04 9.956015983400839930e-01 3.160936700867104238e-02
3.049800000000000000e+04 8.961078977309236970e-01 -4.212190384797467185e-02
3.049900000000000000e+04 9.308133487680791962e-01 1.879046780325556876e-03
3.052500000000000000e+04 1.040902174695351956e+00 -1.622731924513958965e-02
3.052600000000000000e+04 1.515577324774917800e+00 -1.712611651729195328e-01
3.052800000000000000e+04 1.075100968370183763e+00 -5.141243587363546891e-03
3.052900000000000000e+04 1.091470309483168144e+00 4.696699264255552696e-03
3.053000000000000000e+04 1.065985402831368889e+00 -1.187385161773819864e-01
3.053100000000000000e+04 1.076799726392089207e+00 -3.223160448195065697e-02
3.053200000000000000e+04 1.088973346950742327e+00 2.714899939788540870e-02
3.053300000000000000e+04 1.021775698145760858e+00 -1.692695090911188263e-02
3.053400000000000000e+04 1.057299810820441444e+00 8.413941068720402761e-02
3.055000000000000000e+04 9.525091199411890308e-01 -1.083988721956100770e-01
3.055100000000000000e+04 9.524368896968404830e-01 -2.261616608603690681e-02
3.055200000000000000e+04 1.070406013425783787e+00 -1.218077796502754356e-01
3.055300000000000000e+04 1.006551703487679861e+00 -7.856512090423711792e-02
3.055400000000000000e+04 1.009585815528420971e+00 -2.449307386310262125e-02
3.055500000000000000e+04 1.030172209755174872e+00 -5.441702510935321480e-03
3.055700000000000000e+04 9.202856809648389813e-01 -8.657401382862353265e-03
3.055800000000000000e+04 9.784095214295590592e-01 5.777850371738409326e-03
3.055900000000000000e+04 8.960997747731740404e-01 -4.674644166459088201e-02
3.056000000000000000e+04 8.553446021501530661e-01 -9.562844829968206173e-02
3.056100000000000000e+04 8.691473934976093885e-01 -4.354401643284695755e-02
3.059400000000000000e+04 1.009770071798268720e+00 2.258365495628340477e-02
3.059600000000000000e+04 1.114867859355327617e+00 -1.756912451377573015e-01
3.059700000000000000e+04 1.067516426141762009e+00 4.002133128834134412e-02
3.059800000000000000e+04 1.032913566199817001e+00 -4.795530565885061137e-03
3.059900000000000000e+04 1.045198782740086152e+00 6.219688823614476225e-02
3.060000000000000000e+04 1.031183671713133521e+00 9.846650556367378404e-02
3.060100000000000000e+04 9.837029821448828315e-01 -1.883941006658635536e-02
3.060200000000000000e+04 9.430563227145986049e-01 2.022635862118023209e-02
3.060300000000000000e+04 7.670507202561015481e-01 -8.945586062747634681e-02
3.088900000000000000e+04 1.124893451048142090e+00 1.670166487115976039e-01
3.089100000000000000e+04 1.107380545334700095e+00 9.168802886239896255e-02
3.089200000000000000e+04 1.101973347482759769e+00 1.685626949155137055e-01
3.089300000000000000e+04 1.156346971555809233e+00 -1.271666300854998044e-01
3.089400000000000000e+04 1.068562804052842097e+00 1.286967702710431830e-02
3.090300000000000000e+04 1.118044406004906621e+00 7.620658891516812750e-02
3.090400000000000000e+04 1.026798948171709913e+00 1.908334150200912890e-02
3.090500000000000000e+04 9.546127185326540587e-01 7.325741608540715932e-02
3.090600000000000000e+04 1.078906011219869399e+00 4.672785527247771964e-02
3.092000000000000000e+04 1.090355292746571392e+00 2.065290423429456124e-01
3.092100000000000000e+04 1.063151288920741511e+00 -6.526489030385396184e-02
3.092400000000000000e+04 1.111647539500588033e+00 4.038155988173289940e-02
3.094400000000000000e+04 9.732514826107193651e-01 5.602860042815543951e-04
3.094500000000000000e+04 9.984582382303613945e-01 1.508622090767957127e-02
3.094600000000000000e+04 9.284670221429727199e-01 -1.018895461571013988e-01
3.094700000000000000e+04 1.297080409693047942e+00 1.731900717142611981e-04
3.094800000000000000e+04 1.032658806182676248e+00 7.861298361701817006e-03
3.094900000000000000e+04 1.077028289663725102e+00 -1.038927374751149203e-03
3.095000000000000000e+04 9.441346786189637186e-01 1.366004135390948282e-02
3.095100000000000000e+04 9.857642087194340430e-01 1.300994494625956795e-02
3.095200000000000000e+04 8.608568460337279182e-01 -1.876229686609401023e-02
3.096900000000000000e+04 9.322058696185887561e-01 4.414198500687879084e-02
3.102300000000000000e+04 1.289803240033487342e+00 -1.732314737552620443e-01
3.102500000000000000e+04 1.077630235887978793e+00 -3.535525265321260574e-02
3.102600000000000000e+04 1.050986375504260106e+00 -3.106433148942766564e-02
3.102700000000000000e+04 1.092382280590934229e+00 2.203499762735256981e-02
3.102900000000000000e+04 9.830472357224575575e-01 -2.090437638691628949e-02
3.104300000000000000e+04 8.172558746847649602e-02 -2.673330026420451741e-02
3.104400000000000000e+04 1.002132583060820981e+00 -1.226002657277340119e-01
3.104500000000000000e+04 1.124837246450733463e+00 -7.014416862352278181e-02
3.110300000000000000e+04 6.990966586065729960e-01 -6.198070961497319925e-02
3.110400000000000000e+04 9.383698524661907570e-01 -7.143991269871236005e-02
3.128600000000000000e+04 1.029596482640213084e+00 -6.764871688768454155e-03
3.128900000000000000e+04 9.417292164471967597e-01 -1.370213145874256688e-01
3.130100000000000000e+04 1.319068573339467143e+00 -1.857933774963017592e-01
3.131300000000000000e+04 1.025536339714438139e+00 1.054399456984620731e-01
3.131400000000000000e+04 1.018291327667951274e+00 -1.511075784367446953e-02
3.131500000000000000e+04 1.094223086101447029e+00 2.807940602821986167e-02
3.131700000000000000e+04 9.384361665076770276e-01 3.291514737114118599e-03
3.131800000000000000e+04 1.024716593721780145e+00 -1.836455786532613377e-02
3.131900000000000000e+04 9.672063379494711954e-01 6.593522968174940491e-02
3.132200000000000000e+04 1.031083784701501527e+00 8.361624275864211475e-02
3.132300000000000000e+04 9.902648421752126007e-01 -6.906335792684741015e-02
3.132400000000000000e+04 9.558499480541489124e-01 1.053865450822673161e-01
3.132500000000000000e+04 1.150915684434118846e+00 -1.760562668965743871e-01
3.132600000000000000e+04 1.017614055613530466e+00 9.891208656202005178e-02
3.135000000000000000e+04 9.859491930572173990e-01 1.752882100998486847e-01
3.135100000000000000e+04 1.143441430750055776e+00 1.856082459016966391e-01
3.135200000000000000e+04 1.089583028577209234e+00 1.317560153267050282e-01
3.135300000000000000e+04 1.188783660608180526e+00 5.334372132045112069e-02
3.136000000000000000e+04 1.008935071854138110e+00 -1.341129590471701327e-02
3.138000000000000000e+04 1.002798304597679158e+00 1.873925381227907125e-02
3.138100000000000000e+04 9.184250941440220695e-01 -4.189851367021912160e-02
3.141600000000000000e+04 9.085512250499758746e-01 -5.027726027558368505e-02
3.141700000000000000e+04 9.944980955620554841e-01 -2.810940954808417713e-03
3.142100000000000000e+04 1.141230711147774635e+00 -1.181300499284454880e-01
3.142200000000000000e+04 1.006896114755415850e+00 2.881813316198688843e-02
3.145200000000000000e+04 9.016049101412536571e-01 9.084685602677185223e-02
3.145600000000000000e+04 1.006499865628708523e+00 -4.772370014540384259e-02
3.145700000000000000e+04 9.942903736511947699e-01 -6.181967993908592945e-02
3.145800000000000000e+04 9.614112449859724130e-01 6.039500888973538609e-03
3.145900000000000000e+04 8.773255362197182050e-01 -9.262623659170876600e-02
3.146300000000000000e+04 9.897889712892649072e-01 -6.359660080278677075e-02
3.146400000000000000e+04 9.925120965221977398e-01 -1.942485315282566766e-02
3.149200000000000000e+04 9.918959515391733150e-01 -3.856052347144222486e-02
3.149700000000000000e+04 1.055999665211009964e+00 -5.639890255215638387e-02
3.149800000000000000e+04 9.306599010362451851e-01 -8.193903021452962621e-02
3.150000000000000000e+04 1.004959129329533685e+00 2.590101419644356279e-02
3.150100000000000000e+04 9.898591849918170205e-01 -6.287524844555707204e-02
3.150400000000000000e+04 1.240890773365530109e+00 -1.296575695923835904e-02
3.150500000000000000e+04 9.583950356485159139e-01 -1.666910582984520300e-02
3.152900000000000000e+04 1.003331539185546184e+00 -7.040496529234391287e-02
3.153000000000000000e+04 1.075083622296251873e+00 -4.206313488080855832e-03
3.153100000000000000e+04 1.082099343758347931e+00 3.316756849747376501e-02
3.153200000000000000e+04 9.311568594368048180e-01 -1.158704406285675573e-02
3.157500000000000000e+04 9.804603769612291186e-01 -1.077947006176093597e-02
3.157600000000000000e+04 1.034315629970943062e+00 -5.437106091957361054e-02
3.159100000000000000e+04 9.240020909440282981e-01 3.910815764418314883e-02
3.159200000000000000e+04 9.346916524092658829e-01 -2.250489152095545842e-02
3.161700000000000000e+04 1.055520542566363851e+00 6.739644484074104949e-03
3.161800000000000000e+04 1.025013815669288286e+00 4.446804585913780028e-02
3.161900000000000000e+04 1.033397130269720243e+00 4.406599225621090493e-02
3.166000000000000000e+04 1.027956568525452807e+00 3.919615056457734226e-02
3.166300000000000000e+04 8.280419209649300116e-01 -3.324134711053713248e-02
3.166700000000000000e+04 1.013657733949306694e+00 6.699063716127891255e-02
3.166800000000000000e+04 9.679496771642511765e-01 -3.299178008472940932e-02
3.169300000000000000e+04 7.800298088215885661e-01 -7.325863990659778335e-02
3.169400000000000000e+04 7.759254975237893648e-01 -6.496446473227422691e-02
3.169700000000000000e+04 1.216800882242412785e+00 1.403718265770078494e-02
3.169800000000000000e+04 9.833542365399664531e-01 3.839990985315684668e-02
3.170000000000000000e+04 9.034810987141816963e-01 -3.519102850019377449e-02
3.172300000000000000e+04 1.012467391546681528e+00 1.312692532670424982e-02
3.172400000000000000e+04 9.759741056704570594e-01 3.504963633954564367e-02
3.172600000000000000e+04 8.260455198967392443e-01 -2.676740039131200732e-02
3.175300000000000000e+04 9.934193664874620966e-01 5.116997641081430515e-02
3.175400000000000000e+04 1.037768713027314105e+00 -5.944354698909476084e-03
3.175500000000000000e+04 9.529704710556722302e-01 -3.007062467738624845e-02
3.175600000000000000e+04 8.716229372466167691e-01 -2.782665515818923824e-02
3.175800000000000000e+04 8.415862928428397005e-01 -6.222566954947122975e-02
3.175900000000000000e+04 9.489984438220319118e-01 7.242883705685898045e-03
3.176000000000000000e+04 1.045476630353542991e+00 4.641850715819707818e-02
3.176100000000000000e+04 1.014458221965127027e+00 6.023480267327005477e-02
3.178400000000000000e+04 9.087073079311612789e-01 -4.196933320113475224e-02
3.178500000000000000e+04 9.105900795098431644e-01 -1.298520737551413576e-02
3.179800000000000000e+04 8.823663214418057121e-01 -1.582529142445358514e-02
3.179900000000000000e+04 7.343275103863728948e-01 -1.865588234822979363e-01
3.211500000000000000e+04 8.761091262962170667e-01 1.018050498160365802e-01
3.211600000000000000e+04 1.088348060724757538e+00 7.529679218627033203e-03
3.231700000000000000e+04 9.950319143394666943e-01 1.648936694434926797e-01
3.231800000000000000e+04 1.035890038780575839e+00 4.447475997890647237e-02
3.231900000000000000e+04 8.314317050267648890e-01 -6.118602777606760301e-02
3.232000000000000000e+04 8.037338810753910101e-01 -7.927511035827233821e-02
3.234000000000000000e+04 1.017148837661714822e+00 4.375880807774044229e-03
3.234300000000000000e+04 9.820205199633610382e-01 1.846027209521392820e-01
3.234400000000000000e+04 1.043871037085235320e+00 -9.997875909700883190e-02
3.234500000000000000e+04 8.890149552024978474e-01 -8.458888560939688273e-02
3.234600000000000000e+04 8.039666269378892283e-01 -7.637348889690305509e-02
3.234700000000000000e+04 8.517856833851668030e-01 -5.234896674846516162e-02
3.234800000000000000e+04 9.213156014212487976e-01 4.324018973677733191e-02
3.236600000000000000e+04 9.960193726580474083e-01 -4.161357690451374103e-02
3.236800000000000000e+04 9.764229798217615164e-01 1.552290542216396840e-01
3.236900000000000000e+04 1.063995890206115069e+00 9.537243036204115509e-02
3.237000000000000000e+04 1.036677035353646747e+00 6.137681468290237530e-02
3.237100000000000000e+04 1.054995464683773809e+00 -1.513335225254700510e-02
3.237200000000000000e+04 9.905616170920868990e-01 -5.298828856061729708e-02
3.237300000000000000e+04 9.630921326935141247e-01 -1.032948171714797095e-02
3.239800000000000000e+04 1.056152171533008444e+00 8.747014058705350698e-04
3.239900000000000000e+04 9.850613841646264079e-01 1.198551701633127076e-01
3.240000000000000000e+04 1.124460670487915648e+00 1.544422646613834160e-01
3.240100000000000000e+04 1.043100580248688569e+00 8.557890242599110187e-02
3.240200000000000000e+04 1.070903601940573768e+00 1.130116604699158422e-01
3.240500000000000000e+04 1.036273595115182022e+00 1.172273920345808795e-01
3.240600000000000000e+04 9.929276884752221699e-01 9.715131277652779007e-02
3.240700000000000000e+04 1.014125454623844291e+00 1.033706323972359703e-01
3.240800000000000000e+04 1.062854163648251138e+00 8.896225163628920796e-02
3.242500000000000000e+04 1.136905655996005571e+00 5.816902329067651783e-02
3.242600000000000000e+04 1.043799271182724864e+00 4.180311868210298543e-02
3.242700000000000000e+04 1.142639818243783356e+00 7.461373099783583096e-02
3.242800000000000000e+04 1.084727319975406612e+00 3.779844639558123387e-02
3.242900000000000000e+04 1.086689583003531467e+00 -1.752026798946595965e-02
3.243000000000000000e+04 1.097789563468226648e+00 1.224841267340814541e-02
3.243800000000000000e+04 1.078130519076102800e+00 1.402701826543373276e-01
3.244000000000000000e+04 1.015769818229321109e+00 4.122841041541562557e-02
3.244100000000000000e+04 1.041361000813611382e+00 -1.592369307483590402e-02
3.244200000000000000e+04 9.205690830931596569e-01 -6.445192274972572077e-02
3.244900000000000000e+04 1.080708665413015801e+00 -2.348939575130857063e-02
3.245000000000000000e+04 1.068559265211707521e+00 -5.206359036195142009e-02
3.245100000000000000e+04 1.125850014990219305e+00 3.459420656572729375e-02
3.245200000000000000e+04 1.152041749222670886e+00 4.677250112365906320e-02
3.245300000000000000e+04 1.090888787886085787e+00 4.771949737586243800e-02
3.245400000000000000e+04 1.098255488080080999e+00 2.410932291975950714e-02
3.245800000000000000e+04 1.056056335366802434e+00 1.216772795464218654e-01
3.245900000000000000e+04 1.064019560678660437e+00 1.990702929009390693e-02
3.246300000000000000e+04 9.805704311272219753e-01 1.143476573040915489e-01
3.246400000000000000e+04 1.043025411723934148e+00 5.760749718842499145e-02
3.246500000000000000e+04 9.618125384961160318e-01 -3.130931338280032450e-02
3.246600000000000000e+04 9.573529241031492054e-01 1.714877663263736016e-02
3.246700000000000000e+04 9.345518741853559019e-01 -6.866541571132748177e-03
3.246800000000000000e+04 7.892284349089764284e-01 6.073511229112483513e-03
3.248100000000000000e+04 1.021082710810660377e+00 -1.329819016216726713e-02
3.248200000000000000e+04 1.149171944322789241e+00 8.000880699131419915e-02
3.248300000000000000e+04 9.166365854813182112e-01 -6.225816894850987743e-02
3.248400000000000000e+04 9.526304477792582048e-01 -7.233081601059203336e-02
3.248500000000000000e+04 1.024031272859185382e+00 1.327504385669176640e-02
