2.912200000000000000e+04 1.050507149798341811e+00 -1.038136619329913107e-01
2.912300000000000000e+04 1.031496113370805157e+00 7.300050447499987355e-03
2.912500000000000000e+04 9.876178197217656551e-01 1.161402234618667401e-01
2.912600000000000000e+04 9.432107183636461167e-01 5.764590345722012121e-02
2.914900000000000000e+04 8.261705834985144659e-01 5.059784618410097246e-02
2.915000000000000000e+04 9.066472791079119853e-01 2.391127529584208614e-02
2.915100000000000000e+04 8.523490527712271891e-01 8.213499985285536986e-02
2.915200000000000000e+04 9.825914104945036032e-01 9.240409953204076210e-02
2.915300000000000000e+04 1.183405513139176746e+00 9.989645879390582350e-02
2.915400000000000000e+04 1.087714946289984885e+00 1.549924863049157442e-01
2.915500000000000000e+04 1.031264614763576226e+00 1.785514103647117823e-02
2.915600000000000000e+04 8.930338070744282541e-01 1.052078010397215213e-01
2.915700000000000000e+04 8.037807741074207701e-01 8.188484994836914277e-02
2.917100000000000000e+04 1.033854454301968318e+00 1.074270680273432949e-01
2.917300000000000000e+04 1.056464745829426510e+00 -4.606207521553426498e-02
2.917400000000000000e+04 1.085958193978869613e+00 -5.158098855589544202e-02
2.917500000000000000e+04 1.084239951138412650e+00 1.318705069708839273e-02
2.917600000000000000e+04 1.009292376466847552e+00 3.631647538812281251e-02
2.917700000000000000e+04 1.051135357699784167e+00 -2.276890100546004325e-02
2.917800000000000000e+04 9.825460004433923533e-01 7.291767097267022602e-02
2.921500000000000000e+04 8.980956273852328531e-01 1.944186177259060039e-02
2.927800000000000000e+04 9.189181377726172162e-01 2.842892298861036254e-03
2.927900000000000000e+04 1.039460103416029790e+00 8.799692476864412471e-02
2.928000000000000000e+04 1.263371070470867163e+00 -2.821621571532549437e-03
2.928100000000000000e+04 9.434169307102442392e-01 3.593746863891915562e-04
2.933900000000000000e+04 8.868179993445473031e-01 2.622763181590866133e-02
2.934000000000000000e+04 9.000825008439172770e-01 1.381087658109244609e-01
2.937300000000000000e+04 1.073216909332493474e+00 -2.328309063777898955e-03
2.937400000000000000e+04 1.034172416581959686e+00 -4.140016607617556105e-02
2.938600000000000000e+04 9.941760190508951434e-01 -7.530687925647533768e-04
2.938700000000000000e+04 9.814829881813041945e-01 -6.605997133122854491e-03
2.938800000000000000e+04 9.330687629936470495e-01 2.620503068019256962e-02
2.938900000000000000e+04 1.141354940378008331e+00 -5.745893300501927342e-02
2.942700000000000000e+04 8.674000386105450433e-01 4.310174518038541180e-02
2.942800000000000000e+04 8.841953197023100230e-01 2.052711442546881551e-02
2.942900000000000000e+04 8.795706005660470783e-01 -4.113184575134536808e-02
2.943000000000000000e+04 8.946137661342513647e-01 5.786735318056875077e-02
2.943100000000000000e+04 9.749934845140667550e-01 3.698787486232064936e-02
2.943200000000000000e+04 9.263196053024468357e-01 -1.088092438628451147e-02
2.943300000000000000e+04 9.442362980405394346e-01 -5.520575623230463552e-02
2.943400000000000000e+04 9.235468754678953784e-01 6.859980924085762322e-02
2.944200000000000000e+04 9.790955432934540514e-01 1.171649846647709048e-01
2.944300000000000000e+04 9.555082128037982736e-01 3.682705344013457310e-02
2.944500000000000000e+04 9.702967830470864419e-01 1.450384806477370558e-01
2.944600000000000000e+04 9.818583278943074921e-01 1.449345570721499443e-01
2.944700000000000000e+04 8.780082597285276957e-01 1.270380332533729562e-01
2.944800000000000000e+04 9.294126156305670960e-01 1.617837812210032311e-01
2.944900000000000000e+04 1.004515743221422452e+00 -1.328955354521145146e-02
2.948400000000000000e+04 9.826996222850521434e-01 -7.235237145144807897e-04
2.948500000000000000e+04 1.223130272701714816e+00 8.303157436479891018e-02
2.948600000000000000e+04 9.666257717319498566e-01 -9.117499633330000686e-02
2.948700000000000000e+04 1.030155930390155739e+00 1.207184718748160884e-01
2.948800000000000000e+04 1.017251323317941880e+00 1.692169870964455036e-01
2.948900000000000000e+04 9.790717610725406805e-01 -8.368679216084080885e-02
2.949000000000000000e+04 9.224034686364356306e-01 -3.449787651494467394e-02
2.949100000000000000e+04 1.030612058243118190e+00 6.757164439864767058e-02
2.949200000000000000e+04 9.939730391318136737e-01 4.351893133107739842e-02
2.949300000000000000e+04 9.616659751248340937e-01 8.683727509294048019e-02
2.949400000000000000e+04 9.392035179945419365e-01 7.745979413631481902e-02
2.949500000000000000e+04 8.132978358083839954e-01 2.404067544528972963e-02
2.952200000000000000e+04 1.008916802021131653e+00 -4.231013947149671675e-03
2.952600000000000000e+04 8.596443419864844282e-01 -7.525873700423124646e-02
2.952700000000000000e+04 8.488043856629827744e-01 1.080143454689312943e-01
2.952800000000000000e+04 5.238848601283073725e-01 1.491720129305642573e-01
2.953800000000000000e+04 1.003824555580908884e+00 -2.931604556977548959e-02
2.953900000000000000e+04 9.383446340034496957e-01 -1.184531748096717962e-01
2.954000000000000000e+04 1.052179180823616500e+00 -1.341069376888675765e-02
2.954100000000000000e+04 1.017243867717027683e+00 -1.557949118239334088e-02
2.954200000000000000e+04 1.031290894398284808e+00 2.797184424845377063e-02
2.954300000000000000e+04 9.906372828024292421e-01 1.177398939562352281e-01
2.954800000000000000e+04 1.014554531411204774e+00 5.678239976908586173e-02
2.955300000000000000e+04 1.042738348988173636e+00 -5.500468864960016482e-03
2.955400000000000000e+04 1.064609286419403000e+00 -2.176449179101764067e-02
2.955500000000000000e+04 1.088205606262584668e+00 7.165534757322992998e-02
2.955600000000000000e+04 9.606154759639424778e-01 9.256854316326117160e-02
2.956000000000000000e+04 1.039622322381119846e+00 8.907746446920905559e-02
2.956400000000000000e+04 1.041362479962863130e+00 1.290648750808407186e-01
2.956500000000000000e+04 1.029270479220744550e+00 9.164183494184374723e-02
2.957400000000000000e+04 1.128798393455817894e+00 1.635233840997958321e-01
2.957500000000000000e+04 8.071326376247307532e-01 1.850508703583425840e-01
2.959500000000000000e+04 9.712759318908013029e-01 1.222235383211580928e-01
2.959600000000000000e+04 9.752263896393779108e-01 1.396741032886880673e-01
2.959700000000000000e+04 9.221311442930518743e-01 4.312483370636679275e-02
2.960900000000000000e+04 9.500242615235617860e-01 1.302620862199133263e-02
2.961000000000000000e+04 9.012342287780369388e-01 7.881274844833884019e-02
2.961500000000000000e+04 9.401579985868389056e-01 1.933291148501122686e-02
2.963100000000000000e+04 9.252457209604180166e-01 -5.769300452564165432e-02
2.965800000000000000e+04 8.842514669826564422e-01 -7.076756462559660732e-02
2.965900000000000000e+04 9.497053486421036528e-01 -9.509793091110453622e-02
2.968000000000000000e+04 9.446135884098733060e-01 -8.176059630252877075e-02
2.968100000000000000e+04 9.943235185353050953e-01 -6.720800226653865506e-02
2.968200000000000000e+04 1.048495034823328620e+00 -1.311421891847589600e-03
2.968300000000000000e+04 9.701370227248143907e-01 -6.204749501539978673e-02
2.968400000000000000e+04 1.085428612293810158e+00 -1.129081589737741635e-02
2.969100000000000000e+04 8.777201050026123275e-01 -6.898366042041950696e-02
2.969200000000000000e+04 8.773458889294760699e-01 -6.282266962987395620e-02
2.969300000000000000e+04 1.017554952885084907e+00 8.316269793959493034e-03
2.969500000000000000e+04 1.014346853777222002e+00 5.202917794681476138e-02
2.970300000000000000e+04 8.736850009134239370e-01 -5.009507514942732748e-02
2.970400000000000000e+04 8.973649501284045593e-01 -7.506025457769567588e-02
2.970500000000000000e+04 1.016942250814908189e+00 -1.595980989716478185e-02
2.970600000000000000e+04 1.011413865316255878e+00 -2.967663456152427187e-02
2.970700000000000000e+04 9.579450465382687296e-01 -3.734598941085528340e-02
2.970800000000000000e+04 1.037339749290154378e+00 3.315043418190583707e-02
2.970900000000000000e+04 1.042135469728257657e+00 4.976698394645456824e-02
2.971000000000000000e+04 5.886726634919667855e-01 8.452063812601283421e-02
2.972500000000000000e+04 9.155917877346102518e-01 3.150462421283790893e-02
2.973100000000000000e+04 1.068725425583214816e+00 4.962819375183326331e-02
2.973200000000000000e+04 1.079957501178746782e+00 8.776525052602367205e-02
2.973300000000000000e+04 1.034158384193841984e+00 1.008393398436277927e-01
2.974500000000000000e+04 9.676960633438986825e-01 1.239237222041286862e-01
2.975200000000000000e+04 8.627841010659272891e-01 1.450603304102258406e-01
2.975300000000000000e+04 1.084740257589824619e+00 7.087585105379241857e-02
2.975400000000000000e+04 6.895614994298354672e-01 6.018863661499258139e-02
2.975500000000000000e+04 6.666066260741416727e-01 6.458256917635604721e-02
2.977300000000000000e+04 9.806331056921835376e-01 1.753277690717678916e-01
2.977400000000000000e+04 1.076079692731882309e+00 2.269249060041781882e-02
2.977500000000000000e+04 1.054867842253268462e+00 7.340688035666359523e-02
2.977600000000000000e+04 9.642470932518608651e-01 4.032299328816700557e-02
2.977700000000000000e+04 9.899384957699676191e-01 1.349953802050912754e-01
2.977800000000000000e+04 9.729462850416200626e-01 1.157260834600736393e-01
2.977900000000000000e+04 9.899443497947996162e-01 9.322237581827412523e-02
2.978000000000000000e+04 9.778818396371300459e-01 6.735883490696714659e-02
2.978200000000000000e+04 1.108520793308554797e+00 -2.296914869489655522e-02
2.978300000000000000e+04 1.010765512879078676e+00 7.020060193676129663e-03
2.979100000000000000e+04 7.820351212330698409e-01 -6.914993801522062444e-02
2.979200000000000000e+04 8.551564379050932141e-01 -1.147949368374113627e-01
2.979300000000000000e+04 1.247567179105880664e+00 -2.973672840520963367e-02
2.979400000000000000e+04 1.094108099259812672e+00 8.538795929727853451e-02
2.979500000000000000e+04 9.768008145989589552e-01 1.400309956260837041e-01
2.979600000000000000e+04 8.920949216130720227e-01 1.225542660771637010e-01
2.979700000000000000e+04 9.524824944342609179e-01 5.486323133480514730e-02
2.979800000000000000e+04 9.623801207461477603e-01 1.131423151242501590e-01
2.979900000000000000e+04 9.341788911448938304e-01 1.077192710806940401e-01
2.980000000000000000e+04 9.323575927319787127e-01 1.039276978384581357e-01
2.980100000000000000e+04 1.016271256342034413e+00 7.043232722179756933e-02
2.980200000000000000e+04 1.133517860062876581e+00 5.955706723753682180e-02
2.980800000000000000e+04 8.059091307273197335e-01 1.581909845683078519e-01
2.981600000000000000e+04 9.542754766220939988e-01 7.738625615128641444e-02
2.981700000000000000e+04 9.278114870242114565e-01 9.891062934498573433e-02
2.981800000000000000e+04 9.849271388686692275e-01 7.407142073212162614e-02
2.981900000000000000e+04 9.980953695501868506e-01 3.822399308972583565e-02
2.982000000000000000e+04 1.004485209600690654e+00 1.041848868275254414e-01
2.982100000000000000e+04 1.041261039544836731e+00 -1.641330704307968416e-02
2.983700000000000000e+04 8.644455193341538113e-01 1.204306502626457387e-01
2.984200000000000000e+04 8.493165777515544468e-01 1.955094748366885682e-01
2.984300000000000000e+04 1.108000099249366377e+00 -1.431754695074676474e-02
2.984400000000000000e+04 1.000573933166763352e+00 8.093135781264834683e-02
2.984600000000000000e+04 8.978771360306626592e-01 -6.240818672974090923e-03
2.985000000000000000e+04 8.250480078218151991e-01 1.498169741862429849e-01
2.985200000000000000e+04 7.983192666743141874e-01 -5.443044378932784810e-02
2.985300000000000000e+04 9.501274117138069908e-01 7.697871266070460683e-02
2.985400000000000000e+04 1.049662702376533696e+00 4.137403467639425014e-03
2.985500000000000000e+04 1.006733614473446892e+00 3.263021914723066019e-03
2.985800000000000000e+04 9.508811108118020439e-01 -1.480357214079448987e-02
2.987300000000000000e+04 5.777113020687767442e-01 -2.724414252906933939e-02
2.987400000000000000e+04 8.301820851363092002e-01 1.572671333945839869e-02
2.987500000000000000e+04 8.175292457847782579e-01 -1.371629018391725720e-02
2.987600000000000000e+04 7.348908430134163394e-01 -1.112796628881251026e-01
2.987700000000000000e+04 7.442015803812901398e-01 1.025104722606872201e-02
2.987800000000000000e+04 6.700089302863529994e-01 -6.692305652415678208e-02
2.987900000000000000e+04 8.240265867697247337e-01 2.159489111816152718e-02
2.988300000000000000e+04 9.092971658350861297e-01 1.209623423935086983e-01
2.988500000000000000e+04 9.549116066264599079e-01 1.572070445289888985e-01
2.988600000000000000e+04 8.220232006051328977e-01 -5.261776195641830467e-02
2.988700000000000000e+04 8.346134294598805958e-01 -6.947093670095064177e-02
2.990800000000000000e+04 9.645715810687729430e-01 8.750810863213762114e-02
2.990900000000000000e+04 1.031603770992015612e+00 7.540938670615801587e-02
2.991000000000000000e+04 9.357561574634720714e-01 -5.640147012668985521e-03
2.991100000000000000e+04 8.016789476499835976e-01 -4.261466901503189325e-02
2.995400000000000000e+04 1.009380671996439327e+00 9.044054494529496502e-02
2.995500000000000000e+04 9.290068038349819091e-01 -1.769782004073514048e-02
2.995600000000000000e+04 9.690760328547153302e-01 2.132112768256326160e-02
2.996200000000000000e+04 7.789928715786893498e-01 -1.854943221842953946e-02
2.996300000000000000e+04 9.495324904300436186e-01 3.766328526912539332e-02
3.001100000000000000e+04 8.389204161700389850e-01 1.483545129008512764e-01
3.001200000000000000e+04 7.103986292605976027e-01 1.165432499753198542e-01
3.001300000000000000e+04 6.255888334370621751e-01 8.039047390080957672e-03
3.001400000000000000e+04 6.353642386706069844e-01 -7.752349190837767856e-02
3.001600000000000000e+04 7.635757131754287164e-01 1.658136098267941339e-01
3.001700000000000000e+04 2.860076795306384367e-01 -2.186968486563241609e-01
3.001900000000000000e+04 9.454134165967950088e-01 1.995120011911417218e-02
3.002000000000000000e+04 9.724947329731732371e-01 2.282936346833387350e-02
3.003100000000000000e+04 8.153188596904158425e-01 -7.100777890839607420e-02
3.003700000000000000e+04 9.392732607484514107e-01 -4.900786253180728497e-02
3.004300000000000000e+04 8.783029059302688291e-01 3.629653617434736024e-02
3.004400000000000000e+04 9.072529420622509333e-01 2.198707565484817328e-01
3.004500000000000000e+04 8.189015843319716881e-01 -7.365088880087443390e-02
3.004700000000000000e+04 1.008116311554475786e+00 -6.862171119599230762e-02
3.005900000000000000e+04 9.599788814173964013e-01 2.284005134335091378e-02
3.006400000000000000e+04 6.170085131149884994e-01 7.310525995656239062e-02
3.006500000000000000e+04 5.810076082404669329e-01 -5.965806484858937608e-02
3.015100000000000000e+04 7.305425738661265322e-01 -1.063121062949433544e-02
3.016600000000000000e+04 1.002820837438797685e+00 -9.826335755050509546e-02
3.016700000000000000e+04 9.623121708649596817e-01 8.614579306877670484e-02
3.019600000000000000e+04 9.064022645997388272e-01 -1.724260196094774128e-02
3.019700000000000000e+04 6.342915716995289888e-01 2.674789418595991883e-02
3.019800000000000000e+04 9.559174334345172941e-01 1.471397290545362058e-02
3.021700000000000000e+04 9.754849913561705055e-01 -8.980474586053398267e-02
3.021800000000000000e+04 8.521022615565576608e-01 6.602836233090828011e-02
