4.792000000000000000e+04 1.081646552751311496e+00 -3.386012034111578889e-03
4.792100000000000000e+04 9.635220353298438178e-01 -6.831951622373712285e-02
4.792200000000000000e+04 1.144950059145554588e+00 2.701084804922306362e-02
4.792300000000000000e+04 1.071470691198157299e+00 -1.398012891839090811e-02
4.792400000000000000e+04 1.050196861661593983e+00 7.715404945325311792e-02
4.794200000000000000e+04 9.608681948856767630e-01 -1.176206073307408950e-01
4.794300000000000000e+04 1.026361756315599782e+00 -6.509790543959693976e-02
4.794400000000000000e+04 1.014165447149149912e+00 -3.997829909605223053e-02
4.794500000000000000e+04 9.325626116887517636e-01 -6.042618897853093557e-02
4.794600000000000000e+04 9.956470066523488427e-01 -1.491874415643474061e-01
4.794700000000000000e+04 9.636863659322050246e-01 -5.128454682233380552e-02
4.794800000000000000e+04 1.087391215789267118e+00 -1.528784087334016106e-01
4.794900000000000000e+04 9.884767463682569977e-01 -8.720186182577355227e-02
4.795000000000000000e+04 1.063157109895709329e+00 -1.721647536696321867e-02
4.795100000000000000e+04 1.046164323545671682e+00 -1.403789735660068150e-01
4.795200000000000000e+04 1.028206175716400050e+00 -1.617751538883596130e-01
4.795300000000000000e+04 1.103314713281352999e+00 -6.370581552507080525e-02
4.795400000000000000e+04 1.080574616879342198e+00 -8.181868217669556465e-02
4.795500000000000000e+04 1.034620306002934642e+00 -7.969865266771131163e-02
4.795600000000000000e+04 1.171613082308453180e+00 -1.016294715137516652e-01
4.797000000000000000e+04 1.152328438058098925e+00 -4.752858018730737877e-02
4.797100000000000000e+04 1.079296313034037613e+00 -1.804352168763629846e-02
4.797200000000000000e+04 1.079118734354574283e+00 -1.063869712951548974e-01
4.797300000000000000e+04 1.040974006154577358e+00 -7.805915533485845159e-02
4.797400000000000000e+04 1.071570554818702226e+00 -9.544213960637125405e-02
4.797500000000000000e+04 1.028768089954195553e+00 -7.528455983132470442e-02
4.797600000000000000e+04 1.003597201108724635e+00 -1.368147673669241060e-01
4.797700000000000000e+04 1.110072016223630165e+00 -8.099506799082975550e-02
4.797800000000000000e+04 1.159523254137333925e+00 -1.339176409501344756e-01
4.797900000000000000e+04 1.076495413098475629e+00 -1.488461309233345409e-01
4.798100000000000000e+04 1.236979095964832132e+00 -1.527212925386416953e-01
4.798200000000000000e+04 1.160912925417147079e+00 -6.512031522849098808e-02
4.798300000000000000e+04 1.398677935382887982e+00 -1.188587016192418772e-01
4.798400000000000000e+04 1.192949940145522358e+00 -2.954772271477926204e-02
4.800000000000000000e+04 1.315942052464443623e+00 4.307997005897905296e-02
4.800100000000000000e+04 1.087818560850517313e+00 -2.125715505236666081e-01
4.800200000000000000e+04 1.002475834652666320e+00 -9.698546207465837121e-02
4.800300000000000000e+04 1.052116486923040384e+00 -1.360256366666952599e-01
4.800400000000000000e+04 1.099845602461192895e+00 -1.860902827487141420e-01
4.800500000000000000e+04 1.120662965908691744e+00 -1.010995393403891635e-01
4.800600000000000000e+04 1.061371771530324803e+00 -1.754739239304851650e-01
4.800700000000000000e+04 1.007090482542746024e+00 -7.276122301699416983e-02
4.800800000000000000e+04 1.089411451716121748e+00 -1.431191011775144739e-01
4.800900000000000000e+04 1.051100604797251092e+00 -1.727488905763276683e-01
4.801000000000000000e+04 1.068919739368592525e+00 -5.246061949525589185e-02
4.802800000000000000e+04 1.125430900794819999e+00 -9.273526724639774566e-02
4.802900000000000000e+04 1.121584962371979355e+00 -1.173962930625290502e-01
4.803000000000000000e+04 9.122164901832995332e-01 -2.182478215471096994e-01
4.803200000000000000e+04 1.086115263771805894e+00 -6.116203978813811171e-02
4.803300000000000000e+04 1.129467679491907406e+00 -1.339719056375151263e-01
4.803400000000000000e+04 1.018190630312659550e+00 -1.851424530147298408e-02
4.803500000000000000e+04 1.205051197980238964e+00 -3.829759080204142574e-02
4.803600000000000000e+04 1.144689419839350242e+00 6.306319529812452057e-03
4.803700000000000000e+04 1.143123820139769320e+00 -6.541078784395881751e-02
4.803800000000000000e+04 1.151211617505039975e+00 5.104245557953934059e-02
4.805300000000000000e+04 1.021475302033682198e+00 -9.959717165258008542e-02
4.805400000000000000e+04 1.071018020241238711e+00 9.803045998967724328e-03
4.805500000000000000e+04 1.205819106825564146e+00 -1.341110022354471965e-01
4.805600000000000000e+04 1.094412071336418713e+00 -6.427438124438389355e-02
4.805700000000000000e+04 1.120298800728066313e+00 -4.204873404231959655e-02
4.805800000000000000e+04 1.087390693719571200e+00 -1.407359105822176548e-01
4.805900000000000000e+04 1.071354233982518611e+00 -1.304497293586774076e-01
4.806000000000000000e+04 1.161530792483137731e+00 -6.304980021031360293e-02
4.806100000000000000e+04 1.111051645181538650e+00 -7.955484148158917246e-02
4.806200000000000000e+04 1.069122351620835021e+00 -1.141244207251732729e-01
4.810700000000000000e+04 1.041490465644571151e+00 -5.638168178489572080e-02
4.810800000000000000e+04 1.095214339689975391e+00 -1.534239052443004403e-01
4.811000000000000000e+04 1.419729490831802110e+00 -1.345982667572091784e-01
4.817200000000000000e+04 1.207819447656538703e+00 -1.042901883943949254e-01
4.817300000000000000e+04 1.141996108640514596e+00 -3.635546530537094034e-02
4.820400000000000000e+04 9.966955299204591778e-01 3.649417606710628204e-02
4.825800000000000000e+04 1.004559958310305312e+00 -2.733054158828196814e-02
4.825900000000000000e+04 9.443471010446355951e-01 -4.458555164314051411e-02
4.826000000000000000e+04 1.047539345981145287e+00 -3.541955192097383937e-02
4.826100000000000000e+04 8.814030244346618970e-01 -1.077451571843714706e-01
4.827300000000000000e+04 1.013671968817070113e+00 5.101159512693050763e-02
4.827400000000000000e+04 9.619406238355260319e-01 -1.328632927108093775e-01
4.827500000000000000e+04 1.003123604267239566e+00 -2.311264266223225089e-02
4.827600000000000000e+04 1.058720536058055606e+00 5.931988473709071119e-02
4.827700000000000000e+04 1.061169080243161700e+00 5.783489016974438512e-02
4.829100000000000000e+04 9.851227338907513342e-01 6.406538097028730006e-02
4.829300000000000000e+04 1.003616252765111794e+00 -6.858895539553305776e-02
4.829400000000000000e+04 9.798242325321667723e-01 -1.673672506539344157e-02
4.829500000000000000e+04 1.098514898967048792e+00 -4.264080427073659030e-02
4.829600000000000000e+04 1.059147199938299089e+00 1.342971278461226603e-01
4.829700000000000000e+04 1.068612828343014076e+00 -1.857825269662385648e-01
4.831300000000000000e+04 1.063230822465675240e+00 -2.113163233383206357e-02
4.831400000000000000e+04 9.814264705846075243e-01 -1.058174495740412113e-01
4.831500000000000000e+04 9.139386019502351299e-01 -9.421993596085609379e-02
4.831600000000000000e+04 1.036841011698317327e+00 -1.599601288832784227e-02
4.831700000000000000e+04 1.093631132760122915e+00 2.958282844130034894e-02
4.831800000000000000e+04 9.664548675525680421e-01 -1.671274498544716713e-01
4.831900000000000000e+04 1.035766372367028954e+00 -3.993060703094843816e-02
4.832000000000000000e+04 1.064752771365070627e+00 -2.646206956862400331e-02
4.833300000000000000e+04 9.168981849128527983e-01 1.760318634904980278e-02
4.833400000000000000e+04 1.034807631396602368e+00 -6.312211770333471528e-02
4.833500000000000000e+04 1.038436571770388062e+00 -1.335487103289386968e-01
4.833600000000000000e+04 9.501236707948449434e-01 2.152260680075206503e-02
4.833700000000000000e+04 1.105450559797741983e+00 -8.284418042395061410e-02
4.833800000000000000e+04 1.063964408257235261e+00 -4.558149104938380436e-02
4.833900000000000000e+04 1.073684441966635816e+00 5.420052280766683717e-02
4.834000000000000000e+04 1.027581887598988608e+00 -1.165715677848779414e-01
4.834100000000000000e+04 1.022840161226452604e+00 -4.021721683287097365e-02
4.834200000000000000e+04 1.052528963695712916e+00 -3.155705754697423621e-02
4.834400000000000000e+04 9.595651064321444323e-01 2.354347167623503309e-02
4.834500000000000000e+04 1.066929198607767360e+00 1.630947836236332910e-02
4.835200000000000000e+04 8.493594521287707311e-01 -6.936068472299325438e-02
4.835300000000000000e+04 8.610171940592544759e-01 -5.704677644927742819e-02
4.835400000000000000e+04 8.998411401673687138e-01 7.560686190940454909e-02
4.835500000000000000e+04 1.005204284046447682e+00 -1.476724050917888331e-01
4.835900000000000000e+04 1.029359134700391420e+00 -4.052061331520854376e-02
4.836000000000000000e+04 1.047563889832815232e+00 -4.951570062467812450e-02
4.836100000000000000e+04 1.028506698749226400e+00 -2.099730969550512444e-02
4.836200000000000000e+04 1.043800752425962486e+00 -9.323804067903290749e-02
4.838600000000000000e+04 1.027851485262426090e+00 1.438771925284894164e-02
4.838700000000000000e+04 9.037810548502818175e-01 -4.674586464006876690e-02
4.838800000000000000e+04 9.577256625420562663e-01 -5.258004097408023464e-02
4.838900000000000000e+04 1.141851900506262618e+00 -3.314238232635961096e-02
4.839000000000000000e+04 1.113708285824441813e+00 -3.623170278690635709e-02
4.839100000000000000e+04 1.044300901972277984e+00 -4.674651584694467649e-02
4.839200000000000000e+04 1.139595540355406778e+00 -4.061629016867228381e-02
4.839300000000000000e+04 1.121970746223506676e+00 -1.164867592172385558e-01
4.839400000000000000e+04 1.079843088224318182e+00 -3.174995618066848296e-02
4.839500000000000000e+04 1.002551549003130038e+00 -2.409581558075642865e-02
4.839600000000000000e+04 1.039382521463070974e+00 -2.079896555729369295e-02
4.839700000000000000e+04 9.897337824592520317e-01 -7.101086045456156404e-02
4.839800000000000000e+04 9.369881396778391158e-01 -6.355605999707024389e-02
4.841200000000000000e+04 1.271780712717142769e+00 -5.630730087437424425e-02
4.841300000000000000e+04 1.020574932577962501e+00 -6.555029427036485057e-02
4.841400000000000000e+04 9.322955994581109129e-01 -8.360703146456019419e-02
4.841500000000000000e+04 1.090906864486899552e+00 -5.703704169208037578e-02
4.841600000000000000e+04 1.119849768054371308e+00 -2.123914689828033248e-02
4.841800000000000000e+04 9.913394565671361791e-01 -4.409295290874302997e-02
4.841900000000000000e+04 1.088533729827544816e+00 -1.365861726212300176e-01
4.842000000000000000e+04 1.006980740348323966e+00 -1.377726977404358094e-03
4.842100000000000000e+04 9.846603133501482530e-01 -9.024545810651379840e-02
4.842200000000000000e+04 1.004086091691598792e+00 -5.004390366442208055e-02
4.842300000000000000e+04 1.027706665413722797e+00 -3.451982153689731742e-02
4.842400000000000000e+04 9.433731338735144023e-01 -1.707286455448950649e-02
4.842500000000000000e+04 9.035806236145356163e-01 1.444763880767863939e-01
4.842600000000000000e+04 1.272221543965873281e+00 -1.882218805331851638e-02
4.843500000000000000e+04 1.054827965086112762e+00 4.837101750921742049e-02
4.843600000000000000e+04 1.018889437053717817e+00 -8.204039056044774847e-02
4.843700000000000000e+04 8.968742591611922332e-01 -8.605830549848457467e-02
4.843800000000000000e+04 9.983504654537572742e-01 -2.915851412846587679e-02
4.843900000000000000e+04 1.077749420416558745e+00 -5.170214753516647055e-02
4.844000000000000000e+04 1.048243770973475764e+00 -1.091581656858714791e-02
4.844100000000000000e+04 1.026810975374114587e+00 -3.409030395750392572e-02
4.844200000000000000e+04 1.026915507958537477e+00 2.688070608576751536e-02
4.844300000000000000e+04 9.777689406124108196e-01 -6.723798980274961479e-02
4.844400000000000000e+04 9.841118802900201690e-01 -1.790662394679436720e-01
4.844500000000000000e+04 1.013059907540645899e+00 9.363471433421144408e-03
4.844600000000000000e+04 1.041776569241491979e+00 -1.935060736704533046e-02
4.844700000000000000e+04 9.966351362749992226e-01 -3.985147921930108639e-02
4.844800000000000000e+04 1.084695430393720850e+00 3.674318509808741865e-03
4.844900000000000000e+04 1.049768734900754064e+00 3.786302642531089169e-03
4.845900000000000000e+04 7.963196408637032153e-01 1.837348488273953667e-02
4.846000000000000000e+04 1.044981822039081187e+00 -7.937849257771555089e-02
4.846100000000000000e+04 1.234700867862669860e+00 1.058716845623188310e-02
4.846200000000000000e+04 1.007311821198892066e+00 -6.829674002154992318e-02
4.846300000000000000e+04 9.666139913125324501e-01 -5.462543815259374158e-02
4.846400000000000000e+04 1.075543045653020613e+00 -2.254222478361335436e-02
4.846500000000000000e+04 1.094911988106535228e+00 1.335568156683479384e-02
4.846700000000000000e+04 1.015052544766952947e+00 -3.224588137784459990e-02
4.846800000000000000e+04 1.101027472850945044e+00 -6.384432320061284027e-02
4.846900000000000000e+04 1.086062863782782273e+00 -1.335856556645782095e-02
4.847000000000000000e+04 1.002207378382082403e+00 -1.287612442708959137e-01
4.847100000000000000e+04 1.014352237079731545e+00 7.064383920396583028e-02
4.847200000000000000e+04 1.052544043343476066e+00 -3.340945419029229396e-02
4.847500000000000000e+04 1.064823719341910779e+00 -9.700191476156926756e-03
4.847600000000000000e+04 1.025791268160969327e+00 4.683461325342766490e-02
4.848500000000000000e+04 9.728226253411316193e-01 -7.450720271962246732e-02
4.848600000000000000e+04 1.141237287343093820e+00 -3.496579706491433071e-02
4.848700000000000000e+04 9.735911420644787206e-01 -1.442692126347721107e-02
4.848800000000000000e+04 1.119057277699562203e+00 -2.453081149237968089e-03
4.848900000000000000e+04 1.080355506798176268e+00 1.682970110247563114e-02
4.849000000000000000e+04 1.123232939480770964e+00 -6.914047487360302710e-03
4.849100000000000000e+04 1.126388692078171827e+00 -5.930983245302835077e-02
4.849200000000000000e+04 1.037642142314100457e+00 -5.896847333166779781e-02
4.849300000000000000e+04 1.152656024033205773e+00 -6.649738327891709100e-02
4.849400000000000000e+04 1.073764542489738627e+00 -3.121248471358614371e-02
4.849500000000000000e+04 1.089458442702016638e+00 -9.153196662065932188e-02
4.849600000000000000e+04 1.127646730258733188e+00 -5.710861733124376893e-02
4.849700000000000000e+04 9.573360655344629322e-01 6.616259668028137697e-02
4.849800000000000000e+04 1.124723727350967595e+00 -4.978359653836291615e-02
4.849900000000000000e+04 1.124461710708190232e+00 5.625552927292869904e-02
4.850000000000000000e+04 1.121215329290809359e+00 -5.233969401033543994e-02
4.850100000000000000e+04 9.798634163942223640e-01 6.324220763881892304e-02
4.850900000000000000e+04 9.604159160616103641e-01 -9.205347263660113022e-02
4.851000000000000000e+04 9.601276602924400105e-01 -1.710255487889216289e-02
4.851100000000000000e+04 9.854809700837193764e-01 -6.068722540250540143e-02
4.851200000000000000e+04 9.800331747754105205e-01 -4.943551148126179573e-02
4.851300000000000000e+04 1.044363665604100211e+00 -1.630643723894487362e-01
4.851400000000000000e+04 1.011283923729851209e+00 -5.066588648552632079e-02
4.851600000000000000e+04 9.432996135747980793e-01 -1.137831705483306616e-01
4.851700000000000000e+04 1.047355181155492421e+00 -1.431424612337869606e-01
4.853500000000000000e+04 8.822058455939250088e-01 -9.182897091450405169e-02
4.853600000000000000e+04 1.079666016872596002e+00 -1.889064805261310084e-02
4.856500000000000000e+04 8.694635810915705143e-01 -6.062250809522219674e-02
4.856600000000000000e+04 1.037483220618985458e+00 5.230093886510950307e-02
