1.021840000000000000e+05 1.138293483542554219e+00 2.820346331025716524e-02
1.021870000000000000e+05 9.948559981456095436e-01 1.657207381608071239e-01
1.022090000000000000e+05 9.852730829674030133e-01 -2.100435800595499072e-03
1.022110000000000000e+05 1.162888644911225011e+00 -7.756910519730693919e-03
1.022360000000000000e+05 8.663382047326319002e-01 -1.911396489856866457e-02
1.022380000000000000e+05 1.039278699952066454e+00 3.163176892013652708e-02
1.022440000000000000e+05 1.169123886912797339e+00 8.137091884553869503e-02
1.022900000000000000e+05 9.410567478145419607e-01 -2.095780920430959787e-02
1.024260000000000000e+05 1.029283627155770597e+00 9.841744072131113075e-02
1.024270000000000000e+05 1.042997044195904444e+00 9.255823973299466545e-02
1.024290000000000000e+05 1.030107982819453261e+00 1.159332629466075376e-01
1.024320000000000000e+05 1.035598593189235972e+00 3.033706410955500782e-02
1.024760000000000000e+05 1.022982870256724519e+00 -7.481618871078452027e-02
1.028850000000000000e+05 1.043773934959400629e+00 1.611114076678845375e-01
1.029900000000000000e+05 1.169406023481102563e+00 1.214258264207814103e-01
1.029930000000000000e+05 1.291142217240173862e+00 5.514428739563175669e-02
1.029940000000000000e+05 1.121048046963540434e+00 4.327640305140272731e-02
1.030190000000000000e+05 1.223585851292944504e+00 1.474977251538523160e-01
1.030200000000000000e+05 1.056320764151463365e+00 1.247880554337147951e-01
1.030220000000000000e+05 1.120080954607549417e+00 9.988470859868453511e-02
1.030530000000000000e+05 1.227141117922031510e+00 1.387956639834686187e-02
1.030550000000000000e+05 1.039181820002511358e+00 3.654093405341454076e-02
1.030560000000000000e+05 1.225684557712079181e+00 6.680194171803720271e-02
1.030570000000000000e+05 1.047864671549523674e+00 1.359428261820999351e-01
1.030610000000000000e+05 1.139185582305024758e+00 1.316629884212431323e-01
1.030950000000000000e+05 1.190499710626574004e+00 1.775855397162095228e-01
1.030960000000000000e+05 1.166529288394719366e+00 1.109147060130014212e-01
1.030970000000000000e+05 1.239039338275248703e+00 8.762199808441419047e-02
1.030980000000000000e+05 1.077183870599283555e+00 8.811929431075992206e-03
1.031010000000000000e+05 5.815311958776901990e-01 4.181149656809866888e-02
1.031040000000000000e+05 1.114058587441339343e+00 2.954745231303623418e-02
1.031070000000000000e+05 8.427289670695508050e-01 1.826423875453201950e-01
1.032890000000000000e+05 1.002119498056800451e+00 1.422019982824150874e-01
1.036980000000000000e+05 1.068611162068303200e+00 3.596308822673030276e-03
1.038040000000000000e+05 1.070409952360562356e+00 2.333226983857574280e-02
1.038480000000000000e+05 1.035092826948271538e+00 2.880440230754068021e-02
1.038490000000000000e+05 9.608883649566116736e-01 6.303744404613868813e-02
1.039620000000000000e+05 7.799036816488117418e-01 -1.340936628413035292e-01
1.042260000000000000e+05 1.110158299360045620e+00 1.290995197793859128e-01
1.042280000000000000e+05 7.300016108474068899e-01 -1.587626536400351673e-01
1.042300000000000000e+05 1.068542195827830943e+00 1.023284935265031809e-01
1.042310000000000000e+05 1.021534028654635273e+00 1.950958215252101766e-02
1.042320000000000000e+05 1.048050842144430561e+00 1.125433024808850380e-01
1.042330000000000000e+05 9.982131632280188960e-01 9.318897377299600882e-02
1.042340000000000000e+05 1.258993792172017345e+00 7.327068617978908793e-02
1.042370000000000000e+05 1.057622204172691482e+00 9.224994961404243965e-02
1.042390000000000000e+05 1.033756083289234295e+00 1.560120201747942081e-01
1.042410000000000000e+05 1.067633110412762099e+00 1.087584330801381338e-01
1.042430000000000000e+05 8.407043139740860704e-01 1.180200248296740528e-01
1.042450000000000000e+05 9.885826665634970256e-01 1.250484297771938536e-01
1.045530000000000000e+05 1.149715379234915291e+00 6.116030542002669212e-02
1.045550000000000000e+05 1.052899765637263840e+00 4.153691870951453646e-02
1.045580000000000000e+05 1.148922339434047091e+00 6.352748151846623892e-02
1.045600000000000000e+05 1.131829676848456590e+00 1.316953696015572273e-01
1.045620000000000000e+05 1.112757711539865246e+00 1.258977733217828410e-01
1.045640000000000000e+05 1.197001470098782105e+00 1.079955343808507440e-01
1.045960000000000000e+05 1.076597513065720824e+00 1.050002021625955767e-01
1.045980000000000000e+05 1.151044896678000917e+00 8.593322093763226810e-02
1.046000000000000000e+05 1.171766604140592527e+00 8.119086832065759707e-02
1.046020000000000000e+05 1.195169321966293774e+00 1.058471798865670277e-01
1.046310000000000000e+05 1.172869146047645694e+00 8.973081315009581727e-02
1.046330000000000000e+05 1.068724753269648886e+00 1.378161421773569928e-01
1.048850000000000000e+05 1.060760335959776368e+00 9.128277439103592295e-02
1.048870000000000000e+05 1.239915010877544743e+00 1.876083516530109296e-01
1.050040000000000000e+05 1.044437548306813346e+00 8.084688298448571009e-02
1.050530000000000000e+05 1.140301958547902839e+00 1.203631847770426921e-01
1.050560000000000000e+05 1.271981811380869187e+00 1.968220554778241094e-01
1.050630000000000000e+05 9.419998401074403116e-01 6.809468558753484224e-02
1.050650000000000000e+05 1.053715559415017822e+00 -1.272206474104350775e-02
1.050670000000000000e+05 1.101247812025590633e+00 1.398620214523833283e-01
1.050780000000000000e+05 1.256019484847836987e+00 2.014742003180001462e-01
1.050810000000000000e+05 1.046787735815660758e+00 9.721191786077720831e-02
1.050820000000000000e+05 1.276179267022455432e+00 9.115200722407325318e-03
1.050830000000000000e+05 9.130143810243408486e-01 -1.388372949043926163e-01
1.051550000000000000e+05 1.285694198819135936e+00 2.630992189937854664e-01
1.051710000000000000e+05 1.217383331345516018e+00 4.095198172695816569e-02
1.051730000000000000e+05 1.144114355347974676e+00 -4.161883207067743930e-03
1.051740000000000000e+05 1.101105086292681445e+00 1.054239352660907708e-01
1.051750000000000000e+05 1.080926343398669998e+00 2.766295638197315693e-02
1.051760000000000000e+05 1.082083791760929836e+00 7.576059443127114434e-02
1.051770000000000000e+05 1.049630526931510266e+00 4.572673594088765003e-02
1.051780000000000000e+05 9.705609640391430482e-01 9.787492757680864297e-02
1.051790000000000000e+05 9.771136666518709379e-01 2.567235965874541809e-02
1.051800000000000000e+05 1.042215454147693343e+00 5.189433073413272229e-02
1.051810000000000000e+05 8.674668226422415085e-01 -1.079460137467921216e-01
1.051820000000000000e+05 9.315819642207345819e-01 -1.190363356307418408e-01
1.052470000000000000e+05 1.093752755237346497e+00 1.014249258329901204e-01
1.052480000000000000e+05 1.054275242442662464e+00 8.612820608884642903e-02
1.052490000000000000e+05 1.110642719124602884e+00 6.136389374599725277e-02
1.052500000000000000e+05 1.054206592052370883e+00 1.516302052721033300e-01
1.052510000000000000e+05 8.310486964474314009e-01 6.087053397824282452e-02
1.052520000000000000e+05 9.738514391141424031e-01 1.111293755664044952e-01
1.052540000000000000e+05 1.047384383820249676e+00 1.141407943339053377e-01
1.052550000000000000e+05 1.007193727582764486e+00 -5.523973054264534437e-03
1.052920000000000000e+05 1.124746368656005524e+00 1.458223220246679386e-01
1.053280000000000000e+05 1.131010221512038116e+00 1.013294399993739103e-01
1.053320000000000000e+05 1.150302340466588857e+00 9.700825762536753605e-02
1.053350000000000000e+05 1.104842117394549739e+00 4.947826605619069784e-02
1.053370000000000000e+05 1.191795238224243159e+00 1.252568143147944346e-01
1.053410000000000000e+05 1.334677608729450959e+00 1.701480024430265525e-01
1.053430000000000000e+05 8.694812990660538699e-01 -7.879651727146943022e-03
1.053760000000000000e+05 9.718264417041864167e-01 1.593234234428676788e-01
1.053790000000000000e+05 1.017665533409830791e+00 6.310415272712398271e-02
1.053810000000000000e+05 1.128529747959543750e+00 4.746101820847510588e-02
1.053830000000000000e+05 1.088810462817818570e+00 7.686900865531051674e-02
1.054240000000000000e+05 1.055544767982842913e+00 6.423527900154134274e-02
1.057540000000000000e+05 1.150504519278808813e+00 2.827225934083746686e-02
1.058050000000000000e+05 1.105393323937124528e+00 1.526696710544070412e-01
1.058120000000000000e+05 1.035274184349847193e+00 1.510869021052486383e-01
1.058130000000000000e+05 1.055975890350549395e+00 1.594620902047816646e-01
1.058150000000000000e+05 1.101463320774482391e+00 1.501658353966974502e-01
1.058160000000000000e+05 1.081877055152468792e+00 9.598112784424055882e-03
1.058440000000000000e+05 1.241388221688500604e+00 8.977949410124390350e-02
1.058460000000000000e+05 1.170520826806553005e+00 6.070972202950810498e-02
1.058480000000000000e+05 1.066767211584936925e+00 9.950597687154040527e-02
1.058500000000000000e+05 1.034916097943116009e+00 1.493617019699695903e-01
1.058520000000000000e+05 1.186181172346665980e+00 7.788703473016478362e-02
1.058530000000000000e+05 9.910742297648127419e-01 -6.419170373683284747e-02
1.058560000000000000e+05 1.088160298665295178e+00 3.895685338061206926e-02
1.058570000000000000e+05 9.746215181013304640e-01 5.483054576537295388e-02
1.058590000000000000e+05 9.888497602922792229e-01 9.978506041629930934e-02
1.058600000000000000e+05 9.970741696905831564e-01 -2.207130126958634087e-02
1.058940000000000000e+05 1.064654907413728369e+00 1.702350245969399822e-01
1.058960000000000000e+05 1.070538698454757798e+00 5.960795423165329149e-02
1.058980000000000000e+05 1.034833031819261340e+00 1.014333747780964273e-01
1.059000000000000000e+05 1.013956723592633669e+00 1.039903627876245101e-01
1.059020000000000000e+05 9.616376251569905831e-01 8.253726774818771761e-02
1.059040000000000000e+05 1.090762012761910205e+00 1.066676065927510547e-01
1.059230000000000000e+05 1.044415711073452879e+00 1.920435432591759140e-01
1.059510000000000000e+05 1.342607855674969208e+00 2.119640169236069460e-01
1.059550000000000000e+05 1.134943278247798393e+00 1.015432546462911034e-01
1.059590000000000000e+05 1.013831653490885332e+00 1.407626408275826635e-01
1.059620000000000000e+05 1.016534211197641868e+00 1.604086438378641011e-01
1.059650000000000000e+05 9.598208281136725306e-01 1.608265833626896235e-01
1.059670000000000000e+05 9.939137506678086265e-01 1.516710603964954163e-01
1.059720000000000000e+05 9.522943248107474945e-01 1.700639570123262667e-01
1.059740000000000000e+05 9.499599632856945419e-01 1.549177036395843199e-01
1.060250000000000000e+05 8.866855225997811729e-01 3.139965013682455286e-02
1.060310000000000000e+05 9.776369178321516751e-01 8.821182266652953519e-02
1.060330000000000000e+05 1.030428867986882491e+00 1.380609308887315312e-01
1.060360000000000000e+05 9.059678810414901751e-01 1.139547922946468478e-01
1.060370000000000000e+05 1.040224438251551309e+00 1.388246410341278103e-01
1.060380000000000000e+05 1.003648188554197906e+00 1.454952932020962264e-01
1.061030000000000000e+05 1.062909539814895998e+00 7.988942293714686171e-02
1.062910000000000000e+05 9.925156113456395923e-01 -1.052379357804809762e-01
1.062920000000000000e+05 1.098608864834430987e+00 1.191992863652046736e-01
1.062930000000000000e+05 1.062668841640836082e+00 2.759827822950328829e-03
1.062940000000000000e+05 1.133274602323628866e+00 5.388069537824177052e-02
1.062970000000000000e+05 1.011605043384232294e+00 5.821819921806696552e-02
1.063450000000000000e+05 8.265344531080146551e-01 -1.785602132375125328e-01
1.067150000000000000e+05 9.482539060150894095e-01 -2.022272559803733188e-02
1.067160000000000000e+05 1.004740571468707211e+00 -4.087634640682384635e-02
1.068430000000000000e+05 9.845223221367499500e-01 7.305870456393792622e-02
1.068440000000000000e+05 1.373551620400767836e+00 4.554266723869954125e-02
1.068560000000000000e+05 9.692178965589953732e-01 -1.571258949524992898e-01
1.068570000000000000e+05 9.244851490258156890e-01 -1.940600616071994772e-02
1.068580000000000000e+05 9.565573619515399528e-01 -7.288715635255385572e-02
1.068590000000000000e+05 1.094826538972997421e+00 4.106317780753918067e-02
1.068600000000000000e+05 1.155232690107891091e+00 6.362416625116953939e-02
1.068850000000000000e+05 1.023304167536428055e+00 3.974006973916835439e-02
1.068870000000000000e+05 9.878752470689869947e-01 7.620734074522008024e-03
1.068880000000000000e+05 1.044247920885283509e+00 -7.359784760468910357e-03
1.068890000000000000e+05 1.108698718635912517e+00 1.312651207483669369e-01
1.068900000000000000e+05 1.082435090178467396e+00 8.636346168108924304e-02
1.069140000000000000e+05 1.023932317575232620e+00 2.504898642468499081e-02
1.069150000000000000e+05 1.113900276959279623e+00 9.912892876736320580e-02
1.069500000000000000e+05 9.326545799289159833e-01 9.823779574734263498e-02
1.069510000000000000e+05 1.150477927494230501e+00 2.052292948901221145e-02
1.069640000000000000e+05 1.030584562335893573e+00 2.920269300855456163e-02
1.070730000000000000e+05 1.100118887330583606e+00 -6.004782974962156322e-02
1.071460000000000000e+05 1.082970774039868189e+00 -1.631150803436464541e-02
1.071570000000000000e+05 1.037754117448701274e+00 2.940088179167475724e-02
1.071590000000000000e+05 9.700115091711741799e-01 9.359110841486018018e-02
1.072120000000000000e+05 1.071429882821325119e+00 6.205789069446021600e-02
1.073190000000000000e+05 1.144317282824371729e+00 1.128770470772824663e-02
1.073210000000000000e+05 1.207929223647351114e+00 7.726657752349438447e-03
1.073320000000000000e+05 1.030308902720498576e+00 -1.621918874516457831e-02
1.073340000000000000e+05 1.082032959833008512e+00 3.724733709805770621e-02
1.073570000000000000e+05 1.145423273500015160e+00 -2.841770474746587241e-02
1.073590000000000000e+05 1.141585608233558258e+00 1.187030780283395426e-01
1.073620000000000000e+05 1.162629265711845994e+00 4.414185897831781474e-02
1.073640000000000000e+05 1.106217400683842778e+00 1.439771935032809758e-01
1.073660000000000000e+05 1.082783321552583056e+00 1.092405100869892481e-01
1.073680000000000000e+05 1.043169161597802930e+00 5.918375444383051215e-02
1.074750000000000000e+05 1.017247969758313664e+00 -5.829036015521119746e-02
1.074870000000000000e+05 1.022296838090091642e+00 1.354775829054056732e-02
1.074880000000000000e+05 1.082436962267779856e+00 -2.589981680418039153e-02
1.074890000000000000e+05 1.058910230738190794e+00 -1.640946717525392645e-02
1.075160000000000000e+05 9.942962022097537877e-01 -3.385750957371626985e-02
1.075180000000000000e+05 9.336148720819321678e-01 -6.392946284680665892e-02
1.075820000000000000e+05 9.346026066258065201e-01 -1.656438187010124130e-01
1.075870000000000000e+05 1.011071853937358656e+00 -1.503735437844185355e-02
1.075880000000000000e+05 9.810243454020749487e-01 -5.679119537877222457e-02
1.075890000000000000e+05 1.008354408532737834e+00 7.099268616106957364e-02
1.076480000000000000e+05 9.894515610328444843e-01 9.181125845000640689e-03
1.076490000000000000e+05 1.107966926979026434e+00 1.773790523586924253e-02
1.077050000000000000e+05 9.696492461863538415e-01 -8.486154801367845613e-02
1.077060000000000000e+05 9.481149356680266260e-01 5.147147576596961677e-02
1.080690000000000000e+05 7.470346013812125818e-01 8.601337677916670588e-02
1.081400000000000000e+05 9.871766785912690079e-01 5.237564291625019380e-02
