9.043600000000000000e+04 1.033975156836368869e+00 -7.388438707238559333e-02
9.043700000000000000e+04 1.030425104851569573e+00 1.781023676536510822e-02
9.043800000000000000e+04 1.044427987842297512e+00 -4.491246632484852813e-02
9.043900000000000000e+04 1.015253191254228859e+00 -7.870514867248482038e-02
9.044000000000000000e+04 8.836530575289913703e-01 -4.055079521371899448e-02
9.044100000000000000e+04 9.168148896365879708e-01 1.337807166461319960e-02
9.047600000000000000e+04 9.901481739207544930e-01 1.158315417693720067e-01
9.047700000000000000e+04 9.446649109273321798e-01 -1.659085191422188937e-02
9.047800000000000000e+04 9.472525718164342967e-01 9.014319894710631775e-03
9.047900000000000000e+04 1.010484754626895132e+00 7.598186030095768762e-02
9.049300000000000000e+04 8.960371377425341288e-01 2.409836361022825099e-02
9.049400000000000000e+04 1.079001374894796639e+00 -8.376342792002060278e-02
9.049500000000000000e+04 9.193481901643166809e-01 1.427547994102376476e-02
9.049600000000000000e+04 9.933535353585493111e-01 3.351360380992170901e-02
9.049700000000000000e+04 1.129319251626721421e+00 -2.819532536017455276e-03
9.049800000000000000e+04 9.459751133859529704e-01 -3.615564953192618950e-03
9.049900000000000000e+04 1.034250404592652828e+00 -4.840767894825084849e-03
9.050100000000000000e+04 1.048887225786788058e+00 6.461817804657987718e-02
9.050200000000000000e+04 9.921909335296777988e-01 -3.405917272823801717e-02
9.050400000000000000e+04 1.215065593772995500e+00 8.878271012313520075e-03
9.052300000000000000e+04 1.049140000859790645e+00 5.097970920013108337e-02
9.052400000000000000e+04 9.858082749671319700e-01 2.051691880980410776e-02
9.052500000000000000e+04 9.178233254451798606e-01 -5.181228322360388779e-03
9.052800000000000000e+04 9.514284732382259913e-01 -2.043033183800853358e-02
9.053500000000000000e+04 9.598343172981605997e-01 -8.191471560593870452e-03
9.053600000000000000e+04 1.049589468913288082e+00 4.810895109024911076e-02
9.053700000000000000e+04 1.062609639335656775e+00 -1.905253419014308475e-03
9.053800000000000000e+04 9.156476619401550110e-01 -5.958147971250521424e-02
9.053900000000000000e+04 1.080326460625370411e+00 1.175792176759612312e-02
9.056400000000000000e+04 1.253190861961450464e+00 1.005624935471831211e-01
9.056500000000000000e+04 9.326884249534328486e-01 -3.569308964691313146e-02
9.056600000000000000e+04 9.216660923599394595e-01 -7.522584373798298085e-02
9.056900000000000000e+04 1.105673435667448468e+00 9.142019097066808597e-02
9.057000000000000000e+04 1.071637039643353884e+00 1.592940505696804204e-02
9.058700000000000000e+04 8.134214388209065616e-01 -4.662090983401367961e-03
9.058800000000000000e+04 9.930054710685011221e-01 2.293688100921663711e-02
9.059000000000000000e+04 9.295174734586808540e-01 3.646025221033295100e-02
9.059100000000000000e+04 8.055854211635639084e-01 -1.599099356163092428e-02
9.060200000000000000e+04 9.350602777875254290e-01 3.552349298012694861e-02
9.062700000000000000e+04 1.038661248428989214e+00 1.239160054709085856e-01
9.062800000000000000e+04 9.035004190648814326e-01 5.264596511007555574e-02
9.062900000000000000e+04 1.059543866740765505e+00 -1.462226621739538303e-02
9.067500000000000000e+04 1.099224493354315380e+00 -2.234339286630442761e-02
9.067900000000000000e+04 1.003482804700948305e+00 -2.646718988919957716e-02
9.087000000000000000e+04 9.444422074713059168e-01 -3.831860454162247520e-02
9.090000000000000000e+04 9.816148361569666525e-01 1.428460984675278267e-01
9.105400000000000000e+04 9.559226456692943019e-01 4.880060674260549430e-02
9.105600000000000000e+04 1.022716049229149382e+00 5.045466261534621404e-03
9.107200000000000000e+04 7.040317844498387156e-01 7.643457078837388730e-02
9.109800000000000000e+04 9.072793845296971416e-01 2.546673515610633348e-03
9.110000000000000000e+04 1.066508055574926894e+00 -2.086462555704909211e-02
9.110100000000000000e+04 9.867999803489780897e-01 -8.180905419043559001e-03
9.111200000000000000e+04 1.042726185148566076e+00 2.011871506943689950e-02
9.111300000000000000e+04 1.217404206071136086e+00 2.895803416098135727e-02
9.111400000000000000e+04 9.430732778030506136e-01 -2.091881979551032250e-02
9.111500000000000000e+04 1.074948396351800284e+00 3.677920702999233626e-02
9.113100000000000000e+04 9.203199476611374497e-01 -9.336942188340222049e-02
9.113200000000000000e+04 9.933861383019612079e-01 -1.254248664922094983e-02
9.113400000000000000e+04 1.060491457933150805e+00 4.651228266275315992e-02
9.113700000000000000e+04 1.000869828351395707e+00 4.286126695252847479e-02
9.113800000000000000e+04 1.086414087494766756e+00 4.880513230594207309e-03
9.113900000000000000e+04 1.055727004595230500e+00 9.678166635004033236e-02
9.114200000000000000e+04 9.546422115107304762e-01 8.759473868767533866e-02
9.115500000000000000e+04 9.836139083548744999e-01 -6.823118272869263187e-03
9.115600000000000000e+04 1.080418860456338725e+00 3.386486250370055601e-03
9.116100000000000000e+04 1.076641497137717174e+00 -1.179330200277867169e-02
9.116200000000000000e+04 1.023124998477583869e+00 2.079916394565517468e-02
9.116300000000000000e+04 9.234101310671207763e-01 -3.772991823096549097e-02
9.116400000000000000e+04 9.599927228056704953e-01 5.957337816530593883e-02
9.126800000000000000e+04 1.068778414728604353e+00 1.382745181851551264e-01
9.126900000000000000e+04 9.568274409512900203e-01 3.408067593652479299e-02
9.127000000000000000e+04 1.051809822264969885e+00 -9.163399345025578790e-02
9.127100000000000000e+04 1.060446350072899113e+00 6.413618727492685634e-02
9.137400000000000000e+04 1.020110770987490589e+00 -2.130816810248224724e-02
9.137700000000000000e+04 9.657076545303695525e-01 1.247099608798623790e-02
9.144000000000000000e+04 1.061250141574890504e+00 4.896542293023452286e-02
9.349000000000000000e+04 1.051150248988302893e+00 3.142319294855771411e-02
9.352500000000000000e+04 1.019241902427488355e+00 7.125753959659514303e-02
9.358800000000000000e+04 1.192618384028851342e+00 4.865766777520394437e-02
9.364900000000000000e+04 9.894509318649754581e-01 8.957417763487421358e-02
9.411600000000000000e+04 1.028958851732071800e+00 -4.182048933814118408e-02
9.411700000000000000e+04 9.739698562737835186e-01 -6.532868189622406674e-02
9.411800000000000000e+04 1.036200967062451017e+00 -2.237459259996088870e-02
9.441700000000000000e+04 1.202849445719809118e+00 -5.300178424794554921e-02
9.441800000000000000e+04 1.076914278198857655e+00 -3.639076933442091794e-02
9.442000000000000000e+04 9.651813183567889975e-01 2.939530608284372792e-02
9.449400000000000000e+04 9.103232396714813213e-01 7.059678407665924416e-02
9.449500000000000000e+04 9.645578722596386267e-01 3.051252841196858828e-02
9.453500000000000000e+04 8.784879665850268138e-01 1.388072637689614086e-01
9.497900000000000000e+04 1.126924486044712959e+00 -7.186811847215111848e-02
9.504100000000000000e+04 8.113711204326456983e-01 3.863400190712818622e-02
9.504600000000000000e+04 7.711697612793949608e-01 7.764429967747121797e-02
9.509700000000000000e+04 9.439038425887321671e-01 -6.669088604822195031e-03
9.510300000000000000e+04 9.011225118980173976e-01 1.405418393568853841e-01
9.513000000000000000e+04 1.203357594346293302e+00 -2.851414266612914070e-02
9.513800000000000000e+04 9.925577348768690467e-01 -2.944029936942430675e-02
9.514400000000000000e+04 1.000283648643240264e+00 4.740708328940941574e-02
9.514500000000000000e+04 1.057864407552438601e+00 6.751673795043017234e-02
9.514700000000000000e+04 9.784233931641639348e-01 -1.798513030115090131e-02
9.514800000000000000e+04 7.964758626668688724e-01 1.216841638436423068e-01
9.514900000000000000e+04 1.109794890325558114e+00 8.709601125504373709e-02
9.518500000000000000e+04 9.927592929518039844e-01 2.871840107012743355e-03
9.519300000000000000e+04 1.057084803934730699e+00 7.162554288777406297e-02
9.519400000000000000e+04 9.057606137443308114e-01 -4.476176395295683452e-02
9.519500000000000000e+04 7.573525720839893172e-01 3.182173927488760046e-02
9.519600000000000000e+04 9.997615326497381050e-01 8.413608287040334754e-02
9.519700000000000000e+04 8.481101337838102827e-01 2.360598594873840501e-03
9.519800000000000000e+04 9.377320801732597078e-01 2.862408329629986120e-02
9.522400000000000000e+04 1.057788946169050392e+00 -4.681529229214976412e-02
9.523900000000000000e+04 9.187863488509742105e-01 1.603417262775642671e-01
9.524000000000000000e+04 1.081131073365822814e+00 7.579995667081784738e-02
9.524100000000000000e+04 1.060859486474949431e+00 -2.491775745913969720e-02
9.524200000000000000e+04 7.908913429062122136e-01 1.002928084697404104e-01
9.524300000000000000e+04 1.087121164289917008e+00 8.008934305942126686e-02
9.528000000000000000e+04 1.077357910443246469e+00 2.795144226144735677e-02
9.528600000000000000e+04 7.943686359496281435e-01 -9.691680414122989806e-02
9.528700000000000000e+04 1.433043880335187259e+00 1.485482306057805124e-01
9.528800000000000000e+04 1.006794859960790323e+00 3.494810313525580775e-02
9.528900000000000000e+04 1.047444217583134218e+00 -8.039592999390833897e-03
9.529000000000000000e+04 9.979329095236725289e-01 4.401289763315967577e-04
9.529100000000000000e+04 1.072310046992104082e+00 6.246344813813325264e-02
9.529200000000000000e+04 9.297048855506785392e-01 5.347214685998977202e-02
9.529300000000000000e+04 1.056830218493481244e+00 -3.375774187157472295e-02
9.531200000000000000e+04 9.554874402658053434e-01 -9.436050287437819373e-02
9.531700000000000000e+04 1.049240470017826832e+00 1.793810187691310606e-02
9.531800000000000000e+04 1.194246510063818434e+00 1.543850530268203458e-01
9.532000000000000000e+04 1.093520718250813761e+00 1.089021939733157279e-01
9.532100000000000000e+04 1.039232226676079396e+00 -1.007759384798850577e-01
9.532200000000000000e+04 1.093683109960651878e+00 -5.303019648216875798e-02
9.532300000000000000e+04 1.059166612324629719e+00 1.472887787140034557e-02
9.532400000000000000e+04 1.013839381790555327e+00 -1.132437572409362436e-01
9.535300000000000000e+04 1.173708079060641785e+00 -1.249144544819898346e-02
9.535400000000000000e+04 1.025239078922444369e+00 -4.673087859332267918e-02
9.535500000000000000e+04 9.699024550309255366e-01 -3.622969438750556215e-02
9.535900000000000000e+04 1.142502714461483437e+00 -2.204214315041388983e-02
9.536000000000000000e+04 9.824574186888577199e-01 1.033114769897854890e-01
9.536100000000000000e+04 1.199531178282548183e+00 1.437636257443424270e-01
9.536200000000000000e+04 1.093146586400894460e+00 2.988097653330248557e-02
9.536300000000000000e+04 1.045237254053641651e+00 2.180228625722963748e-02
9.536400000000000000e+04 1.139687020945103768e+00 1.449830299720255428e-02
9.536500000000000000e+04 9.810553053952402180e-01 8.221206214618578811e-02
9.536600000000000000e+04 1.037509125130753551e+00 -8.101917345364997164e-03
9.538500000000000000e+04 1.061663123054717328e+00 -6.354740110748739734e-02
9.538600000000000000e+04 9.939965052031818349e-01 -6.386046655885593837e-02
9.541900000000000000e+04 1.035568389301243952e+00 -1.222332662081723753e-01
9.542000000000000000e+04 1.016982423021567383e+00 -1.816593613656192728e-03
9.542100000000000000e+04 1.035023357103391772e+00 -4.593657237244949676e-02
9.542500000000000000e+04 8.775331333800030498e-01 -1.552822268419511154e-01
9.548400000000000000e+04 9.995168857674674445e-01 -3.045420084086973220e-02
9.548700000000000000e+04 9.770770393519281338e-01 -5.514044294849831940e-02
9.549000000000000000e+04 1.069258476974625172e+00 -7.449730056145661972e-02
9.549100000000000000e+04 9.687056418525983315e-01 1.084461392442096633e-01
9.549300000000000000e+04 9.880338971104728474e-01 -6.268312385158940347e-02
9.549400000000000000e+04 9.886833427566200649e-01 8.774305576919777527e-02
9.549500000000000000e+04 9.607072677375378955e-01 -9.222425445408952149e-02
9.571600000000000000e+04 1.174404848966621007e+00 -1.445825702686667595e-02
9.573900000000000000e+04 7.915164763419889615e-01 1.543890455113480775e-01
9.574000000000000000e+04 7.808708267309285578e-01 2.028067632591387115e-01
9.574100000000000000e+04 1.029086190436982573e+00 -2.443414316985442064e-02
9.574200000000000000e+04 1.030674185602354909e+00 8.854320855020483827e-06
9.574300000000000000e+04 9.714664985445740086e-01 -7.986625519883761709e-03
9.574400000000000000e+04 9.709859145505524980e-01 -7.581762969692629195e-02
9.583100000000000000e+04 9.489854378622920583e-01 7.535394468795172766e-03
9.583200000000000000e+04 1.045827733674729698e+00 -3.158289815969523434e-02
9.587100000000000000e+04 1.060198907192630768e+00 5.317095555518837509e-03
9.594400000000000000e+04 1.006388180155452172e+00 -2.683686014162228392e-02
9.599300000000000000e+04 1.009806704332824712e+00 6.525199220308244841e-02
9.614600000000000000e+04 1.117421824075996772e+00 6.783752048444194327e-02
9.614800000000000000e+04 1.060759228093570705e+00 -1.807092499174799832e-02
9.615400000000000000e+04 1.095028915471695896e+00 1.975294648661149455e-02
9.615500000000000000e+04 9.442956499422522354e-01 3.941490011127992549e-02
9.618700000000000000e+04 9.928276773755957407e-01 -7.277977201593479467e-03
9.622100000000000000e+04 1.116498875194621654e+00 -3.813726055679809296e-02
9.622800000000000000e+04 9.880095046437101791e-01 1.674977097995724584e-01
9.622900000000000000e+04 1.049884154300170902e+00 -6.366228221890264660e-02
9.626600000000000000e+04 1.192657131779185864e+00 3.601818622481870596e-02
9.634300000000000000e+04 1.127094014368221764e+00 5.075083487332979898e-02
9.634500000000000000e+04 9.228596069695284010e-01 -1.935825456812661875e-03
9.635600000000000000e+04 9.136332125106486624e-01 -1.154359867385907901e-01
9.637000000000000000e+04 1.155491181181014682e+00 1.015218191328190189e-01
9.637100000000000000e+04 1.068789772094159485e+00 2.129667226091760956e-02
9.638700000000000000e+04 9.674717943425904521e-01 8.026611152346074460e-03
9.638800000000000000e+04 9.636219748286517506e-01 -6.676011962655135912e-02
9.638900000000000000e+04 1.083307180262784275e+00 1.224963529935401141e-01
9.640200000000000000e+04 1.032103338047569707e+00 3.837635770049422496e-02
9.640300000000000000e+04 9.641881970696919435e-01 7.320532456112517627e-02
9.646900000000000000e+04 9.300154167459563359e-01 3.229231166909142525e-02
9.647000000000000000e+04 1.055917720398729998e+00 1.186276405907772530e-01
9.647100000000000000e+04 9.931068252924637463e-01 6.873834037698330068e-02
9.651000000000000000e+04 1.270225702428308123e+00 1.658160615718773934e-01
9.651100000000000000e+04 1.079088015001069545e+00 3.637053334224610301e-02
9.660400000000000000e+04 1.101846698170373839e+00 -6.205509796800941225e-02
9.660500000000000000e+04 1.157434752311970794e+00 3.314756138473817088e-02
9.660600000000000000e+04 1.155910784131649383e+00 8.425511161072233787e-03
9.666000000000000000e+04 1.049941751718709515e+00 -1.415728188075264862e-02
9.666100000000000000e+04 9.692695356023092179e-01 -1.470005075665152018e-02
9.666300000000000000e+04 1.077645155371385055e+00 3.671831424180117820e-02
9.671500000000000000e+04 1.204091016530922431e+00 4.845072927389347528e-02
9.677600000000000000e+04 1.460108812563980951e+00 9.543198950642205192e-02
9.677700000000000000e+04 1.415450631675008841e+00 5.807617907151300246e-02
