2.912200000000000000e+04 1.049416252584968623e+00 -4.376418784850534538e-02
2.912300000000000000e+04 9.938139169233323189e-01 -2.964047055140119763e-02
2.912500000000000000e+04 9.880002630134766539e-01 1.415652209208558832e-01
2.912600000000000000e+04 9.368958812863595886e-01 2.367116356253605447e-02
2.914900000000000000e+04 7.580816431009411716e-01 4.333979703507378350e-02
2.915000000000000000e+04 8.645103970876618638e-01 -4.588666047088711328e-03
2.915100000000000000e+04 8.321869866732406473e-01 5.272164275193597788e-02
2.915200000000000000e+04 9.541618512668754715e-01 6.236883099604526720e-02
2.915300000000000000e+04 9.912397707618634257e-01 2.490183789010634585e-02
2.915400000000000000e+04 8.649022783876145759e-01 -1.501869010184298803e-01
2.915500000000000000e+04 9.934477388149621779e-01 2.067768370700673319e-02
2.915600000000000000e+04 8.560816220433585810e-01 7.052473245838958293e-02
2.915700000000000000e+04 7.783326692205690955e-01 1.879444869780642069e-01
2.917100000000000000e+04 1.082152529077963665e+00 7.739211122715322633e-02
2.917300000000000000e+04 1.137169658551052454e+00 1.975275861856968899e-03
2.917400000000000000e+04 1.114603079486814252e+00 -1.476314007953095702e-03
2.917500000000000000e+04 1.065644211637022387e+00 -5.455817895848123072e-02
2.917600000000000000e+04 1.028962433626262829e+00 2.496044259213790403e-03
2.917700000000000000e+04 1.114334718321166040e+00 6.301441282901426577e-02
2.917800000000000000e+04 9.965202639985752953e-01 3.898910239872861727e-02
2.921500000000000000e+04 8.034714115885369656e-01 1.770063875530409822e-02
2.927800000000000000e+04 9.374067829649073147e-01 1.176853679605122799e-01
2.927900000000000000e+04 1.009975240257185991e+00 5.396638760828769560e-02
2.928000000000000000e+04 1.046484608753333045e+00 -9.705806119304162538e-02
2.928100000000000000e+04 9.287583615579876328e-01 1.707688891717577123e-02
2.933900000000000000e+04 8.966010947459953639e-01 4.455360356287334234e-02
2.934000000000000000e+04 8.879267534589143640e-01 1.020184278187899751e-01
2.937300000000000000e+04 1.059804979052126228e+00 -8.240035532186208017e-03
2.937400000000000000e+04 1.104098037383996589e+00 1.086235881649138951e-01
2.938600000000000000e+04 9.783008522813116947e-01 -7.040119868319589906e-03
2.938700000000000000e+04 1.025729319868156963e+00 1.219332224938241005e-01
2.938800000000000000e+04 8.712047680491827872e-01 -3.479864300386853460e-02
2.938900000000000000e+04 1.125140261639200556e+00 -4.013019702217622553e-02
2.942700000000000000e+04 8.488177714522252559e-01 3.707609009359983526e-02
2.942800000000000000e+04 8.921419562243270152e-01 1.417710876647646119e-02
2.942900000000000000e+04 9.284342658530445602e-01 7.097766567898290690e-02
2.943000000000000000e+04 9.269976388842423587e-01 2.902204959161517120e-02
2.943100000000000000e+04 1.000264448544170293e+00 8.436987169103068313e-03
2.943200000000000000e+04 1.087188428477625868e+00 1.017952047094016904e-01
2.943300000000000000e+04 1.093472692146007619e+00 4.722722042933062692e-02
2.943400000000000000e+04 9.599065968559616913e-01 1.312019164724801401e-01
2.944200000000000000e+04 9.787643091177007371e-01 1.101659563710013362e-01
2.944300000000000000e+04 9.654738459326022149e-01 3.027952252338398167e-02
2.944500000000000000e+04 9.974299889044252465e-01 1.141981744182445635e-01
2.944600000000000000e+04 1.004784234885777172e+00 1.141652094994765471e-01
2.944700000000000000e+04 8.762591765203342487e-01 9.674058815928847366e-02
2.944800000000000000e+04 9.295318385269191186e-01 1.535479303821957464e-01
2.944900000000000000e+04 1.138697973035063704e+00 6.925089359760101815e-02
2.948400000000000000e+04 1.003689683951374256e+00 6.320733241853289386e-02
2.948500000000000000e+04 1.226275043775284734e+00 1.023901810345949903e-01
2.948600000000000000e+04 1.110848362010650403e+00 9.621368932114350916e-04
2.948700000000000000e+04 1.061753979773126355e+00 9.054977449091411446e-02
2.948800000000000000e+04 1.043235847969103514e+00 1.377278128180883243e-01
2.948900000000000000e+04 1.106943338843004554e+00 -7.834605838317998915e-04
2.949000000000000000e+04 1.106607085401217327e+00 8.877149310820693640e-02
2.949100000000000000e+04 1.051165972629080070e+00 8.003210571767388481e-02
2.949200000000000000e+04 1.038881091374696641e+00 1.101367216679375316e-01
2.949300000000000000e+04 1.011306437321493501e+00 1.973584265825525652e-01
2.949400000000000000e+04 9.445413333982128901e-01 4.344937184183895323e-02
2.949500000000000000e+04 8.291166788751671568e-01 1.451236129308136613e-01
2.952200000000000000e+04 1.146785254365812357e+00 6.560817439858715461e-02
2.952600000000000000e+04 8.633970725539374946e-01 -6.704738198178800124e-02
2.952700000000000000e+04 8.522908197938127151e-01 6.060996356092579473e-02
2.952800000000000000e+04 5.336573894022238473e-01 1.825010679530298940e-01
2.953800000000000000e+04 1.094536800584875902e+00 2.246488007617068045e-02
2.953900000000000000e+04 1.157286259954450003e+00 8.023999162084972589e-03
2.954000000000000000e+04 1.174536983497104448e+00 5.272991542396707892e-02
2.954100000000000000e+04 1.018374932447355885e+00 -4.551314983895168864e-02
2.954200000000000000e+04 1.085221278042113546e+00 8.339458881123008871e-02
2.954300000000000000e+04 1.062619424132913215e+00 2.046151007025515944e-01
2.954800000000000000e+04 1.036173987907219818e+00 2.795906641007426738e-02
2.955300000000000000e+04 1.094325943070077134e+00 5.832371045385831981e-02
2.955400000000000000e+04 1.093382013185769885e+00 3.463112538887589895e-03
2.955500000000000000e+04 1.140878637274061358e+00 1.040444809988704811e-01
2.955600000000000000e+04 1.011959879159743281e+00 1.026461879400050597e-01
2.956000000000000000e+04 1.065094754519973597e+00 6.001206507813272584e-02
2.956400000000000000e+04 1.090355659593094551e+00 1.757781759527721754e-01
2.956500000000000000e+04 1.105494741288996163e+00 1.815726860122029163e-01
2.957400000000000000e+04 1.166995864070984545e+00 1.277115152903599560e-01
2.957500000000000000e+04 8.483306641202428278e-01 1.910815246424093228e-01
2.959500000000000000e+04 9.943787574904776605e-01 9.235257489423973065e-02
2.959600000000000000e+04 9.977477485211235786e-01 1.095670022708934155e-01
2.959700000000000000e+04 9.785298719532242728e-01 1.267104398391211417e-01
2.960900000000000000e+04 1.010116974921829947e+00 1.017466251702033031e-01
2.961000000000000000e+04 9.522511069081235346e-01 1.462097906282689985e-01
2.961500000000000000e+04 1.004174839272055531e+00 1.216162704094045782e-01
2.963100000000000000e+04 1.046643003500191238e+00 1.376765183568234505e-02
2.965800000000000000e+04 1.056778603477408929e+00 3.554124391009098188e-02
2.965900000000000000e+04 1.050839479981953373e+00 -3.442139149940338233e-02
2.968000000000000000e+04 1.129160837878302015e+00 2.848717576635747054e-02
2.968100000000000000e+04 1.039215266096744417e+00 -3.848451513574001337e-02
2.968200000000000000e+04 1.115257169215078781e+00 4.078682804531825329e-02
2.968300000000000000e+04 1.092783736378335258e+00 1.452568192728319156e-02
2.968400000000000000e+04 1.236396710839728241e+00 7.339001457995938948e-02
2.969100000000000000e+04 1.068485999644226192e+00 5.086283357687979012e-02
2.969200000000000000e+04 1.090723077664135232e+00 7.712891566489726847e-02
2.969300000000000000e+04 1.159105256949171325e+00 8.696093996612330734e-02
2.969500000000000000e+04 1.016128975374341215e+00 2.921337863636118068e-02
2.970300000000000000e+04 9.659989965123904065e-01 9.862503882558413398e-03
2.970400000000000000e+04 1.069694316551746072e+00 2.952782995817678641e-02
2.970500000000000000e+04 1.071390716817721467e+00 1.116936788744810928e-02
2.970600000000000000e+04 1.150109502586629029e+00 5.252332192374419700e-02
2.970700000000000000e+04 1.178001623552442645e+00 9.068249463622098105e-02
2.970800000000000000e+04 1.071672422508967326e+00 7.540050854513338785e-02
2.970900000000000000e+04 1.060020925081400556e+00 1.616712645116879371e-02
2.971000000000000000e+04 5.931164353434393854e-01 1.058807920677348469e-01
2.972500000000000000e+04 9.452671442830531401e-01 -1.311948992122654711e-03
2.973100000000000000e+04 1.111866877960158373e+00 2.080477121378655411e-02
2.973200000000000000e+04 1.128259942750172051e+00 1.012098884969598739e-01
2.973300000000000000e+04 1.063679165402850346e+00 6.611851194832826795e-02
2.974500000000000000e+04 9.924756326059910316e-01 9.447041965412611431e-02
2.975200000000000000e+04 8.764185865309525036e-01 1.141288639337764282e-01
2.975300000000000000e+04 1.059360976875263649e+00 7.361974844807282758e-02
2.975400000000000000e+04 6.627852262595487209e-01 1.379091577805218252e-02
2.975500000000000000e+04 6.499887774660138007e-01 3.541939885959632939e-02
2.977300000000000000e+04 9.999586418885921812e-01 1.670201969811035969e-01
2.977400000000000000e+04 1.112270499438816840e+00 4.533302456642383793e-02
2.977500000000000000e+04 1.075310184011502468e+00 3.905179957931445567e-02
2.977600000000000000e+04 9.940264410466577161e-01 7.197251617991413247e-03
2.977700000000000000e+04 1.061229732878419929e+00 2.385644226084029651e-01
2.977800000000000000e+04 9.924810964512972289e-01 8.608913808965382164e-02
2.977900000000000000e+04 1.014483281248590663e+00 6.439935786340604540e-02
2.978000000000000000e+04 9.934783351415145125e-01 3.871422750384879291e-02
2.978200000000000000e+04 1.129720446176630588e+00 1.958392823932442444e-03
2.978300000000000000e+04 1.060083867220564802e+00 3.637254800502942587e-02
2.979100000000000000e+04 9.234249548441171296e-01 1.059639491298893822e-02
2.979200000000000000e+04 7.358761832745093212e-01 -1.747787200273038521e-01
2.979300000000000000e+04 1.326210462759892739e+00 3.240783814910676991e-02
2.979400000000000000e+04 1.124419332556865880e+00 5.104789422316069469e-02
2.979500000000000000e+04 1.011421290236884429e+00 1.042045879030237682e-01
2.979600000000000000e+04 9.237094432564482149e-01 8.748349513547772072e-02
2.979700000000000000e+04 1.017629907230359176e+00 1.401652224222215692e-01
2.979800000000000000e+04 9.875643201532570137e-01 8.394385789426918321e-02
2.979900000000000000e+04 9.553650687597755597e-01 7.809643188671369640e-02
2.980000000000000000e+04 9.395113614850258976e-01 7.469011052037791143e-02
2.980100000000000000e+04 1.036417684251926152e+00 9.831193158673789956e-02
2.980200000000000000e+04 1.187884361917679987e+00 8.168993493506333803e-02
2.980800000000000000e+04 8.184072626804532735e-01 1.280717665313991782e-01
2.981600000000000000e+04 9.908001428540450517e-01 4.338967760105408300e-02
2.981700000000000000e+04 9.607448722812071962e-01 6.419026309288902721e-02
2.981800000000000000e+04 1.059877620431461054e+00 1.754583914222729024e-01
2.981900000000000000e+04 1.024460048542253032e+00 9.820810495399481116e-03
2.982000000000000000e+04 1.032958508723459401e+00 7.469924023488314080e-02
2.982100000000000000e+04 1.051917171917553073e+00 -4.350313040416356469e-02
2.983700000000000000e+04 8.760980643387747957e-01 8.505872658812763110e-02
2.984200000000000000e+04 8.444035939385540201e-01 1.639883424075579410e-01
2.984300000000000000e+04 1.113757801034371608e+00 9.464958330415749327e-03
2.984400000000000000e+04 9.986012753437634171e-01 6.397190324642622328e-02
2.984600000000000000e+04 9.395059559476282018e-01 5.684099475958618447e-02
2.985000000000000000e+04 8.513604547452939819e-01 2.452611239459321080e-01
2.985200000000000000e+04 8.915156852174408453e-01 2.445892484673483497e-02
2.985300000000000000e+04 9.832621501972803602e-01 9.623689672235455350e-02
2.985400000000000000e+04 1.068926179508466578e+00 1.283700127857690179e-02
2.985500000000000000e+04 1.034154093688562481e+00 6.352216208916280915e-02
2.985800000000000000e+04 1.001340253986899853e+00 5.427880067542936726e-02
2.987300000000000000e+04 5.602849948588931595e-01 -3.535799285287088978e-02
2.987400000000000000e+04 8.053734011741996435e-01 -7.016451548746919370e-03
2.987500000000000000e+04 8.176923586074968942e-01 -1.821870350770627908e-02
2.987600000000000000e+04 8.361341285959722480e-01 1.032820938405479283e-02
2.987700000000000000e+04 7.302532438899046463e-01 1.179265642204782062e-02
2.987800000000000000e+04 8.719256970395548034e-01 1.251797693468971184e-01
2.987900000000000000e+04 8.436750973558349020e-01 8.183800891204830175e-02
2.988300000000000000e+04 9.279473390618209194e-01 9.104455276752947135e-02
2.988500000000000000e+04 9.773566982363699474e-01 1.498619927835503074e-01
2.988600000000000000e+04 1.078861837505751264e+00 1.180580260771661449e-01
2.988700000000000000e+04 9.063236343152651919e-01 3.235295536875368305e-02
2.990800000000000000e+04 9.663584220266918656e-01 5.850916657205459948e-02
2.990900000000000000e+04 1.052017438081375156e+00 6.919487148713950042e-02
2.991000000000000000e+04 1.002551578055748793e+00 3.784753085308912440e-02
2.991100000000000000e+04 8.585975490916821773e-01 -5.155108075038743708e-03
2.995400000000000000e+04 1.034147659405458386e+00 8.372162629323044725e-02
2.995500000000000000e+04 1.105685330310507197e+00 8.992923107389877435e-02
2.995600000000000000e+04 1.013521662981152760e+00 8.450648879972373628e-02
2.996200000000000000e+04 1.058779173279104313e+00 1.722379309400590142e-01
2.996300000000000000e+04 9.994141023460121342e-01 1.064513671330633710e-01
3.001100000000000000e+04 8.770721708605513367e-01 -3.199818117211909729e-02
3.001200000000000000e+04 7.462923649605331944e-01 6.243112352710492724e-02
3.001300000000000000e+04 6.101595497420544412e-01 5.929368524627027376e-02
3.001400000000000000e+04 6.530472641007719625e-01 -2.805850714322979597e-02
3.001600000000000000e+04 7.589406454163197813e-01 1.583130491201685808e-01
3.001700000000000000e+04 3.556839909931546750e-01 -9.811200611542447714e-02
3.001900000000000000e+04 9.795828306794236440e-01 9.629397279714593805e-02
3.002000000000000000e+04 9.910318152749928444e-01 2.367910232935643497e-02
3.003100000000000000e+04 9.009232339339269258e-01 2.843538941055523493e-03
3.003700000000000000e+04 1.045718627109325505e+00 1.652350981673878227e-01
3.004300000000000000e+04 8.847525116659074040e-01 8.299493461585956758e-03
3.004400000000000000e+04 9.207562499056638483e-01 2.120352871363354874e-01
3.004500000000000000e+04 8.425126572511327794e-01 -5.230738070549838942e-02
3.004700000000000000e+04 1.011962691918484314e+00 -6.913021423484484729e-02
3.005900000000000000e+04 1.017524857831611396e+00 5.253884374710926508e-02
3.006400000000000000e+04 6.491538321121966826e-01 1.368469495713781348e-01
3.006500000000000000e+04 6.312047227180233033e-01 2.209339869285222580e-01
3.015100000000000000e+04 7.237124111322158493e-01 -3.416164919690901219e-02
3.016600000000000000e+04 1.148721232660166569e+00 1.413635334521562426e-01
3.016700000000000000e+04 9.728304508767224856e-01 7.874041064059272843e-02
3.019600000000000000e+04 9.372326692799499703e-01 -2.376179714649014410e-02
3.019700000000000000e+04 6.407562845538122831e-01 1.957736923565528420e-02
3.019800000000000000e+04 9.732147165556477297e-01 -4.081431345744040984e-02
3.021700000000000000e+04 1.040717017532493127e+00 -7.230448524928003405e-03
3.021800000000000000e+04 8.512568549116156236e-01 5.556990571662823349e-03
