1.838600000000000000e+04 7.676111645865257849e-01 1.198979338110600125e-02
1.840600000000000000e+04 9.930126104827169398e-01 -1.023917344784734396e-01
1.841500000000000000e+04 9.186957673057576379e-01 -7.247343355282971633e-02
1.841600000000000000e+04 9.952353811929243177e-01 -2.628681634771720330e-02
1.841700000000000000e+04 9.903124054396087450e-01 2.272216620750240890e-01
1.842200000000000000e+04 9.801087101616463571e-01 2.301501314536889276e-01
1.847800000000000000e+04 2.669544572848750463e-01 1.062888238707717925e-01
1.848000000000000000e+04 6.537436465184672807e-01 5.975634700752035372e-02
1.852600000000000000e+04 5.952212379904338047e-01 -5.325096917322911377e-02
1.853600000000000000e+04 8.570769766462017492e-01 -1.014457944616091317e-01
1.856100000000000000e+04 8.004347877852081572e-01 -4.043188882358937641e-02
1.856400000000000000e+04 7.929548138029919313e-01 -3.477493394563381524e-02
1.856900000000000000e+04 1.021586371442044117e+00 -4.463722855895021352e-02
1.857500000000000000e+04 9.630446614050349741e-01 2.191738067634042136e-02
1.857700000000000000e+04 8.941326439593417774e-01 -5.870814664652609927e-02
1.859800000000000000e+04 7.705685480727062497e-01 -4.647242497726654376e-02
1.860100000000000000e+04 1.060256601695553247e+00 1.202071448029268519e-01
1.869300000000000000e+04 1.191667678800978791e+00 1.686668737086421399e-01
1.869400000000000000e+04 9.890314829303835653e-01 -1.103228421046100055e-01
1.869500000000000000e+04 9.222844046007543373e-01 1.313577224710239799e-01
1.869600000000000000e+04 9.606115560516912399e-01 -7.741581064657972189e-02
1.872900000000000000e+04 9.251937849446628670e-01 2.645679239216419329e-02
1.873000000000000000e+04 9.183852216829915260e-01 -5.339301761950219355e-02
1.878600000000000000e+04 9.227312682129320542e-01 -1.014933758894184107e-01
1.878700000000000000e+04 7.410912779828991992e-01 -1.085854069758377949e-01
1.887000000000000000e+04 8.005268693677197733e-01 -4.854558469616430255e-02
1.887100000000000000e+04 8.609291775111700407e-01 -6.671612563713172350e-02
1.887200000000000000e+04 5.985685254548361867e-01 1.600094867539165674e-02
1.887300000000000000e+04 7.477023611467407127e-01 -5.898497506998875983e-02
1.887400000000000000e+04 6.511388432225054812e-01 2.547554190227672294e-02
1.888500000000000000e+04 8.900209917704002827e-01 3.782629719409554697e-02
1.888600000000000000e+04 9.132167127559505104e-01 -1.017627183798640311e-01
1.888700000000000000e+04 9.221973092164430508e-01 -2.915189349470346386e-02
1.888800000000000000e+04 9.899867336227108350e-01 -2.748391445846335920e-02
1.888900000000000000e+04 7.057463216255333016e-01 -2.948874244227184596e-02
1.892800000000000000e+04 1.116144061791365827e+00 6.588247318865095292e-02
1.893000000000000000e+04 9.135226827619393752e-01 -1.483044336920701783e-02
1.894200000000000000e+04 8.898458982640850001e-01 -4.816541404442660490e-02
1.894300000000000000e+04 9.228176509406518235e-01 -1.254128468797008067e-01
1.894400000000000000e+04 4.501653858129250896e-01 9.215905017605145744e-02
1.894500000000000000e+04 7.742488076593705415e-01 -5.937215663069709409e-02
1.894600000000000000e+04 6.852175588280342566e-01 -2.666642189951527742e-02
1.894700000000000000e+04 1.033388426944455762e+00 1.864145135553077759e-01
1.894800000000000000e+04 1.025194273493824193e+00 1.821259960583187787e-01
1.895000000000000000e+04 8.986934174870800929e-01 -8.418060648397089618e-02
1.895100000000000000e+04 8.705959717979028234e-01 3.488208453280650101e-02
1.895200000000000000e+04 9.293097871079041283e-01 -4.453462518122327379e-02
1.898200000000000000e+04 4.914447989210040113e-01 1.163877429725139884e-01
1.899200000000000000e+04 7.735625094186530104e-01 -6.570988864373296379e-02
1.899400000000000000e+04 1.086524839550795818e+00 7.499587112162865721e-02
1.899500000000000000e+04 1.374527307820142985e+00 5.758352894998505778e-02
1.899600000000000000e+04 9.716685473534164563e-01 3.672643137020020765e-02
1.899700000000000000e+04 1.000249135363085129e+00 -2.720761002663172473e-02
1.899800000000000000e+04 9.248586817660596759e-01 -7.056061665433879804e-02
1.899900000000000000e+04 9.970876291022211513e-01 -2.510460260365413379e-02
1.900200000000000000e+04 9.116799552203909141e-01 -7.327043195117612095e-02
1.900300000000000000e+04 8.530314608480183969e-01 -8.576511785007743041e-03
1.900400000000000000e+04 8.415232927689428877e-01 4.703135965264907542e-02
1.955100000000000000e+04 6.823545606002682229e-01 -6.171897310101325668e-03
1.959100000000000000e+04 7.985304131872089650e-01 6.361837840922744680e-02
1.964500000000000000e+04 4.372913575207429959e-01 1.044214364853441601e-01
1.965200000000000000e+04 8.668590121493386924e-01 1.391629866614024248e-02
1.978600000000000000e+04 3.556815337371299623e-01 6.705329343507487883e-02
1.991700000000000000e+04 9.012056100964112026e-01 4.926897572947104564e-02
1.991800000000000000e+04 8.886978899598361181e-01 -7.321328736141352600e-02
1.991900000000000000e+04 6.508364854651087494e-01 -8.518788392568055201e-02
1.996300000000000000e+04 4.402366894551748011e-01 -1.036153813703551418e-01
1.996500000000000000e+04 5.862547080859417115e-01 -1.267419933732384096e-01
1.997100000000000000e+04 5.226642869263924407e-01 2.207686919114158763e-02
1.999800000000000000e+04 8.858113221817425220e-01 -1.396679939902212564e-01
2.000000000000000000e+04 8.135007244566010431e-01 -3.078819654964488894e-02
2.000300000000000000e+04 8.226319399562518342e-01 -2.645703619843360610e-02
2.004500000000000000e+04 1.014690509558958897e+00 2.886317561518119898e-02
2.004600000000000000e+04 9.328495031120153103e-01 3.373362405449439189e-03
2.004700000000000000e+04 8.948973165250037054e-01 -7.133858252224881125e-02
2.004800000000000000e+04 8.740630319581471630e-01 -1.011096519252843440e-01
2.004900000000000000e+04 9.054857606717878760e-01 -5.371539287180585043e-02
2.005000000000000000e+04 9.214822133463527187e-01 -5.745933166726192171e-02
2.005100000000000000e+04 8.860524163968156452e-01 -2.118754648837541023e-03
2.007200000000000000e+04 8.179752819486305615e-01 -1.493088636627516556e-02
2.007300000000000000e+04 7.606149114078294415e-01 2.422651075829116221e-02
2.007400000000000000e+04 9.373893869738535445e-01 -7.928321532925219906e-03
2.007500000000000000e+04 9.237796822987216494e-01 -4.267553253204103142e-02
2.007600000000000000e+04 9.432345708415980079e-01 2.957695980767559296e-02
2.007700000000000000e+04 9.215838482494453920e-01 -8.698853748618463888e-02
2.007800000000000000e+04 9.028080983032006346e-01 -6.497273521516715167e-02
2.007900000000000000e+04 9.417209144567160184e-01 -2.739873585187880406e-02
2.008000000000000000e+04 9.278193877074075724e-01 -3.996115291040599343e-02
2.010000000000000000e+04 7.877114071685304975e-01 -2.725016932262266586e-02
2.010100000000000000e+04 1.023553550852488447e+00 -1.196133709489323599e-01
2.010200000000000000e+04 1.007585552132038487e+00 -1.806782026252503042e-03
2.010300000000000000e+04 9.355416734080611585e-01 -6.659060594942006750e-02
2.010400000000000000e+04 9.209736772469923061e-01 -6.223076417606364374e-02
2.010500000000000000e+04 9.750373726745193981e-01 -1.209821124743859638e-01
2.010700000000000000e+04 8.917028239666867639e-01 -1.138217126020655556e-01
2.010800000000000000e+04 8.298443071864061160e-01 -1.552752284257873927e-01
2.012300000000000000e+04 9.794061572851867625e-01 9.203566526469549036e-02
2.012600000000000000e+04 8.876943865557718194e-01 -4.759536509870426063e-02
2.012700000000000000e+04 9.584361263736775882e-01 -1.535145344146970348e-01
2.012800000000000000e+04 9.126091482895319906e-01 -3.308020000569265873e-02
2.014200000000000000e+04 8.976242836462793306e-01 -4.969465602914984598e-02
2.016300000000000000e+04 9.229420617919195102e-01 -4.831021260489086477e-02
2.021500000000000000e+04 9.556938239127983348e-01 1.280558275535286297e-02
2.021700000000000000e+04 9.824824210315470374e-01 1.478324423747848504e-01
2.025000000000000000e+04 8.432466648298069245e-01 3.954702314013717329e-02
2.025100000000000000e+04 8.264121423715922177e-01 1.915620754123288291e-02
2.025200000000000000e+04 9.414983204373227332e-01 6.900011638748629328e-02
2.027400000000000000e+04 7.933970196631378036e-01 6.620240253909207007e-02
2.027500000000000000e+04 8.200672056313547120e-01 2.584328230739455640e-03
2.028100000000000000e+04 8.304207593300247936e-01 2.818773319506594904e-02
2.029000000000000000e+04 8.854961942676110587e-01 -5.422803052793391532e-02
2.029100000000000000e+04 9.811265549006283893e-01 2.329032595040427533e-01
2.029700000000000000e+04 9.796730918551410650e-01 2.006720594626319465e-01
2.029800000000000000e+04 1.000227875868905159e+00 2.154246160413895161e-01
2.029900000000000000e+04 9.874723053261845740e-01 2.303226980681192249e-01
2.030000000000000000e+04 9.529394748028214845e-01 2.559830861042518557e-01
2.031100000000000000e+04 7.000656449136960502e-01 5.284102022063518617e-02
2.031200000000000000e+04 7.637754231066492538e-01 -3.991078942437464167e-02
2.032000000000000000e+04 1.047743580476670822e+00 1.759895802388031227e-01
2.032100000000000000e+04 1.011939241247057142e+00 2.239057194747276769e-01
2.033200000000000000e+04 9.023187705539593706e-01 2.352942080433788330e-02
2.033900000000000000e+04 1.031945735524023799e+00 1.708005661032321876e-01
2.034000000000000000e+04 1.006634267783848236e+00 2.457564173199969504e-01
2.034100000000000000e+04 1.032596189724909852e+00 2.463644374991897368e-01
2.034200000000000000e+04 9.914261917779229050e-01 1.793565540597812646e-01
2.034800000000000000e+04 1.075414382408350633e+00 1.876598254448862968e-01
2.035500000000000000e+04 7.031032414634045269e-01 5.541385483926254338e-03
2.035600000000000000e+04 7.452547573888125276e-01 2.499366887066204260e-02
2.036300000000000000e+04 8.159319134918560090e-01 -2.504352119428252931e-03
2.036400000000000000e+04 7.850469636355104086e-01 -3.870405539561501407e-02
2.037900000000000000e+04 9.967476736577667307e-01 2.018114744016038797e-01
2.038000000000000000e+04 1.164806444496622628e+00 1.685200042254200170e-01
2.038600000000000000e+04 8.075763856291027221e-01 -7.216270216584837194e-02
2.038700000000000000e+04 8.445812856473067232e-01 -2.692107725820530248e-02
2.038800000000000000e+04 7.832457653607249881e-01 2.199309768489768682e-02
2.038900000000000000e+04 8.393018142630914724e-01 -9.452596579547022093e-03
2.040500000000000000e+04 8.515012714521092985e-01 4.240435788788259747e-02
2.040600000000000000e+04 7.899611623207185573e-01 -4.795559797468627872e-02
2.040700000000000000e+04 8.360647022414857688e-01 -4.007091853924064917e-02
2.040800000000000000e+04 8.394729218625256451e-01 -8.784227769339070235e-02
2.041000000000000000e+04 9.248718264844694170e-01 -4.418230024073629969e-02
2.041300000000000000e+04 8.538715148040900704e-01 -2.383682438323946745e-02
2.041400000000000000e+04 8.540963610895376812e-01 9.668312425341446179e-03
2.042000000000000000e+04 1.144521565959708775e+00 1.631764759821296429e-01
2.043900000000000000e+04 8.527887679230178319e-01 2.966837363977874870e-02
2.044000000000000000e+04 8.396829772956049265e-01 -2.161248361812317595e-02
2.044100000000000000e+04 8.925167791805593831e-01 -2.149205086466760700e-02
2.044200000000000000e+04 8.538898612457518356e-01 -4.813061328956978746e-02
2.044300000000000000e+04 8.663128688069382521e-01 -7.844102175144850031e-02
2.044400000000000000e+04 8.170751050667641735e-01 -4.673498213252712252e-02
2.044500000000000000e+04 8.276478049705994211e-01 -4.768135413693409125e-02
2.044600000000000000e+04 8.318279762791310761e-01 -3.765849758905123051e-02
2.045500000000000000e+04 1.200700670431386063e+00 1.262156642352806057e-01
2.048100000000000000e+04 8.744319264950418669e-01 -5.142833211377485086e-02
2.048200000000000000e+04 9.160667875642884983e-01 -1.441189943347976829e-02
2.048500000000000000e+04 8.682672704156652044e-01 1.537825890968675009e-02
2.050400000000000000e+04 8.767067200544272909e-01 1.948330458954928776e-02
2.050500000000000000e+04 8.283243621831555270e-01 -2.829861422092984705e-02
2.050600000000000000e+04 8.087888513376566557e-01 -4.598922846088750183e-02
2.050700000000000000e+04 8.491139859976750692e-01 -6.318569000531290558e-02
2.050800000000000000e+04 8.257877752259215054e-01 -3.158610130647266506e-02
2.050900000000000000e+04 5.560951118037779084e-01 -1.902950995114663715e-02
2.051300000000000000e+04 7.772978639349565899e-01 6.014093151772138129e-02
2.051500000000000000e+04 8.210868826628371364e-01 -1.731018283197573865e-02
2.051600000000000000e+04 7.927538767527222419e-01 -5.464845018333384236e-02
2.052000000000000000e+04 1.075524742073755480e+00 1.012452972789149586e-01
2.054100000000000000e+04 7.807519447402343493e-01 -1.053682387679130555e-01
2.054300000000000000e+04 8.309169659049054912e-01 1.701408669396680881e-02
2.056100000000000000e+04 9.014855997167772195e-01 -2.717297043743127638e-03
2.056200000000000000e+04 9.408894779207589432e-01 -9.588437965584860334e-02
2.065300000000000000e+04 7.191543809692665379e-01 1.564399334222599594e-02
2.065400000000000000e+04 8.114661695097924454e-01 1.305080247249395392e-02
2.065500000000000000e+04 8.158256165901265344e-01 1.895501389725685187e-02
2.065600000000000000e+04 8.647535796079979242e-01 -4.493668657840282389e-03
2.067500000000000000e+04 7.902134900894560721e-01 3.408768622143062976e-02
2.067600000000000000e+04 8.483630466767464462e-01 2.367832568758598821e-02
2.067700000000000000e+04 8.599934007606754305e-01 -1.138893959524466849e-02
2.067800000000000000e+04 8.887165809501460512e-01 -2.182126942053468424e-02
2.069000000000000000e+04 7.851091254093273131e-01 -2.864650027731351078e-02
2.069100000000000000e+04 8.025346064217910858e-01 1.411231600291054100e-01
2.069200000000000000e+04 8.626278977039588680e-01 -5.377333311832153961e-02
2.069300000000000000e+04 8.371431067086575473e-01 3.290478134197538651e-02
2.069800000000000000e+04 9.408542245743712895e-01 3.047016180889743908e-01
2.069900000000000000e+04 9.275817838099632562e-01 2.907516496003767492e-01
2.071100000000000000e+04 7.267975628059828441e-01 -5.269085526581061829e-02
2.071200000000000000e+04 8.331701975126719617e-01 -1.124701413990580011e-02
2.071300000000000000e+04 8.782511358678408708e-01 1.313695240169599765e-01
2.071400000000000000e+04 8.723059704472758691e-01 2.443545433976911443e-02
2.071500000000000000e+04 8.988876536934051753e-01 3.007540096528377171e-01
2.071600000000000000e+04 9.409878167410661298e-01 2.512481476897591159e-01
2.073000000000000000e+04 7.738368019754947591e-01 4.332021517928214688e-02
2.073100000000000000e+04 8.153211464892941018e-01 8.958524486852488533e-02
2.073300000000000000e+04 8.477180362664504809e-01 -1.847785060038140137e-02
2.073400000000000000e+04 8.292470108880138913e-01 2.359821292179817287e-02
2.073500000000000000e+04 8.854536693094072763e-01 5.509073512338510947e-02
2.073600000000000000e+04 8.780354068375364474e-01 3.759078399792378788e-02
2.073800000000000000e+04 9.254871662066462834e-01 2.284723936705772840e-01
2.073900000000000000e+04 9.302938076256145328e-01 2.451040519470915890e-01
2.075600000000000000e+04 8.237916289047171325e-01 -4.659305091998138144e-03
2.075700000000000000e+04 8.408150797868856330e-01 -2.970629113756893466e-02
