2.826300000000000000e+04 6.359797230807486823e-01 1.340805429711719732e-01
2.826500000000000000e+04 6.601358455471248998e-01 7.219894625462647264e-02
2.827400000000000000e+04 9.777607818269599127e-01 4.414079117117132578e-02
2.827500000000000000e+04 8.979343580120171531e-01 3.960807814999119797e-02
2.827700000000000000e+04 9.369591640391267129e-01 3.738144918465979849e-02
2.827900000000000000e+04 8.652466832616031445e-01 1.620185573127219114e-01
2.828100000000000000e+04 6.957254974506030809e-01 8.583540981660298108e-02
2.828300000000000000e+04 1.020410864277275786e+00 -1.786478884455377017e-02
2.828400000000000000e+04 9.678025127405751604e-01 -3.911737652212145949e-02
2.828500000000000000e+04 9.023431321080017664e-01 -1.285736183596650900e-02
2.829500000000000000e+04 1.103850602027259820e+00 3.682829671192498072e-02
2.829700000000000000e+04 8.181864382181066597e-01 3.601006818830140843e-02
2.829900000000000000e+04 6.828075027805463604e-01 -5.507448119731282732e-02
2.830200000000000000e+04 6.007964655136107668e-01 1.941508866908984166e-01
2.830300000000000000e+04 8.765754352816712558e-01 -8.539281450882962865e-02
2.830400000000000000e+04 9.071048232140840328e-01 -6.541802689608561261e-02
2.830600000000000000e+04 1.104349322847792747e+00 6.356281398349404588e-02
2.833000000000000000e+04 1.066078365747866075e+00 1.075334658195438164e-01
2.833100000000000000e+04 8.556696148991482787e-01 1.935970825368037163e-01
2.833300000000000000e+04 8.722489776407578166e-01 -1.064842538871398625e-01
2.833700000000000000e+04 5.568940584464446841e-01 -2.619336528610076431e-02
2.833800000000000000e+04 5.916823510171975720e-01 -1.810234961984808280e-02
2.833900000000000000e+04 7.838830198775230684e-01 -8.189858607516796452e-02
2.834000000000000000e+04 7.664204085500025965e-01 3.534377879222467406e-02
2.834100000000000000e+04 6.622264442356968761e-01 2.346573215002167347e-03
2.834200000000000000e+04 6.055504950186905155e-01 8.154213342853117164e-02
2.834500000000000000e+04 5.151647919043593760e-01 -5.752424239941482387e-03
2.834800000000000000e+04 7.595343422667295563e-01 1.597420035138372163e-01
2.834900000000000000e+04 6.980708760638786314e-01 1.212857858569570124e-01
2.835000000000000000e+04 7.142430725389559143e-01 2.676901417477350331e-01
2.835100000000000000e+04 4.177404673102607102e-01 -5.728831643213195407e-02
2.835200000000000000e+04 4.292009769756885418e-01 -1.464779669822298229e-02
2.835300000000000000e+04 4.111177046801118840e-01 2.234308705078360408e-02
2.839100000000000000e+04 9.848747032468770923e-01 -3.562093367893958556e-02
2.839200000000000000e+04 9.542370927766664623e-01 -7.440237234356004981e-02
2.839300000000000000e+04 8.950190602624571445e-01 7.147469214554544314e-02
2.839400000000000000e+04 9.441450741459609386e-01 -8.487348597222044155e-02
2.839500000000000000e+04 9.014482586451822987e-01 -1.120748072670148393e-01
2.839600000000000000e+04 8.946235286090820082e-01 -2.236108974266250854e-02
2.839700000000000000e+04 1.075505814674205141e+00 4.909619417519347703e-03
2.839800000000000000e+04 9.669922281619250937e-01 -3.575274402322657641e-02
2.839900000000000000e+04 8.994563626625697861e-01 -4.094130784066614404e-02
2.840000000000000000e+04 8.632457540011122532e-01 -7.252502184816442612e-03
2.842300000000000000e+04 8.323964794138499768e-01 -2.321928104921799560e-02
2.842400000000000000e+04 9.369322673633568854e-01 -5.945601478334840151e-02
2.842500000000000000e+04 8.899849145838075737e-01 3.499283596983022993e-02
2.842600000000000000e+04 8.516150948947124322e-01 2.304266353548638582e-02
2.842700000000000000e+04 9.370792094747821821e-01 1.174964394605186868e-01
2.842800000000000000e+04 8.760143728381724060e-01 1.154766807800154532e-01
2.842900000000000000e+04 1.023005048483233592e+00 6.916486849282424410e-02
2.843000000000000000e+04 9.597744557153706779e-01 7.947287826398127808e-02
2.843100000000000000e+04 9.401195400217959852e-01 2.972199210436555009e-02
2.843200000000000000e+04 9.035071831302718959e-01 -1.313142008610116221e-02
2.843300000000000000e+04 8.996735469320817913e-01 3.724596037174459414e-04
2.843500000000000000e+04 8.835538688445536692e-01 5.439402330399732699e-02
2.847200000000000000e+04 9.472803951932619038e-01 7.019080147024353566e-02
2.847300000000000000e+04 9.494557853088779753e-01 2.174535722833585011e-02
2.847400000000000000e+04 7.123176671625627288e-01 1.647949954658277372e-01
2.847600000000000000e+04 7.351767109111898568e-01 4.441703109833209512e-02
2.847700000000000000e+04 8.261054329546947406e-01 -9.443077235111423107e-02
2.847800000000000000e+04 8.565932624975106657e-01 -3.535581756036570988e-02
2.847900000000000000e+04 8.448577108329369256e-01 -1.029286339927624055e-01
2.848500000000000000e+04 9.586136467523537208e-01 1.785121284719611012e-02
2.848600000000000000e+04 9.095365914578996680e-01 -6.334411578436639767e-02
2.848700000000000000e+04 9.793570531925355205e-01 -3.255797925076388960e-02
2.848800000000000000e+04 9.155384108760060702e-01 -4.928612064049058689e-02
2.848900000000000000e+04 1.081565714069016026e+00 2.679476087397378650e-02
2.849000000000000000e+04 9.090756969298399159e-01 -6.305471131177425859e-02
2.849100000000000000e+04 1.032193119992880437e+00 4.299055752043342421e-02
2.849200000000000000e+04 9.942341169065326278e-01 -3.967574806475653026e-02
2.849300000000000000e+04 9.853337972330954431e-01 3.167010862661311099e-02
2.849400000000000000e+04 8.860682419505339080e-01 -1.072820264170721294e-01
2.849500000000000000e+04 9.193461895359049674e-01 -5.372878626132487206e-02
2.849600000000000000e+04 9.110625104040830369e-01 -3.285203717383187311e-02
2.850100000000000000e+04 1.034390005554828518e+00 1.110342799492397732e-02
2.850200000000000000e+04 9.218052693077153359e-01 -3.539135709747891906e-02
2.858300000000000000e+04 1.025997127337904047e+00 4.272642267706477925e-02
2.858700000000000000e+04 9.374375474600403768e-01 6.347929626370642231e-02
2.863000000000000000e+04 1.074668874648579742e+00 -3.604478523942031276e-02
2.863100000000000000e+04 9.120479082085487521e-01 3.216273553236156241e-02
2.866300000000000000e+04 9.974406250787432038e-01 -3.402485276841322667e-03
2.878300000000000000e+04 8.610868412814177697e-01 5.180215466980743477e-02
2.878500000000000000e+04 8.630803326638533113e-01 1.413609960658260833e-01
2.878600000000000000e+04 9.428484594934061214e-01 -2.124407826297351407e-02
2.878700000000000000e+04 1.001254870903883321e+00 7.202761567434259882e-02
2.880500000000000000e+04 8.832976849808716890e-01 9.116204286945531199e-02
2.880600000000000000e+04 9.282354504254062277e-01 1.008895190762822136e-02
2.880700000000000000e+04 8.895008038146197116e-01 6.096893138798973460e-02
2.880800000000000000e+04 9.123894562970424893e-01 7.157785585265642736e-02
2.880900000000000000e+04 9.191090327475366362e-01 -1.411188641571573255e-01
2.881900000000000000e+04 9.860036364228023098e-01 1.624913857883766577e-01
2.882000000000000000e+04 1.019143422532377663e+00 -1.120826177981321115e-02
2.882100000000000000e+04 9.376000495528461487e-01 -2.149731682981833106e-02
2.882200000000000000e+04 8.129722420577963904e-01 7.217021849753055274e-02
2.882300000000000000e+04 9.695903989376980503e-01 1.644003339156831917e-02
2.882700000000000000e+04 9.071317709882158464e-01 -5.411397474419131493e-02
2.882800000000000000e+04 8.016444771664335001e-01 -7.701365875587636023e-02
2.882900000000000000e+04 9.017104113251203090e-01 3.539116084900559289e-02
2.883000000000000000e+04 9.873434346585281407e-01 3.462320677592802681e-02
2.883100000000000000e+04 9.461253046801220146e-01 -1.840817063202939557e-02
2.885300000000000000e+04 8.440555341452664617e-01 -8.108599652980895411e-02
2.885400000000000000e+04 9.024080917466460461e-01 3.385736173846752572e-02
2.885500000000000000e+04 8.452206853828667654e-01 2.502981791680480156e-02
2.885600000000000000e+04 9.114761922940914918e-01 -1.677591241241481457e-02
2.888400000000000000e+04 9.345969111835106258e-01 1.161687536855789959e-01
2.888500000000000000e+04 9.178986687981095516e-01 -4.088504559322481136e-02
2.888600000000000000e+04 8.857323054675620977e-01 -5.427678725834981371e-02
2.888700000000000000e+04 8.466882580249799339e-01 -4.485947374478766250e-03
2.888800000000000000e+04 8.617015083586986313e-01 -2.136397928309495629e-03
2.888900000000000000e+04 8.755099979200200444e-01 1.381926830516938542e-02
2.889000000000000000e+04 7.532998024456398767e-01 -2.193600371409029637e-02
2.889100000000000000e+04 8.777137046352556649e-01 1.317348089597497780e-02
2.889300000000000000e+04 8.261375991466675117e-01 3.863792504822997909e-02
2.889400000000000000e+04 8.955600922939730424e-01 7.364329029700276974e-02
2.889500000000000000e+04 9.333250333260225684e-01 5.098621409187503034e-02
2.889600000000000000e+04 9.345170035050116564e-01 8.562882681788470951e-02
2.890700000000000000e+04 9.914283529982217402e-01 7.938800739650961336e-03
2.890800000000000000e+04 9.617979683553842252e-01 -8.715590775401342583e-03
2.890900000000000000e+04 9.934584154223222718e-01 4.735910313471338590e-02
2.891000000000000000e+04 9.606705385972473810e-01 -3.445501695296120104e-02
2.891100000000000000e+04 9.053674313649553440e-01 3.894675204245819783e-02
2.891200000000000000e+04 9.762207173142107841e-01 -2.441366451724397840e-03
2.891300000000000000e+04 8.663550110386398773e-01 -5.188814300513701350e-02
2.891400000000000000e+04 8.482455621145312818e-01 -2.837868138480741098e-02
2.891500000000000000e+04 8.563262829105313667e-01 2.915262003326322612e-02
2.891600000000000000e+04 6.534119317400978177e-01 -1.433961749041342826e-01
2.891800000000000000e+04 9.701596514849403219e-01 2.328567764742088542e-02
2.891900000000000000e+04 9.811803738173794365e-01 -1.874170597409925698e-02
2.892000000000000000e+04 9.667825239541096849e-01 3.421898782771556208e-02
2.892100000000000000e+04 1.020331646270820514e+00 7.381331785231469433e-02
2.892200000000000000e+04 9.504696829896374100e-01 3.400734495095515675e-02
2.894600000000000000e+04 5.642923751187571835e-01 1.759992222938408860e-02
2.896700000000000000e+04 9.214421605165385998e-01 5.616991353249567442e-02
2.896800000000000000e+04 9.077114283421809926e-01 4.305461409435099029e-02
2.896900000000000000e+04 9.064855963299160990e-01 2.452081182084812905e-02
2.897000000000000000e+04 9.636447449575968882e-01 -4.901610554149194582e-02
2.897100000000000000e+04 9.167074648661278635e-01 6.522777903376523329e-03
2.897200000000000000e+04 9.573409961239512933e-01 3.302876991478412294e-02
2.897400000000000000e+04 9.653830085003450856e-01 3.756967792957744551e-02
2.897500000000000000e+04 9.981950613825835150e-01 1.100523979864111157e-01
2.897600000000000000e+04 9.950665006741716834e-01 7.588912531789314408e-02
2.897700000000000000e+04 9.884049771559165753e-01 4.694294961772468855e-02
2.897800000000000000e+04 1.019721970418989931e+00 -6.481516390274703714e-03
2.897900000000000000e+04 1.022090581182584890e+00 4.825417532887070482e-02
2.898000000000000000e+04 8.538251057215776596e-01 4.061038225182834333e-02
2.898100000000000000e+04 8.017148454942021329e-01 1.318861733775133216e-01
2.898900000000000000e+04 9.771597288233662137e-01 -6.165776815135899300e-03
2.899000000000000000e+04 1.025877029200679802e+00 8.240248222067710071e-03
2.899200000000000000e+04 9.934570398786942702e-01 7.305067035652577923e-02
2.899300000000000000e+04 9.894035000173143635e-01 -4.766282794369755549e-02
2.899400000000000000e+04 1.072328006477759388e+00 1.447695671705853324e-02
2.899500000000000000e+04 9.213718427218772211e-01 -3.078695626299104635e-02
2.899600000000000000e+04 9.753268595007208441e-01 1.968270443116259746e-02
2.900000000000000000e+04 1.032846472518063496e+00 8.418469774447730203e-02
2.900100000000000000e+04 9.230309802686211818e-01 -4.020371381606215044e-02
2.900200000000000000e+04 9.325755157032830089e-01 -2.881975506262129602e-02
2.900300000000000000e+04 9.700349915552746172e-01 3.780993842853760251e-02
2.900400000000000000e+04 1.057792832455511700e+00 6.632558154667503314e-02
2.901900000000000000e+04 1.005787954316206489e+00 1.183108601085842634e-02
2.902000000000000000e+04 1.048207251779343263e+00 -6.890870758763129045e-02
2.902100000000000000e+04 9.334737319542699696e-01 5.391609387110195793e-03
2.902200000000000000e+04 9.598442386909127322e-01 -6.829678909694289479e-02
2.902400000000000000e+04 9.926028940832638536e-01 1.370359723505311378e-01
2.902500000000000000e+04 9.738700952441868841e-01 7.338359389689186330e-02
2.902600000000000000e+04 9.549035140987435222e-01 1.104111650331111860e-01
2.902700000000000000e+04 9.581120441070628546e-01 1.054790025152414767e-02
2.902800000000000000e+04 9.890505137425920079e-01 -2.535541409119988418e-02
2.902900000000000000e+04 9.329559278852131987e-01 -2.189253579182302845e-02
2.903000000000000000e+04 1.017274862438747318e+00 8.033458978593441269e-02
2.903100000000000000e+04 8.995871013791416626e-01 -1.166586225390088376e-02
2.904200000000000000e+04 8.948006446075480458e-01 6.755871475218551414e-02
2.904300000000000000e+04 8.871368236146217612e-01 7.780802788745656839e-02
2.904400000000000000e+04 8.511239164080720565e-01 1.785431888101905035e-02
2.904500000000000000e+04 8.897192987632602801e-01 7.211101914935479085e-02
2.904700000000000000e+04 8.432881592932238712e-01 1.028899601468309111e-01
2.904800000000000000e+04 8.875389931828910894e-01 -4.104373837710749429e-02
2.904900000000000000e+04 9.599754324119924576e-01 -1.006794609562947519e-03
2.905000000000000000e+04 9.165670300347882327e-01 -9.635829155134177648e-02
2.905100000000000000e+04 9.368052736828976768e-01 -3.658993276023178587e-02
2.907000000000000000e+04 8.543915677753015636e-01 1.532251418191705739e-01
2.907100000000000000e+04 7.415357771960365829e-01 9.033523327220535637e-02
2.907200000000000000e+04 8.585399388060078740e-01 1.373932337689293126e-01
2.907300000000000000e+04 8.950600736560259119e-01 -4.191985078149512711e-02
2.907400000000000000e+04 8.490995849312915622e-01 -5.605613591879565760e-02
2.907500000000000000e+04 1.011565851049524012e+00 2.967171207725423018e-02
2.908700000000000000e+04 9.285435450620538322e-01 -3.458761346523610281e-02
2.908800000000000000e+04 8.775550412499794062e-01 1.022883079077870905e-01
2.908900000000000000e+04 9.162294395976736672e-01 -3.651118101613796962e-02
2.909100000000000000e+04 9.491871301048043774e-01 -1.466451611746291553e-03
2.909200000000000000e+04 9.663180327499479860e-01 -4.853054551300947650e-02
2.909300000000000000e+04 9.243058472001584036e-01 3.851345340519386068e-03
2.909400000000000000e+04 1.031589076572287711e+00 -2.987335370380905450e-03
2.909500000000000000e+04 1.032327430460185713e+00 -2.237222682918133324e-02
2.909600000000000000e+04 9.507953302768851200e-01 9.138552416378085963e-03
2.909700000000000000e+04 9.596786575320715995e-01 8.686447457918675119e-02
2.911600000000000000e+04 1.019430199303439366e+00 -4.321096073747868888e-02
2.911800000000000000e+04 8.753881802944930568e-01 2.471753395554092403e-02
2.911900000000000000e+04 9.086720644251349288e-01 7.805273996334149977e-02
2.912000000000000000e+04 1.004805557949020267e+00 6.267071488798853750e-03
2.912100000000000000e+04 1.088276013412334819e+00 -3.292766574425896181e-02
