5.131800000000000000e+04 8.804782190412795417e-01 -6.179370721865774102e-02
5.131900000000000000e+04 9.609016413003521606e-01 6.232103888558295640e-02
5.132000000000000000e+04 1.069508517734096831e+00 1.201020522710621874e-01
5.132100000000000000e+04 1.009889074998167935e+00 2.835639754628960230e-02
5.132200000000000000e+04 9.364793520213203770e-01 3.354362969429331570e-02
5.133100000000000000e+04 9.368113524052794627e-01 -1.118078625855042502e-01
5.134400000000000000e+04 9.611597032559102693e-01 -1.365683605455124128e-01
5.134800000000000000e+04 1.119571606558805943e+00 3.750431590727387743e-02
5.134900000000000000e+04 1.096185793235903150e+00 9.974112055518895292e-03
5.135000000000000000e+04 1.157369090947975909e+00 -2.533638432722147213e-02
5.135100000000000000e+04 1.033609989597842116e+00 -5.357303381390880054e-02
5.136200000000000000e+04 1.092649243251567537e+00 6.258396373307964500e-02
5.136300000000000000e+04 1.092569189290243603e+00 3.974683136657639754e-02
5.136700000000000000e+04 1.088164873759895457e+00 -4.917297081081491161e-02
5.136800000000000000e+04 1.024467267293591277e+00 -9.331189155761965975e-03
5.136900000000000000e+04 1.045909249350898129e+00 -4.950600644673101847e-02
5.138100000000000000e+04 1.067175629704150364e+00 -9.355939311775469946e-02
5.138200000000000000e+04 1.033282625512957020e+00 -2.431334551970527891e-02
5.138300000000000000e+04 1.114685489057726908e+00 -1.677961719617450040e-02
5.138400000000000000e+04 1.016903471380272928e+00 -5.727253817817213113e-03
5.138500000000000000e+04 1.047017797010021622e+00 2.496319352272115266e-02
5.138600000000000000e+04 1.038795182721925947e+00 -2.680527572393056127e-02
5.138700000000000000e+04 1.042134225390569879e+00 -2.953357191228557499e-04
5.138800000000000000e+04 9.435551563867217162e-01 -2.549515171639969713e-02
5.138900000000000000e+04 1.057344702968908257e+00 -4.683582239522711410e-02
5.140300000000000000e+04 7.696475809132706791e-01 2.925085321116798615e-02
5.142700000000000000e+04 9.541944384172157401e-01 -4.625206459662208058e-02
5.144300000000000000e+04 9.191353427692706690e-01 -8.352445016645278220e-02
5.144400000000000000e+04 9.912363302500881712e-01 -7.720186524953527238e-03
5.144500000000000000e+04 1.005845355645934802e+00 3.780143498978431188e-02
5.144600000000000000e+04 1.028359918469534673e+00 -5.715132827167135332e-02
5.144700000000000000e+04 1.041818725594337858e+00 6.090018413005012649e-02
5.144900000000000000e+04 1.034517376768091967e+00 -6.340036863360254231e-03
5.145000000000000000e+04 1.000688614537381005e+00 2.606727129061217271e-02
5.145100000000000000e+04 9.214909430976463423e-01 3.145952533467502588e-02
5.146000000000000000e+04 1.066986636240088826e+00 1.418527734458548406e-01
5.147300000000000000e+04 1.032736426944953267e+00 6.205654876507157858e-02
5.147400000000000000e+04 1.008119069159052694e+00 5.905802746475535825e-02
5.147500000000000000e+04 9.592712490295851602e-01 -7.435506409241197934e-02
5.147600000000000000e+04 1.081380056136182599e+00 -7.639036034053102442e-02
5.150000000000000000e+04 9.528671383472655521e-01 -1.306539967593967622e-01
5.150500000000000000e+04 9.136786742842972764e-01 -7.956087460199002745e-03
5.152400000000000000e+04 1.058586732682051279e+00 -1.868885849820816486e-02
5.155000000000000000e+04 1.071640711113947653e+00 -1.092995511614191151e-03
5.157900000000000000e+04 1.080906502705073491e+00 6.515999972234524928e-02
5.158000000000000000e+04 1.008094479222997997e+00 -5.493454287825349364e-02
5.158200000000000000e+04 9.823034009435133163e-01 -3.639625429754866220e-02
5.158300000000000000e+04 9.167015716929345359e-01 -1.281271231862849899e-02
5.158400000000000000e+04 8.937054284446684926e-01 1.131822620123189987e-03
5.161100000000000000e+04 9.404857911848135688e-01 -5.895437840616973846e-02
5.161200000000000000e+04 9.066560120908989662e-01 -7.419940130798562128e-02
5.162000000000000000e+04 1.053213712548611625e+00 4.753619954216044274e-02
5.162100000000000000e+04 9.535641798564927774e-01 1.047349519307788079e-01
5.164500000000000000e+04 9.926812454162120547e-01 2.512438419307551352e-02
5.164600000000000000e+04 1.025408352061351058e+00 1.409146799147789619e-02
5.171800000000000000e+04 1.087182579945138228e+00 1.217799395259938772e-01
5.171900000000000000e+04 1.085408092948967118e+00 -5.054932144607046651e-02
5.174900000000000000e+04 1.073390548508974085e+00 -2.105890308978669231e-02
5.175000000000000000e+04 1.070706080898859325e+00 -8.306415327122562697e-02
5.182100000000000000e+04 1.084442208115224737e+00 9.917212814177803204e-02
5.186700000000000000e+04 9.565443758854242917e-01 6.046728342848841503e-02
5.186800000000000000e+04 9.357495811591526325e-01 -5.166895042155825873e-02
5.187300000000000000e+04 1.011781472221353839e+00 -1.313956044746418615e-03
5.188300000000000000e+04 1.004658698956967244e+00 3.586936699300556641e-02
5.188400000000000000e+04 9.477730517468397897e-01 1.437913453410359123e-02
5.188600000000000000e+04 1.020722320423588236e+00 1.086970437025945417e-03
5.188800000000000000e+04 9.889554185219067151e-01 3.638472147036119625e-02
5.189900000000000000e+04 1.034318501073043794e+00 -9.852132667255361631e-02
5.191400000000000000e+04 9.549141513026628836e-01 1.060042233562468045e-01
5.191500000000000000e+04 9.116292478201072358e-01 -9.244681658601887689e-04
5.191600000000000000e+04 1.032500545876590570e+00 1.622715642968632077e-02
5.191700000000000000e+04 9.665268284793504527e-01 1.671018436957287523e-02
5.191800000000000000e+04 9.603105734997479104e-01 -1.529000361427175665e-02
5.193300000000000000e+04 9.417501185060420665e-01 9.504341197172061495e-02
5.193400000000000000e+04 9.839009453836272678e-01 -4.227973191409205300e-02
5.193500000000000000e+04 1.025080445067516166e+00 2.396853963835513662e-02
5.193600000000000000e+04 1.037323458463081716e+00 2.498897814501626485e-02
5.193700000000000000e+04 8.394387877909337270e-01 1.272352863028024805e-01
5.194400000000000000e+04 9.229833470958518360e-01 -6.932561953542012989e-02
5.195700000000000000e+04 9.086586379709478134e-01 1.222620831975261974e-01
5.195900000000000000e+04 9.732575616494749671e-01 9.894218132322839948e-03
5.198100000000000000e+04 1.094795871060569414e+00 3.421691511552326509e-02
5.198200000000000000e+04 9.352238987772202305e-01 -1.076374211280867708e-02
5.198900000000000000e+04 1.020624914055058730e+00 -2.348616671402331893e-02
5.199600000000000000e+04 8.834692963536343591e-01 -1.192717045888980615e-01
5.200300000000000000e+04 9.970105372510338348e-01 -2.248600646454159552e-02
5.200400000000000000e+04 1.056204842002683719e+00 -1.120380034081884663e-01
5.201800000000000000e+04 8.662841224962170017e-01 5.607049183053276764e-02
5.202500000000000000e+04 9.582569697988204682e-01 -1.385278172831424237e-01
5.202700000000000000e+04 9.218324842737033453e-01 3.192603865467243118e-02
5.202800000000000000e+04 9.860995748235275027e-01 -6.536307511234198953e-02
5.202900000000000000e+04 8.877492644566624680e-01 -5.266433617512125687e-04
5.203300000000000000e+04 1.102726236848324382e+00 4.153249141040844805e-02
5.203400000000000000e+04 1.007788004784373470e+00 1.438514038154949104e-02
5.203500000000000000e+04 1.032403959822354889e+00 -3.189512400569691208e-02
5.203600000000000000e+04 1.047319430826769038e+00 3.147879777739860663e-02
5.204600000000000000e+04 8.595414699579301265e-01 -5.431784092840793304e-02
5.204700000000000000e+04 1.001076415079398263e+00 8.113021902273907793e-02
5.204800000000000000e+04 1.056107176046643614e+00 4.003246549766679985e-02
5.205400000000000000e+04 9.340019483254325960e-01 -9.423878719377008772e-02
5.205500000000000000e+04 9.482222986854407232e-01 -3.094316042792591773e-02
5.205600000000000000e+04 8.456479064979366411e-01 -7.400115085234222623e-02
5.205700000000000000e+04 9.350278520162425000e-01 9.568320671059435401e-03
5.205900000000000000e+04 1.044408819486355000e+00 -1.147311455166890974e-02
5.206000000000000000e+04 1.021906678121907053e+00 7.099844547399997152e-02
5.206100000000000000e+04 9.734076314023205612e-01 -7.087903019701738416e-02
5.206200000000000000e+04 1.041273917488796608e+00 3.018698708378273962e-02
5.207700000000000000e+04 9.949586501760118162e-01 1.118378023309157072e-03
5.208000000000000000e+04 8.168933975420297200e-01 4.890667519618100735e-03
5.208100000000000000e+04 9.045726306016139695e-01 -4.903607223655766928e-02
5.208300000000000000e+04 9.463556228326467368e-01 -8.411638666690611499e-02
5.208400000000000000e+04 9.123268446824231992e-01 7.698041728941874828e-04
5.208800000000000000e+04 1.086502267710177883e+00 -4.955389956210298763e-02
5.208900000000000000e+04 9.772635950016476114e-01 -2.422907912640548389e-02
5.209100000000000000e+04 1.091079576826719855e+00 1.981932787545646890e-02
5.209200000000000000e+04 1.058164553284460130e+00 6.967024437800548031e-03
5.209300000000000000e+04 1.017783718979035523e+00 -2.404114705115428102e-02
5.210300000000000000e+04 8.862799968175362197e-01 -1.200472224381986253e-01
5.210400000000000000e+04 9.254483181209813836e-01 -1.345770390048980913e-01
5.210500000000000000e+04 9.525944418965697214e-01 2.033374258104394747e-02
5.210600000000000000e+04 1.047955939276568715e+00 8.587670401303910961e-02
5.210700000000000000e+04 9.937623050456264595e-01 -4.492953511920486087e-02
5.211200000000000000e+04 1.008980947370297532e+00 3.042193497028937432e-02
5.211500000000000000e+04 9.499545786279517401e-01 -9.000652631149116956e-02
5.215500000000000000e+04 9.490868909997273173e-01 2.268192597233433319e-02
5.215600000000000000e+04 1.051693076399059512e+00 5.025312828558283276e-03
5.215900000000000000e+04 1.028222294229286904e+00 -3.862844075292647811e-02
5.216000000000000000e+04 1.077466912209852357e+00 2.490853742705120485e-02
5.216800000000000000e+04 9.010854492405145910e-01 -2.833823996647494639e-02
5.218100000000000000e+04 9.415689424231220572e-01 1.079134912594750806e-01
5.218200000000000000e+04 1.016805014134962271e+00 3.659630069844917871e-02
5.218400000000000000e+04 1.018994140877222732e+00 -4.593069215698105529e-02
5.218500000000000000e+04 1.027742867871878518e+00 -9.940301976185933475e-02
5.222300000000000000e+04 1.042785432336032603e+00 -4.479241714222163134e-02
5.222400000000000000e+04 1.114269565145053154e+00 4.166904896011319748e-02
5.222600000000000000e+04 1.058994865027877097e+00 -2.008842098541423551e-02
5.222700000000000000e+04 1.011051523041138767e+00 -5.106314599097093454e-02
5.222800000000000000e+04 9.754438187226460721e-01 2.265192873434108273e-02
5.224500000000000000e+04 1.065391097375252949e+00 1.608854243332530354e-01
5.224700000000000000e+04 1.165947211686758411e+00 9.580486057572263833e-03
5.224900000000000000e+04 1.022288260996011111e+00 5.979532220171705770e-02
5.226200000000000000e+04 1.009331460279518033e+00 9.121013161338456521e-02
5.226300000000000000e+04 1.029664702374657237e+00 -9.582428204908590569e-04
5.226900000000000000e+04 9.910878967253350380e-01 1.675086680223961122e-02
5.227000000000000000e+04 8.863331565818300950e-01 -6.564786930379476471e-02
5.229800000000000000e+04 9.456231637628123021e-01 8.445051661843366864e-02
5.235200000000000000e+04 1.014823612536855046e+00 -1.909643386799917200e-02
5.235300000000000000e+04 9.797492657174441399e-01 -5.578874657606301690e-02
5.236900000000000000e+04 9.962256360182224491e-01 6.888464821141901395e-02
5.237000000000000000e+04 1.012712347020619630e+00 7.163242455592556956e-02
5.238500000000000000e+04 9.503380398586953604e-01 6.165690964333280649e-02
5.238600000000000000e+04 9.408196801757058303e-01 5.641702344945563607e-02
5.240500000000000000e+04 9.864925041076736401e-01 7.340855289313155674e-02
5.240600000000000000e+04 1.034047899818216543e+00 6.932325125693436160e-03
5.241300000000000000e+04 8.865931091208211212e-01 -3.385135624740638616e-02
5.241400000000000000e+04 9.338410280299396238e-01 -4.667164031293841858e-02
5.247000000000000000e+04 9.167203717974576893e-01 -2.317268923998110075e-02
5.247100000000000000e+04 9.318499469576195793e-01 3.116048063325336376e-02
5.247700000000000000e+04 1.010961554823112563e+00 3.117222908668605338e-02
5.250000000000000000e+04 1.003655594917850058e+00 -5.313547531927696743e-02
5.250100000000000000e+04 9.692287440016087441e-01 -1.025590013638845860e-01
5.250200000000000000e+04 1.099013919493634139e+00 -6.502696631433102503e-02
5.250300000000000000e+04 9.624055619799809502e-01 -4.333783994131527872e-02
5.252600000000000000e+04 9.862741862030228734e-01 9.825055519006932470e-02
5.253300000000000000e+04 9.884898546762149740e-01 -1.559391172022675798e-01
5.253400000000000000e+04 1.022591142596854352e+00 -6.723277862949610106e-02
5.253500000000000000e+04 9.523714897893628129e-01 -1.493821989762598446e-01
5.253600000000000000e+04 8.776496350492658527e-01 1.160425409445240558e-02
5.253700000000000000e+04 9.360964190254555950e-01 4.543381026797384953e-02
5.255000000000000000e+04 8.925688966605408448e-01 -3.735050723584488509e-03
5.255100000000000000e+04 1.202636524119174544e+00 -3.396685783472601361e-02
5.255800000000000000e+04 8.844262581529016565e-01 1.008369397606778128e-01
5.255900000000000000e+04 9.119282994023105715e-01 4.647860983279177016e-02
5.256000000000000000e+04 1.034140906973299190e+00 -6.523388317069642173e-02
5.256100000000000000e+04 8.718093431242669444e-01 -1.646385743385412812e-02
5.256200000000000000e+04 9.683697760599433435e-01 1.316460119365276196e-02
5.257700000000000000e+04 9.111598038383866838e-01 2.399438703183338212e-02
5.258300000000000000e+04 9.287374876978218285e-01 -8.810821671877804018e-02
5.258400000000000000e+04 9.005142152338236894e-01 -3.205164269419431833e-02
5.258600000000000000e+04 1.039517365378026748e+00 -2.341993557880342469e-02
5.258700000000000000e+04 9.577900435177887362e-01 -8.350585175240575475e-02
5.258800000000000000e+04 9.801063976018258295e-01 -4.901556860030540329e-03
5.260300000000000000e+04 9.778637422217616448e-01 7.199583515914027843e-02
5.260800000000000000e+04 9.090150859911813042e-01 -5.038401242249058304e-02
5.261000000000000000e+04 9.288214764091389242e-01 -1.973796669848150789e-02
5.261100000000000000e+04 9.868791662380433927e-01 5.188989155241586354e-02
5.261200000000000000e+04 9.844011388222352332e-01 -4.167423466467395921e-03
5.261300000000000000e+04 9.951227451668218649e-01 3.489276356532667461e-04
5.263400000000000000e+04 8.934238375554501843e-01 -4.472559657443801739e-03
5.263500000000000000e+04 9.930674961944823131e-01 3.227756976462221178e-02
5.263600000000000000e+04 1.082603300494225707e+00 5.824726021050127128e-02
5.263700000000000000e+04 8.925932819353221692e-01 7.714191359034895668e-02
5.263800000000000000e+04 9.899931646670062646e-01 -6.700149069902251384e-03
5.265300000000000000e+04 9.767700486598683840e-01 -4.921346994515943263e-02
5.265900000000000000e+04 9.216747183352317352e-01 -1.447917472285896977e-02
5.266000000000000000e+04 9.829383568622926948e-01 -6.226821329702772467e-02
5.266100000000000000e+04 9.958520652525862937e-01 4.892649830405220064e-03
5.266200000000000000e+04 9.757103638236586107e-01 -1.020871290701382550e-01
5.266500000000000000e+04 9.975189118776484065e-01 -8.506833086496794205e-03
5.270300000000000000e+04 1.051387804222865707e+00 -3.288564983300951844e-02
