7.982700000000000000e+04 1.233314998761641634e+00 1.514244228524925899e-02
7.982800000000000000e+04 1.146647880325692315e+00 -1.096767401728115376e-01
7.982900000000000000e+04 1.094500704486126352e+00 -9.916842992879570939e-02
7.983000000000000000e+04 1.108711801495580573e+00 -6.794816001717884045e-03
7.983100000000000000e+04 1.227740200632238876e+00 -1.058877542038405839e-01
8.012200000000000000e+04 8.653814199867224666e-01 -3.352575378893519423e-03
8.012400000000000000e+04 8.765111560881762021e-01 5.120562228140444067e-02
8.012900000000000000e+04 8.644613223641769428e-01 -4.247948690096373797e-03
8.013200000000000000e+04 7.817841435472854261e-01 3.982678448220187267e-02
8.013400000000000000e+04 9.053978362725152440e-01 -1.940781717438240517e-02
8.015800000000000000e+04 8.466468418958703612e-01 8.622665816000057298e-03
8.016100000000000000e+04 8.408746578082318957e-01 -8.954504068737287326e-02
8.016300000000000000e+04 9.113331544887971480e-01 -7.232332192882151567e-02
8.016500000000000000e+04 7.830354526971350371e-01 -1.985820010910018668e-02
8.016700000000000000e+04 9.128953056553360534e-01 -3.980516155020604602e-02
8.017000000000000000e+04 8.949725522396773103e-01 2.817566712951984770e-02
8.019000000000000000e+04 1.064190268061570244e+00 1.868387269370487894e-02
8.019100000000000000e+04 9.609975111006441306e-01 1.343797780399592695e-03
8.032800000000000000e+04 8.691578326504397767e-01 -9.340922188638986490e-02
8.032900000000000000e+04 8.670668705189981118e-01 -3.624185947525308121e-02
8.036500000000000000e+04 5.229501905972215869e-01 -1.195289887799874141e-02
8.036900000000000000e+04 8.746373542317259497e-01 -4.679040861550914226e-02
8.037000000000000000e+04 7.994499896545019801e-01 -5.377703932721524666e-02
8.037100000000000000e+04 8.543306697763995983e-01 2.908273952149224503e-02
8.037200000000000000e+04 9.040097575940591046e-01 -1.719754009177523746e-02
8.040800000000000000e+04 9.165972002732859503e-01 1.193295366137017560e-01
8.041100000000000000e+04 8.441930917420642499e-01 -8.389392097856395586e-03
8.041500000000000000e+04 9.066602318559077167e-01 8.058480282700898611e-02
8.041600000000000000e+04 8.313112466078877993e-01 8.329809957926807840e-02
8.041700000000000000e+04 8.647142834064043271e-01 -8.602430919056680558e-02
8.053900000000000000e+04 8.500106388914266953e-01 -3.866018359576312447e-03
8.056000000000000000e+04 8.738179815167234077e-01 7.401553975147169562e-03
8.056100000000000000e+04 8.123107988648899935e-01 1.523338640139914046e-01
8.056200000000000000e+04 8.302137983280488687e-01 2.926281457341347106e-02
8.056400000000000000e+04 7.917353947771167411e-01 5.207045555424677508e-02
8.056600000000000000e+04 8.436988977444093152e-01 -5.221679804535177966e-02
8.056800000000000000e+04 8.453880154724476848e-01 -5.291576923866378457e-02
8.059500000000000000e+04 8.691526928906864180e-01 -4.363493249358375847e-02
8.059900000000000000e+04 8.463505556167330024e-01 -9.339281804431229239e-02
8.060200000000000000e+04 8.183450918488955894e-01 1.888462514303996045e-02
8.061600000000000000e+04 8.953626264852156957e-01 1.089728192449607863e-01
8.072200000000000000e+04 9.726436158090705497e-01 -2.944543906944595280e-02
8.072400000000000000e+04 8.864347449510300292e-01 -5.451922910960692314e-02
8.074300000000000000e+04 8.531909373053508938e-01 4.853077206266178528e-02
8.074500000000000000e+04 8.259305942354450147e-01 -8.430389319219530608e-02
8.074900000000000000e+04 8.599416289271973879e-01 1.977974874539541877e-02
8.075400000000000000e+04 8.961215350937619117e-01 7.160558880966214068e-02
8.076500000000000000e+04 6.137374384634010083e-01 8.880405436828373023e-02
8.076600000000000000e+04 7.162616478665445596e-01 2.697998765771229823e-02
8.076700000000000000e+04 8.333967228836703933e-01 3.839113312444011883e-02
8.076800000000000000e+04 8.426172252851689137e-01 8.856900796612091412e-03
8.079700000000000000e+04 8.862050372520698938e-01 3.230764234223715281e-02
8.080000000000000000e+04 8.783029916814013571e-01 -1.729309467720257024e-02
8.080300000000000000e+04 8.882497550974129963e-01 5.124470807579889486e-02
8.080600000000000000e+04 8.470995175579555392e-01 -9.372301359206365590e-02
8.080700000000000000e+04 7.800768181872469453e-01 -2.505851528462332833e-02
8.086100000000000000e+04 8.375986584245299627e-01 5.188251707208162838e-02
8.090500000000000000e+04 7.949699561282036475e-01 -4.209220769946189072e-02
8.090700000000000000e+04 8.070331702087084613e-01 -6.999064534995970421e-02
8.091900000000000000e+04 8.384327300822970175e-01 -5.561696539804850820e-02
8.092000000000000000e+04 9.128047569437475195e-01 2.195744674256524739e-02
8.092100000000000000e+04 7.969478950906304648e-01 1.037785098884743545e-02
8.092200000000000000e+04 8.208853580085787582e-01 1.935350166698824453e-02
8.095100000000000000e+04 8.739265517370031766e-01 2.017334975025748475e-02
8.095200000000000000e+04 8.657258518050785501e-01 -1.129717000811283727e-02
8.095500000000000000e+04 9.033942618497541321e-01 5.475424588524756275e-02
8.095700000000000000e+04 8.217465143628566171e-01 -4.523405481664618394e-02
8.095900000000000000e+04 8.582129482916303065e-01 -3.570412418285968253e-02
8.096000000000000000e+04 8.604149519147261671e-01 -2.397362345175651620e-03
8.096300000000000000e+04 8.454431752460433991e-01 -1.603419948369808751e-02
8.096600000000000000e+04 8.394635322021742896e-01 -5.034697992637718333e-02
8.096800000000000000e+04 8.435833834253054775e-01 -9.735697366013656984e-02
8.097000000000000000e+04 9.247712097339856330e-01 3.900197925407918043e-02
8.097300000000000000e+04 8.667147715924419238e-01 -1.428632114678703158e-02
8.097400000000000000e+04 8.431875035692224518e-01 1.771219783469710554e-02
8.097500000000000000e+04 8.401698169684875817e-01 1.011298879371961418e-02
8.099700000000000000e+04 9.436512557034908433e-01 5.077640013685062043e-02
8.099800000000000000e+04 9.335237512411596050e-01 6.300388243191017146e-02
8.100300000000000000e+04 9.025357357359757859e-01 -7.288926428560819903e-02
8.100400000000000000e+04 8.592697482848283830e-01 4.754949125897688610e-03
8.100500000000000000e+04 8.836997847495275948e-01 2.668084073570098358e-02
8.100600000000000000e+04 8.279042494215610448e-01 2.834703889406616634e-02
8.100700000000000000e+04 8.727449111591891739e-01 -9.954375303329959790e-03
8.100800000000000000e+04 8.790575047778996787e-01 -8.809272255364767462e-03
8.100900000000000000e+04 9.141260236125203775e-01 4.493651086608000528e-02
8.101000000000000000e+04 8.579729687491826073e-01 1.639827765953405236e-01
8.102400000000000000e+04 9.336577016676076424e-01 -3.697876376261782089e-02
8.102500000000000000e+04 9.397049030655014734e-01 6.542868814855499343e-03
8.102700000000000000e+04 9.499799363372255501e-01 4.155509158819677834e-02
8.102900000000000000e+04 8.769491697954430176e-01 -4.327066131464564480e-02
8.103000000000000000e+04 8.505577606554137748e-01 -2.878042602028885177e-02
8.103100000000000000e+04 8.874057178190458695e-01 -2.967371170758600907e-02
8.103300000000000000e+04 8.413524477357955389e-01 5.649338514836666630e-02
8.103500000000000000e+04 8.405106135997016947e-01 1.973180462024676229e-02
8.104300000000000000e+04 8.841216664830773286e-01 -1.222413208567740828e-02
8.106200000000000000e+04 8.081020627591223304e-01 3.825824535750545902e-02
8.106400000000000000e+04 9.509943319206820567e-01 2.394008005314108081e-02
8.106600000000000000e+04 8.309568989637663439e-01 1.595904236566219880e-01
8.108600000000000000e+04 7.894651859417208817e-01 -3.201811694337927672e-02
8.108900000000000000e+04 8.484339355203205368e-01 1.772104705794227616e-02
8.109300000000000000e+04 8.414098856284030203e-01 1.164648200508714565e-02
8.109500000000000000e+04 8.199425112952496431e-01 8.765424469888277725e-02
8.109800000000000000e+04 7.824947664375948575e-01 2.059663286198008814e-02
8.110200000000000000e+04 8.393711445687610517e-01 -2.510712138360419662e-02
8.110700000000000000e+04 8.777449705909814437e-01 1.084484745406343043e-01
8.111100000000000000e+04 8.703909807651830643e-01 5.185352544508921302e-02
8.111300000000000000e+04 8.699958147266437791e-01 -3.356512538780932753e-02
8.111500000000000000e+04 8.586701647936230142e-01 4.510187046285159956e-02
8.111600000000000000e+04 8.581863480984019965e-01 1.403338839630434987e-01
8.111700000000000000e+04 8.693379518401126438e-01 1.105782854447286134e-01
8.113300000000000000e+04 8.874113167174845218e-01 -2.382243268508104500e-02
8.113400000000000000e+04 7.740706170188426105e-01 -7.887506897033071118e-02
8.113500000000000000e+04 8.866991649463284997e-01 -2.245906949391932375e-02
8.113600000000000000e+04 8.709158179430225299e-01 -2.771987202421993465e-02
8.113900000000000000e+04 8.779358588893213522e-01 2.767083410300646626e-02
8.114000000000000000e+04 8.665032668969230301e-01 -4.992341102926865781e-02
8.114100000000000000e+04 8.964398589036532972e-01 4.358016304132077828e-02
8.114200000000000000e+04 8.901859835161215484e-01 -7.739847749617285999e-04
8.114300000000000000e+04 8.364156940390669037e-01 -1.403510467029573348e-02
8.114400000000000000e+04 8.352532699128103477e-01 -7.537413523057254205e-02
8.114500000000000000e+04 8.978450950983636325e-01 7.696684666271219610e-02
8.114600000000000000e+04 8.566770888866633848e-01 1.608394670636363599e-01
8.114700000000000000e+04 8.686653280408263011e-01 1.448322811793193998e-01
8.114800000000000000e+04 9.426150388672882574e-01 7.629444288419701299e-03
8.116200000000000000e+04 7.098308959011681019e-01 -3.343873865754835167e-02
8.116400000000000000e+04 8.501310653613857182e-01 -2.953490177792259235e-03
8.117200000000000000e+04 9.319212097318397836e-01 1.702930384474236059e-01
8.117400000000000000e+04 8.941969322832298284e-01 1.589860197981767809e-01
8.118000000000000000e+04 8.064306051574091638e-01 -7.194353681117558741e-02
8.118200000000000000e+04 8.861530008502278566e-01 -5.312830579198283242e-03
8.118400000000000000e+04 9.769247719946976272e-01 -1.551080942615656356e-02
8.118600000000000000e+04 9.953403278186496728e-01 -1.465434223641788776e-02
8.118800000000000000e+04 9.827038020505289850e-01 1.246325944069608463e-03
8.118900000000000000e+04 9.887607505805938723e-01 -3.780090358198309047e-02
8.119000000000000000e+04 9.514901398169397506e-01 5.685808981525391353e-02
8.123200000000000000e+04 7.947374056597034109e-01 -3.325002679900492669e-02
8.123300000000000000e+04 9.680855612610048677e-01 -3.664029692439525754e-02
8.123400000000000000e+04 8.415669193240089552e-01 -2.809697011611151166e-02
8.123500000000000000e+04 9.583500201689522102e-01 1.158428387348039469e-02
8.123600000000000000e+04 8.846856349090147509e-01 -3.984910006358476781e-02
8.123700000000000000e+04 8.567319763807101918e-01 1.521878097540096397e-01
8.129500000000000000e+04 8.414895721317242616e-01 1.282799607199794911e-01
8.144300000000000000e+04 8.037477481338151097e-01 6.812165210521879677e-02
8.152700000000000000e+04 9.102803031213796414e-01 9.267887973299304694e-03
8.154300000000000000e+04 7.892342028084788907e-01 9.001731602337723764e-03
8.166600000000000000e+04 7.427804040632565163e-01 -6.184884046215768927e-02
8.166700000000000000e+04 7.378694182783535060e-01 3.181319795396285455e-03
8.166900000000000000e+04 8.924051369231320585e-01 1.601437433009770261e-01
8.167000000000000000e+04 8.327141508792162972e-01 -4.567397710561270363e-02
8.167200000000000000e+04 8.810419518439979170e-01 3.447773833022138579e-05
8.167400000000000000e+04 8.487163559404605762e-01 -3.527335501184334851e-03
8.167600000000000000e+04 7.550481578216614587e-01 7.401624961489114418e-02
8.167800000000000000e+04 8.078910684972994138e-01 4.108895240358120815e-02
8.168200000000000000e+04 7.940252895394521726e-01 1.388234630735115521e-02
8.173100000000000000e+04 8.050393714212941143e-01 1.071014476885623901e-01
8.173600000000000000e+04 8.611881668526066846e-01 2.027760136897118204e-01
8.173800000000000000e+04 9.210640466758359679e-01 2.245809003751856464e-02
8.174200000000000000e+04 7.682044205505940138e-01 5.778116592566016896e-02
8.174400000000000000e+04 9.133285966074330409e-01 6.610251756428475733e-02
8.174500000000000000e+04 8.682347163063680595e-01 5.106149989249521987e-02
8.174700000000000000e+04 8.958603510845353224e-01 -6.682947107851842927e-02
8.175000000000000000e+04 8.304540293506631476e-01 -4.296142783733940262e-02
8.175200000000000000e+04 8.453759066882701179e-01 3.671437300280991356e-02
8.179400000000000000e+04 8.232667664853979828e-01 1.050720187080328716e-01
8.179500000000000000e+04 7.925377425083349747e-01 1.887620142304901882e-01
8.179800000000000000e+04 7.181422275843031278e-01 -6.981186339514632022e-02
8.180000000000000000e+04 7.005163197372846762e-01 -8.820412248715013559e-02
8.180400000000000000e+04 8.490766155364704026e-01 -4.970064684848579661e-02
8.180500000000000000e+04 8.124688634970909096e-01 1.020884087571151400e-02
8.180600000000000000e+04 8.624680383232312675e-01 3.463808307721975149e-02
8.180700000000000000e+04 8.414768088954078795e-01 -1.466030225078480964e-02
8.185800000000000000e+04 7.691735376034307681e-01 -1.420571890626560196e-01
8.186100000000000000e+04 7.758307338604725212e-01 -6.458501007049841092e-02
8.186300000000000000e+04 6.960986418125839625e-01 -2.520432314324942691e-02
8.186500000000000000e+04 7.631698083359075291e-01 -3.078208515312758770e-02
8.186600000000000000e+04 8.422914634327870465e-01 4.049354988214719231e-02
8.186700000000000000e+04 7.907792344088563352e-01 9.682269651304906133e-03
8.186800000000000000e+04 8.150287909302408318e-01 -2.017249500628903042e-02
8.209700000000000000e+04 7.881476584330051605e-01 6.977754961628340399e-03
8.210100000000000000e+04 7.999318438464018133e-01 3.004556221931856813e-02
8.210400000000000000e+04 8.403383106366986155e-01 -6.243900757953989994e-02
8.211400000000000000e+04 7.723330610278538177e-01 7.464666336659395163e-02
8.211500000000000000e+04 8.055957727330379514e-01 2.787151921725740736e-03
8.211800000000000000e+04 6.235587875151344939e-01 1.932480393116072781e-01
8.247500000000000000e+04 8.156310856916879626e-01 3.619573423000925494e-02
8.247600000000000000e+04 7.780434336937429585e-01 1.109112199223092829e-02
8.247700000000000000e+04 7.496059319719866609e-01 -6.340707919438032247e-02
8.270300000000000000e+04 5.624108253327151363e-01 -5.417231372068147949e-02
8.270400000000000000e+04 8.243687451591024118e-01 3.724770333852438498e-01
8.270500000000000000e+04 8.535884417662240597e-01 2.029137563689140111e-01
8.285600000000000000e+04 8.656229682923265445e-01 2.702958918548067357e-01
8.285700000000000000e+04 8.970493393192889853e-01 1.009753713958827792e-01
8.292800000000000000e+04 8.559933446773224652e-01 6.363344468875960225e-02
8.292900000000000000e+04 8.096742207812492875e-01 1.970293047687595583e-02
8.293500000000000000e+04 7.903878729481439436e-01 -2.322051488184830124e-04
8.293600000000000000e+04 8.590506829538284705e-01 2.528370872041223356e-03
8.293800000000000000e+04 8.299451058493333422e-01 -2.391678007761671026e-02
8.294000000000000000e+04 8.364489845015483649e-01 3.765506394449525621e-03
8.294200000000000000e+04 8.403608019798648465e-01 1.317334479248034700e-02
8.294400000000000000e+04 7.846324592837963241e-01 -1.744613483137730237e-02
