1.021840000000000000e+05 1.135556097918182017e+00 2.779808593687010942e-02
1.021870000000000000e+05 9.618588822628191259e-01 1.096507315669162513e-01
1.022090000000000000e+05 1.001907748157913058e+00 5.202546322497792614e-02
1.022110000000000000e+05 1.163892059587632533e+00 -9.251297240693906118e-03
1.022360000000000000e+05 8.682935069650905557e-01 -2.390545464724039629e-02
1.022380000000000000e+05 1.036504480740416456e+00 3.342014250281983428e-02
1.022440000000000000e+05 1.115257312146029856e+00 2.100148259943927093e-02
1.022900000000000000e+05 9.358342575838333177e-01 -1.863748626536014877e-02
1.024260000000000000e+05 1.033325412328337967e+00 1.037463974809272188e-01
1.024270000000000000e+05 1.023916159676905524e+00 5.097383323492620660e-02
1.024290000000000000e+05 1.010065238196828474e+00 5.913415684999979299e-02
1.024320000000000000e+05 1.056893483001728695e+00 1.023894271239446513e-01
1.024760000000000000e+05 1.059714363076317278e+00 1.688451593475470691e-02
1.028850000000000000e+05 1.059046409480155493e+00 2.270468710177069582e-01
1.029900000000000000e+05 1.192499573959704184e+00 1.125555853169633302e-01
1.029930000000000000e+05 1.220284717608433933e+00 -3.156129437536785154e-03
1.029940000000000000e+05 1.138168553916420578e+00 6.878334823979415091e-02
1.030190000000000000e+05 1.101043172444300833e+00 5.384881571834829184e-02
1.030200000000000000e+05 1.016262859986547973e+00 9.114417616747438888e-02
1.030220000000000000e+05 1.057644359382127863e+00 4.222317729826746691e-02
1.030530000000000000e+05 1.177677368916006273e+00 -1.767878052100455011e-02
1.030550000000000000e+05 1.025531743705084597e+00 2.339499786900759576e-02
1.030560000000000000e+05 1.177536887231367180e+00 3.085380186505209954e-02
1.030570000000000000e+05 9.806307321199234650e-01 6.844352209372585316e-02
1.030610000000000000e+05 1.154023013527013530e+00 1.327383431876433539e-01
1.030950000000000000e+05 1.134857337152132217e+00 1.248242316967742710e-01
1.030960000000000000e+05 1.165007385811304585e+00 1.057977731563823492e-01
1.030970000000000000e+05 1.201619633926249486e+00 5.796460375462815506e-02
1.030980000000000000e+05 1.103496922681215908e+00 1.090303990327377154e-01
1.031010000000000000e+05 7.266013455751232364e-01 1.566833109772654276e-01
1.031040000000000000e+05 1.114792755287640880e+00 3.148982696909143064e-02
1.031070000000000000e+05 8.501475278607771857e-01 1.807447869721116041e-01
1.032890000000000000e+05 1.029892519688955455e+00 1.867243840085350270e-01
1.036980000000000000e+05 1.065980530134517545e+00 4.192326303704101489e-03
1.038040000000000000e+05 1.040865449499792206e+00 -1.979312001667609625e-03
1.038480000000000000e+05 9.735880255547268991e-01 -2.037322451269369533e-02
1.038490000000000000e+05 1.046356164685828150e+00 1.193211767377124199e-01
1.039620000000000000e+05 9.513903632632592089e-01 -3.348245584714523021e-02
1.042260000000000000e+05 1.118946723898361029e+00 1.349214294838484429e-01
1.042280000000000000e+05 8.079532919183618489e-01 -9.207784171630545300e-02
1.042300000000000000e+05 1.063848893733577050e+00 8.861344899933384922e-02
1.042310000000000000e+05 1.066000302879047235e+00 1.425673331309540715e-01
1.042320000000000000e+05 1.013434310506382108e+00 6.355916976938198737e-02
1.042330000000000000e+05 1.021494360680339497e+00 1.139559892770396488e-01
1.042340000000000000e+05 1.285997023047332100e+00 8.535306880466853041e-02
1.042370000000000000e+05 1.061799764968778925e+00 1.010701222014897954e-01
1.042390000000000000e+05 9.802036676268245374e-01 7.260218543417726322e-02
1.042410000000000000e+05 9.689478317599966584e-01 -3.044391096148760939e-02
1.042430000000000000e+05 8.385995094188373189e-01 1.137180189848495115e-01
1.042450000000000000e+05 9.329650858451583595e-01 3.968528559498527009e-02
1.045530000000000000e+05 1.179565695789727808e+00 8.268340679568776663e-02
1.045550000000000000e+05 1.015540020719848391e+00 -1.280053355122800877e-02
1.045580000000000000e+05 1.134326700835821544e+00 5.089908849603597824e-02
1.045600000000000000e+05 1.089238391694277386e+00 6.943064869474649403e-02
1.045620000000000000e+05 1.057717320525499716e+00 4.586682625152157383e-02
1.045640000000000000e+05 1.108202832348780253e+00 4.359752031287593421e-02
1.045960000000000000e+05 1.007445609207012760e+00 1.413951754588528217e-02
1.045980000000000000e+05 1.094436310221406083e+00 1.107124657761543278e-02
1.046000000000000000e+05 1.117431267995270927e+00 9.415267236192891367e-03
1.046020000000000000e+05 1.150260199171405651e+00 4.851959155499574461e-02
1.046310000000000000e+05 1.126416706753254005e+00 3.653033648553406093e-02
1.046330000000000000e+05 1.046707773251498219e+00 1.035682744566798347e-01
1.048850000000000000e+05 9.087854425220146526e-01 -4.925924440015936809e-03
1.048870000000000000e+05 1.124112051593778805e+00 1.260982834824069532e-01
1.050040000000000000e+05 1.010476944417517231e+00 3.236373228653531553e-02
1.050530000000000000e+05 1.034996375734040575e+00 5.942376610187469904e-02
1.050560000000000000e+05 1.201574866438544165e+00 1.487183293084138047e-01
1.050630000000000000e+05 8.299852078934443211e-01 -2.507491006296617975e-02
1.050650000000000000e+05 1.086725293311187501e+00 2.799909504624682050e-02
1.050670000000000000e+05 1.074995831453150918e+00 1.040062749712034745e-01
1.050780000000000000e+05 1.052315538054961586e+00 9.343338443624561729e-02
1.050810000000000000e+05 9.734188616674050998e-01 3.368999668796964116e-03
1.050820000000000000e+05 1.232039620020431547e+00 -3.937844318847524144e-02
1.050830000000000000e+05 1.015884601516266139e+00 7.768459677215677761e-02
1.051550000000000000e+05 1.150423143797345782e+00 1.891781392452532296e-01
1.051710000000000000e+05 1.214127637875281884e+00 3.781229470563012007e-02
1.051730000000000000e+05 1.097268042196092974e+00 -6.845850173778210424e-02
1.051740000000000000e+05 1.070100319448728632e+00 5.705355506927502207e-02
1.051750000000000000e+05 1.071571155914636142e+00 1.079043721383924140e-02
1.051760000000000000e+05 1.040490525873040584e+00 2.187864067395034126e-02
1.051770000000000000e+05 1.007484444607177565e+00 1.635998698865680570e-02
1.051780000000000000e+05 9.743807077761381663e-01 1.087710624729851944e-01
1.051790000000000000e+05 9.585286061252894507e-01 -8.975997008690006496e-03
1.051800000000000000e+05 9.788146274977567174e-01 -3.879214901184850628e-02
1.051810000000000000e+05 9.284739345665473653e-01 6.285584689466156005e-02
1.051820000000000000e+05 1.028916004872730383e+00 1.029122055651055107e-01
1.052470000000000000e+05 1.037373550876087736e+00 5.820960141905580365e-02
1.052480000000000000e+05 1.007835164588449572e+00 2.549217222778204367e-02
1.052490000000000000e+05 1.052855836449606786e+00 -9.575744816465604076e-03
1.052500000000000000e+05 1.007992566122294376e+00 8.008536175445063465e-02
1.052510000000000000e+05 8.255615417667619971e-01 5.718407393530126198e-02
1.052520000000000000e+05 9.549530194625279744e-01 8.249714132013581669e-02
1.052540000000000000e+05 1.039806866199093571e+00 1.007297954631667380e-01
1.052550000000000000e+05 1.006882732142721615e+00 1.992540734817006831e-03
1.052920000000000000e+05 1.116728834333016840e+00 1.401761331512181574e-01
1.053280000000000000e+05 1.055318011562404790e+00 4.528704540220087997e-03
1.053320000000000000e+05 1.096205120930501042e+00 2.701054950599161841e-02
1.053350000000000000e+05 1.025163335585616675e+00 -4.998338142003495160e-02
1.053370000000000000e+05 1.123884012988292991e+00 4.477613967566048542e-02
1.053410000000000000e+05 1.169470564181318339e+00 8.332499183524415265e-02
1.053430000000000000e+05 9.028953310988251379e-01 1.024232982034558453e-02
1.053760000000000000e+05 9.002499689078732326e-01 4.543061224403852766e-02
1.053790000000000000e+05 9.667578713008362357e-01 -1.563701377955812113e-02
1.053810000000000000e+05 1.050198447262195245e+00 -4.078497362781496188e-02
1.053830000000000000e+05 1.044668388968592598e+00 1.231449922855678419e-02
1.054240000000000000e+05 9.891208516887789459e-01 1.332791806992321242e-02
1.057540000000000000e+05 1.130584807534273262e+00 3.925509688421989322e-03
1.058050000000000000e+05 1.058333638356943940e+00 8.336901389234389892e-02
1.058120000000000000e+05 9.973860880296068210e-01 9.903287547171828187e-02
1.058130000000000000e+05 1.044395896871096241e+00 1.356346967710189977e-01
1.058150000000000000e+05 1.108350971915964323e+00 1.697424395397676700e-01
1.058160000000000000e+05 1.082513886733810660e+00 7.393510994108180162e-03
1.058440000000000000e+05 1.181136815070950474e+00 4.169150593253125037e-02
1.058460000000000000e+05 1.185956525023690533e+00 7.350857753992710852e-02
1.058480000000000000e+05 1.034554284880288444e+00 4.502050210420120019e-02
1.058500000000000000e+05 1.002507518515179719e+00 1.080202759846064509e-01
1.058520000000000000e+05 1.181963486163938759e+00 8.149797571160158349e-02
1.058530000000000000e+05 1.059284148522080971e+00 1.298655945334535600e-01
1.058560000000000000e+05 1.092220032500001770e+00 3.603122845487195108e-02
1.058570000000000000e+05 9.755453667210922664e-01 4.829413398724297091e-02
1.058590000000000000e+05 9.868173185437417727e-01 9.730093493386365866e-02
1.058600000000000000e+05 1.025357110081599243e+00 7.701037838397198354e-02
1.058940000000000000e+05 9.396850479464409212e-01 8.245367117526090917e-02
1.058960000000000000e+05 1.094206394106552960e+00 7.951716560486563057e-02
1.058980000000000000e+05 9.887275563143119728e-01 3.923414784991006293e-02
1.059000000000000000e+05 9.406962937987767281e-01 -8.749677254676895000e-03
1.059020000000000000e+05 9.000753677468940062e-01 -4.140265228876520778e-03
1.059040000000000000e+05 1.045051927025121286e+00 5.468283522511478006e-02
1.059230000000000000e+05 1.036344135439329239e+00 1.456258759543161418e-01
1.059510000000000000e+05 1.343590806472094279e+00 2.112223557280675790e-01
1.059550000000000000e+05 1.134086738779182868e+00 9.686464178872057629e-02
1.059590000000000000e+05 9.376441864043416619e-01 2.503054032751756211e-02
1.059620000000000000e+05 9.447598057361101809e-01 5.029310446019023134e-02
1.059650000000000000e+05 9.077419902798365969e-01 7.169697027226788755e-02
1.059670000000000000e+05 9.612721947836566638e-01 1.027023753805776096e-01
1.059720000000000000e+05 9.015717584828298881e-01 8.161855494580957937e-02
1.059740000000000000e+05 9.302174590680600819e-01 1.329890277857736780e-01
1.060250000000000000e+05 8.862448398136911765e-01 2.724598867098654287e-02
1.060310000000000000e+05 9.177604961730247979e-01 3.659805276439442867e-02
1.060330000000000000e+05 9.645751113302902802e-01 4.270179951845531202e-02
1.060360000000000000e+05 8.505533426897076144e-01 2.424855178963258862e-02
1.060370000000000000e+05 9.826534612034479865e-01 4.830337247353992669e-02
1.060380000000000000e+05 9.613143024274615200e-01 8.264312219333880272e-02
1.061030000000000000e+05 1.006664007234570279e+00 8.114410485413334814e-04
1.062910000000000000e+05 1.072066895851361723e+00 8.242949882136275941e-02
1.062920000000000000e+05 1.005993290529805240e+00 -5.310832620591363767e-02
1.062930000000000000e+05 1.062984416153071265e+00 2.769927493833980806e-03
1.062940000000000000e+05 1.082075557100962149e+00 -5.997110878223122638e-03
1.062970000000000000e+05 9.875883903071734915e-01 2.393993120331056046e-02
1.063450000000000000e+05 9.413832406676662101e-01 1.099423643317924415e-01
1.067150000000000000e+05 9.827997806157013905e-01 4.832115950946883065e-02
1.067160000000000000e+05 1.007545645282413638e+00 -4.381243023223508476e-02
1.068430000000000000e+05 1.001712383536378148e+00 1.433185036415255964e-01
1.068440000000000000e+05 1.281957232792046542e+00 -5.974156827624728383e-02
1.068560000000000000e+05 1.022915928638143068e+00 1.361242590435218086e-02
1.068570000000000000e+05 9.260976659901776209e-01 -2.445479185120754545e-02
1.068580000000000000e+05 9.903305317108027639e-01 2.219410820732541090e-02
1.068590000000000000e+05 1.080576455963735416e+00 2.979444204601346124e-02
1.068600000000000000e+05 1.120685951706119177e+00 3.823310852269758142e-02
1.068850000000000000e+05 9.730303845272676444e-01 -5.648197726924223706e-03
1.068870000000000000e+05 9.929227543425286351e-01 1.793742044882964612e-02
1.068880000000000000e+05 1.064484061629802580e+00 4.674359834749532844e-02
1.068890000000000000e+05 1.064084737144541215e+00 6.568055070133153872e-02
1.068900000000000000e+05 1.031943951708208518e+00 5.407638856574642494e-02
1.069140000000000000e+05 1.036354399683065974e+00 5.902340399107832564e-02
1.069150000000000000e+05 1.058253172485133620e+00 2.136338230715286585e-02
1.069500000000000000e+05 9.730222728015874845e-01 2.149372370317513825e-01
1.069510000000000000e+05 1.162763431542485515e+00 3.530919023274657620e-02
1.069640000000000000e+05 9.769746706398839686e-01 -7.845776604625804770e-03
1.070730000000000000e+05 1.154718482164959870e+00 4.458767564329071953e-03
1.071460000000000000e+05 1.052742764904952555e+00 -5.743273893631391236e-02
1.071570000000000000e+05 1.018990635509699150e+00 -2.178653930816052721e-03
1.071590000000000000e+05 1.038335517709835454e+00 1.624785821453448575e-01
1.072120000000000000e+05 1.071122836158560077e+00 6.903122258401822586e-02
1.073190000000000000e+05 1.069765222644287306e+00 -6.820428339890399760e-02
1.073210000000000000e+05 1.159062338563597194e+00 -5.220437094260300254e-02
1.073320000000000000e+05 1.050333503398978685e+00 3.510789676414571153e-02
1.073340000000000000e+05 1.112617460692546523e+00 7.986693030060396103e-02
1.073570000000000000e+05 1.144897505469118837e+00 -2.638093747136511721e-02
1.073590000000000000e+05 1.052914293884076757e+00 1.440507433076116013e-02
1.073620000000000000e+05 1.105258902734624238e+00 -2.720483224627879421e-02
1.073640000000000000e+05 1.059434285091730210e+00 7.238324661772070623e-02
1.073660000000000000e+05 1.046978601619105831e+00 6.521610888095945302e-02
1.073680000000000000e+05 1.039395147365212324e+00 5.999956488569878343e-02
1.074750000000000000e+05 1.017437222552775689e+00 -5.908463848564509541e-02
1.074870000000000000e+05 1.022353345438709704e+00 1.388281985211849145e-02
1.074880000000000000e+05 1.133718304673317467e+00 1.238818525357497091e-01
1.074890000000000000e+05 1.058958201864522497e+00 -2.148673957317103964e-02
1.075160000000000000e+05 9.973304232471856823e-01 -3.725520887397479330e-02
1.075180000000000000e+05 9.339213807480020169e-01 -6.341699508020631759e-02
1.075820000000000000e+05 1.013130844725599333e+00 1.357075344978850989e-02
1.075870000000000000e+05 1.010890829859304674e+00 -1.824708685383866213e-02
1.075880000000000000e+05 1.013492440010985485e+00 2.542865517008723389e-02
1.075890000000000000e+05 1.006960101209586789e+00 7.298414715281051346e-02
1.076480000000000000e+05 9.869799999427587567e-01 1.052640176621355214e-02
1.076490000000000000e+05 1.107196643494513966e+00 1.668003895609811854e-02
1.077050000000000000e+05 1.006203793003012770e+00 3.401511170348033714e-02
1.077060000000000000e+05 9.524599597200605894e-01 5.061869557924626034e-02
1.080690000000000000e+05 7.349866088568468570e-01 6.788118972775393500e-02
1.081400000000000000e+05 9.450183904687547987e-01 1.698206603950622520e-02
