2.454800000000000000e+04 9.520172996347292527e-01 -7.827809731273813187e-02
2.454900000000000000e+04 1.067499052582993935e+00 3.538798668767845906e-02
2.455000000000000000e+04 1.104508744816318000e+00 2.740238947950553866e-02
2.455800000000000000e+04 1.023231847108519332e+00 3.778357793205049803e-03
2.455900000000000000e+04 1.025900765566058359e+00 -7.467487880062106953e-02
2.456000000000000000e+04 1.048205326853440589e+00 9.543527913186657108e-02
2.457000000000000000e+04 8.041655746741823707e-01 -3.122942920065840434e-03
2.457100000000000000e+04 9.391389939675954812e-01 1.629828484115884435e-01
2.457300000000000000e+04 1.063027481550668174e+00 4.504067526326572223e-03
2.457700000000000000e+04 1.063804325797945927e+00 -6.608000890084769763e-02
2.457800000000000000e+04 1.016308636080125893e+00 1.653458730054198911e-01
2.457900000000000000e+04 1.022621775085684526e+00 1.670156721086926144e-01
2.458000000000000000e+04 1.032674578685033318e+00 1.045655847261183630e-01
2.458100000000000000e+04 9.666081400097258358e-01 1.585566071191025495e-01
2.458300000000000000e+04 5.460938954180499794e-01 1.593242493444248578e-02
2.458400000000000000e+04 6.855256872353138187e-01 -9.099515436670775614e-02
2.459400000000000000e+04 9.765505744525396770e-01 -8.456154289373114807e-02
2.459500000000000000e+04 7.314858337765132168e-01 1.072140846524758107e-01
2.459600000000000000e+04 1.131823826151844736e+00 -4.815602211999159971e-03
2.459700000000000000e+04 4.957973944901067909e-01 2.323300594063683680e-02
2.459800000000000000e+04 1.172704775960076606e+00 1.446990213362013278e-01
2.459900000000000000e+04 8.367378027835827847e-01 1.735922777294633956e-01
2.460100000000000000e+04 6.122586207453317719e-01 -7.004739519588080998e-02
2.460200000000000000e+04 7.061101764064537933e-01 2.162702675000312269e-02
2.460300000000000000e+04 6.341981081786505214e-01 -1.139262212064685864e-01
2.460400000000000000e+04 9.895272908366958831e-01 -7.019649750158761525e-02
2.461900000000000000e+04 1.097031298601420346e+00 6.782890349447063053e-03
2.462000000000000000e+04 9.873115766819722250e-01 -6.263540059827621409e-02
2.462100000000000000e+04 5.772367742703632398e-01 3.492163630542274855e-02
2.471400000000000000e+04 9.793118998656165086e-01 -5.357398724032960691e-02
2.473800000000000000e+04 1.016416032515517820e+00 4.843411676110907088e-02
2.473900000000000000e+04 1.280300174844085204e+00 -8.456503410119689534e-02
2.474000000000000000e+04 1.041644991123686914e+00 -5.462770311656858779e-02
2.474100000000000000e+04 9.868457694913781442e-01 -7.362687949370395890e-02
2.483300000000000000e+04 1.027280898243160046e+00 4.819687443495547507e-02
2.483400000000000000e+04 1.033897352180049189e+00 -8.699651120496719459e-02
2.484100000000000000e+04 1.042513731317029180e+00 -1.532904261453460759e-01
2.484200000000000000e+04 1.063521089123073970e+00 -8.225067198898115828e-02
2.484300000000000000e+04 1.009014883892880299e+00 -1.782839778243663076e-01
2.484400000000000000e+04 1.082414740873182346e+00 2.349302236661241286e-02
2.484500000000000000e+04 1.139418855823682408e+00 5.524226660622346546e-02
2.484600000000000000e+04 1.078953984341054495e+00 4.072494996053497435e-02
2.484700000000000000e+04 1.121581950335157618e+00 6.110341916314445537e-02
2.486500000000000000e+04 1.068262419644677941e+00 5.268818762839150294e-02
2.486600000000000000e+04 1.018740283008611414e+00 5.897553882805452868e-02
2.486700000000000000e+04 8.356627166166992193e-01 1.299260189509096886e-01
2.487700000000000000e+04 1.033349801018836445e+00 -1.740427539678388869e-01
2.487800000000000000e+04 1.055065446763542969e+00 -1.528186888402842947e-01
2.487900000000000000e+04 1.042698685930350200e+00 -1.320929981878998793e-01
2.488000000000000000e+04 1.035923582079757876e+00 2.129527809336356076e-02
2.488100000000000000e+04 1.058301689688911473e+00 -1.244606694664442958e-01
2.488300000000000000e+04 1.109762462676297634e+00 8.080611687911154473e-02
2.488400000000000000e+04 1.113811288798427279e+00 9.678678470767192177e-02
2.489000000000000000e+04 1.053944665685706328e+00 -1.285741581988183169e-01
2.489100000000000000e+04 1.021380365978550087e+00 -7.778420125053121803e-02
2.489200000000000000e+04 1.020723304077055582e+00 -7.946245353104473830e-02
2.489300000000000000e+04 1.104834780269129402e+00 -1.050145083790603590e-01
2.489400000000000000e+04 1.158164126770278246e+00 -1.522063607879862168e-01
2.490600000000000000e+04 1.036210688805856428e+00 -9.310656413837545275e-02
2.490700000000000000e+04 1.071307277454210727e+00 8.842840929482257903e-03
2.490800000000000000e+04 1.111186342803531568e+00 2.997426168574890068e-02
2.491000000000000000e+04 1.074833144359757187e+00 1.066379029466494599e-01
2.492400000000000000e+04 1.075600766828037402e+00 -1.612591565653933301e-01
2.492500000000000000e+04 1.039132162761475353e+00 -1.960221619367956414e-01
2.492600000000000000e+04 1.324596192060139233e+00 -1.495061974015141348e-01
2.492800000000000000e+04 1.103966470801036381e+00 1.544808095486848061e-02
2.494800000000000000e+04 1.026822144102642609e+00 -1.586226146608715193e-01
2.494900000000000000e+04 1.039128358181975020e+00 -6.826206965803888194e-02
2.495200000000000000e+04 1.090493259673325221e+00 5.935816035968756454e-02
2.497000000000000000e+04 1.048841979001722491e+00 -1.960726061706116186e-01
2.497100000000000000e+04 1.007534784398011585e+00 -1.070054466889836936e-01
2.497200000000000000e+04 1.049075369202522312e+00 4.172040336917904463e-02
2.497700000000000000e+04 1.099933068516462775e+00 2.548174461684469573e-03
2.500200000000000000e+04 9.557227510769088497e-01 -1.591384059667467765e-01
2.500300000000000000e+04 1.001971729437316272e+00 -1.653517871621860286e-02
2.500400000000000000e+04 1.078303093980278682e+00 8.408387612595623339e-02
2.500500000000000000e+04 1.073707557986469663e+00 4.395970291843036976e-02
2.502400000000000000e+04 1.023477074354959271e+00 -4.026581171220089406e-02
2.502500000000000000e+04 1.039771821250404793e+00 -1.540196563356735493e-01
2.504300000000000000e+04 1.062638952406271597e+00 8.259090688229543675e-02
2.524700000000000000e+04 1.165935295623282242e+00 -5.249859445539064445e-02
2.524900000000000000e+04 1.074486962871247453e+00 -2.640507551083198789e-02
2.529300000000000000e+04 1.042890643664344363e+00 -1.797587003245351700e-01
2.529400000000000000e+04 1.080505987403061807e+00 -1.619122217468405012e-02
2.529500000000000000e+04 1.122458197222661935e+00 2.776854733811626175e-02
2.529700000000000000e+04 1.053629155161692976e+00 1.243718677316058285e-01
2.529800000000000000e+04 1.109265943420093103e+00 1.336545536390129352e-01
2.529900000000000000e+04 1.040577546055350577e+00 1.113068027561237155e-01
2.530000000000000000e+04 9.730521429803732358e-01 -5.384834964321966178e-02
2.530100000000000000e+04 1.027491728585454789e+00 -5.786741401123761397e-02
2.530200000000000000e+04 1.098515130617173208e+00 6.607818499592159334e-02
2.531800000000000000e+04 9.820384324971729306e-01 -1.448692799794090991e-01
2.531900000000000000e+04 1.532414409896876606e+00 -5.771121167087355647e-02
2.532000000000000000e+04 1.069905829030605382e+00 9.292020732866301813e-02
2.532100000000000000e+04 1.101520074102213753e+00 1.540778372188472967e-01
2.532200000000000000e+04 1.121046890465532853e+00 8.331123758544831115e-02
2.532300000000000000e+04 1.090435057677437314e+00 6.825956501113031316e-02
2.532400000000000000e+04 1.059261409468521542e+00 -6.661581922922469971e-03
2.532700000000000000e+04 1.051939319114425508e+00 9.725153244944476083e-02
2.532800000000000000e+04 8.788726484585522858e-01 -1.312353526829469763e-01
2.532900000000000000e+04 1.005524374544961352e+00 -9.212802966902804147e-02
2.533700000000000000e+04 1.050209798051979115e+00 -8.682095876272512280e-02
2.533800000000000000e+04 9.542059763410829509e-01 -1.278837733836683255e-01
2.533900000000000000e+04 9.713600246355780232e-01 -1.462517929019392648e-01
2.534000000000000000e+04 1.137868962288921315e+00 -6.894614292193133875e-02
2.534100000000000000e+04 1.086944172636734818e+00 1.204174343615273535e-01
2.534200000000000000e+04 1.064511737810911907e+00 9.758498781655995657e-02
2.534300000000000000e+04 1.076993478366175649e+00 8.937259257904558996e-02
2.534400000000000000e+04 1.022115214330483912e+00 8.751400645385162824e-02
2.534500000000000000e+04 1.369607005392248222e+00 1.021242334369472649e-01
2.534600000000000000e+04 1.028608858251088165e+00 2.414459886265509295e-02
2.534700000000000000e+04 1.111311580952432543e+00 1.311084905390186295e-01
2.534800000000000000e+04 1.036512612982856130e+00 -8.311017158396757920e-02
2.536600000000000000e+04 1.116917859712031502e+00 -1.639167701785292086e-01
2.536700000000000000e+04 1.177230710728864649e+00 4.438577033595614979e-02
2.536800000000000000e+04 1.120621650144656867e+00 -6.924252981921279193e-02
2.536900000000000000e+04 1.102818399532534022e+00 1.565866523724231477e-02
2.538700000000000000e+04 1.066276184082130873e+00 -7.924847139651758354e-02
2.538800000000000000e+04 1.151938184211490634e+00 1.826258465344723220e-02
2.538900000000000000e+04 1.128826543869444921e+00 2.001325222622248306e-03
2.539000000000000000e+04 9.365540665293267120e-01 1.694040973152284232e-02
2.539100000000000000e+04 1.062398712720547422e+00 1.063605749611459990e-02
2.539200000000000000e+04 1.025898380011340594e+00 3.947091346773981546e-02
2.541300000000000000e+04 1.058548013575919544e+00 -2.623198170264880447e-01
2.541400000000000000e+04 1.055325635603149070e+00 3.202621380078557456e-02
2.541500000000000000e+04 9.364439080036731644e-01 3.883138714216493193e-03
2.542000000000000000e+04 1.137592073864303499e+00 5.964325398678452239e-02
2.542100000000000000e+04 1.147990324672091278e+00 2.563779523484829240e-03
2.542200000000000000e+04 1.016537468480870121e+00 -1.146735541438910488e-02
2.542300000000000000e+04 1.072222428339859146e+00 3.833383696758722869e-02
2.542400000000000000e+04 1.061169977149156285e+00 5.241069855245789229e-03
2.542500000000000000e+04 1.087532546246463117e+00 7.145489595343591793e-02
2.544200000000000000e+04 9.179105419329156579e-01 9.469177190779755338e-02
2.544300000000000000e+04 1.055261779092440788e+00 -6.091780880855966057e-03
2.544400000000000000e+04 8.464685701852315836e-01 2.503377964316420498e-02
2.544800000000000000e+04 1.269960090671167663e+00 8.558320000084190804e-02
2.544900000000000000e+04 1.062490849565271622e+00 -2.164961573624142252e-02
2.545000000000000000e+04 1.093217604572244150e+00 6.529605376978755982e-02
2.545100000000000000e+04 1.037757690018172863e+00 -1.419675680295297976e-03
2.545200000000000000e+04 1.182682150922590880e+00 5.789705558581730721e-02
2.545300000000000000e+04 7.518742819627257656e-01 -1.045948945112204209e-01
2.549300000000000000e+04 1.010492321783085234e+00 -7.713883991547156038e-02
2.549400000000000000e+04 1.025110087199886388e+00 -6.920167094690031495e-02
2.549500000000000000e+04 9.834493459258679682e-01 -1.551139704683110743e-01
2.549600000000000000e+04 8.604799473973776536e-01 2.584104204475147840e-02
2.550600000000000000e+04 1.062736622095586059e+00 -1.116805074821547589e-01
2.550700000000000000e+04 1.177041327528463910e+00 -4.767357711019537363e-03
2.550800000000000000e+04 1.146886936652720790e+00 5.454014282252266088e-02
2.550900000000000000e+04 1.099733294093497404e+00 8.195797430681328599e-02
2.551000000000000000e+04 1.034240166542941708e+00 -9.912794762838917847e-03
2.551100000000000000e+04 1.134527205683146578e+00 -1.725281344455159294e-01
2.551600000000000000e+04 1.171746265906933759e+00 -1.469866877265931793e-01
2.551700000000000000e+04 1.160023062982761477e+00 5.628057952976611017e-02
2.551800000000000000e+04 1.271364380229363267e+00 -1.056340527521553302e-01
2.554000000000000000e+04 9.165031307464448496e-01 2.242446615502039289e-02
2.554100000000000000e+04 1.081800788692699467e+00 1.076392999071033169e-01
2.554200000000000000e+04 1.075642126786934272e+00 8.870329623217067250e-02
2.554400000000000000e+04 1.075223942682095313e+00 -4.999843481083315888e-02
2.554500000000000000e+04 1.050046110391120280e+00 1.467281459906236984e-01
2.554600000000000000e+04 1.028930363389626512e+00 1.214995338619830750e-01
2.557500000000000000e+04 1.306962069482319411e+00 3.819289137349270863e-02
2.557600000000000000e+04 1.018220916828843636e+00 2.281829482992403860e-02
2.602400000000000000e+04 1.221705080140047750e+00 -6.552256620199108095e-02
2.602500000000000000e+04 1.266384351661536956e+00 3.627395452822244903e-02
2.602600000000000000e+04 1.218100692850118127e+00 -3.103547784542848298e-02
2.602700000000000000e+04 1.167723510538194232e+00 -1.111144877084289384e-01
2.602900000000000000e+04 1.317619854029240978e+00 -8.824037705923400143e-02
2.603000000000000000e+04 1.100218280454392294e+00 1.077623562165780369e-01
2.607600000000000000e+04 1.194212937098791283e+00 1.505246973899147973e-02
2.607700000000000000e+04 1.146107666267542458e+00 -2.550873040797146940e-01
2.610300000000000000e+04 1.110325242638959375e+00 -6.048593526899734979e-02
2.616200000000000000e+04 1.132380740372973760e+00 -1.111709576091345596e-02
2.616400000000000000e+04 8.918351270121205321e-01 -8.456249498960280442e-02
2.616500000000000000e+04 1.026931831601353151e+00 8.435754139688897424e-02
2.618900000000000000e+04 1.108999668217708789e+00 4.230473996591092856e-02
2.619000000000000000e+04 1.067976116864271185e+00 -1.096342467068053134e-01
2.619100000000000000e+04 1.068782354952570790e+00 2.426430876671067938e-02
2.621200000000000000e+04 1.142585203813198502e+00 2.836553821718582752e-02
2.621300000000000000e+04 1.158584000698367644e+00 -7.867167579933359578e-02
2.621400000000000000e+04 1.058482939057538541e+00 -1.150524083985722812e-01
2.624400000000000000e+04 1.567562985537257925e+00 4.301164176059896899e-02
2.624500000000000000e+04 1.212081890871161693e+00 1.539903265756627053e-02
2.624600000000000000e+04 1.150331130731238938e+00 -4.218371499223538216e-04
2.624700000000000000e+04 1.204168515761050218e+00 6.673639643019926675e-04
2.624800000000000000e+04 1.141226225122785154e+00 -5.580193204523585526e-02
2.626400000000000000e+04 1.070773201649856121e+00 -1.675982025878701709e-01
2.626500000000000000e+04 1.156885395863346488e+00 3.283621885766482146e-02
2.626600000000000000e+04 1.135877646046107747e+00 9.008427591891594172e-03
2.626700000000000000e+04 1.144906234321077410e+00 -3.109520261474573236e-02
2.626800000000000000e+04 1.020836704706235443e+00 -1.168346704567304745e-01
2.626900000000000000e+04 1.049700288526678627e+00 -1.179554871861477200e-01
2.629600000000000000e+04 1.052384732823049784e+00 -1.206245947122770307e-01
2.629700000000000000e+04 1.199345994891792166e+00 4.695510970849742921e-02
2.629800000000000000e+04 1.150431960811375331e+00 4.870119806809543317e-02
2.629900000000000000e+04 1.109632317975333127e+00 2.053061368038878315e-02
2.630000000000000000e+04 1.069875940151322924e+00 -8.335481505115228951e-02
2.630100000000000000e+04 1.275056437305610801e+00 -5.138927975710633200e-02
2.634900000000000000e+04 1.100231952089225418e+00 6.597184470704718640e-02
2.635000000000000000e+04 1.103685707109609337e+00 5.705922502198345486e-02
2.635100000000000000e+04 1.047508915979390665e+00 -4.035414102810418180e-02
