2.255700000000000000e+04 8.588881075243338659e-01 1.798953778759822819e-01
2.255800000000000000e+04 8.435838803228480343e-01 1.804074672502996579e-01
2.256900000000000000e+04 8.960985829385094137e-01 4.065278741955342945e-03
2.257000000000000000e+04 7.447155407469275845e-01 -5.700780994384082451e-02
2.257100000000000000e+04 1.022507408448871447e+00 2.678451765669689899e-01
2.257200000000000000e+04 1.004407827220900717e+00 3.452897206302362743e-01
2.257300000000000000e+04 8.108852697940504006e-01 3.011477997034249787e-01
2.257400000000000000e+04 9.799656013895277074e-01 2.830463183044628073e-01
2.257500000000000000e+04 9.998949386820720209e-01 1.731921743886835341e-01
2.257600000000000000e+04 1.028802352051669367e+00 1.420265104637116749e-01
2.257700000000000000e+04 9.809041492216042935e-01 9.656408151955353514e-02
2.257800000000000000e+04 9.255483169079160577e-01 8.599608702367521340e-02
2.258600000000000000e+04 9.706369903971322488e-01 5.081553234261663304e-02
2.258700000000000000e+04 8.416140051694934732e-01 -8.563252110693361091e-03
2.258800000000000000e+04 1.051576523329308177e+00 2.806783014934522980e-01
2.258900000000000000e+04 1.007028464085725439e+00 2.908251619884873462e-01
2.259000000000000000e+04 1.031364054084662474e+00 3.252421680311667895e-01
2.259100000000000000e+04 1.009589610942980720e+00 3.246031923021914234e-01
2.259200000000000000e+04 8.660360090292106294e-01 -7.756159915606050670e-02
2.259300000000000000e+04 9.939088724627762605e-01 1.409855555849123462e-02
2.259400000000000000e+04 9.814366562898710900e-01 1.060553260595703678e-01
2.259500000000000000e+04 9.680890780538632390e-01 9.733862524494284185e-02
2.260800000000000000e+04 9.672555917436704842e-01 1.643432851840098408e-01
2.260900000000000000e+04 9.629033833528183317e-01 1.754245960442267493e-01
2.261000000000000000e+04 9.734525913730521784e-01 2.460494964963990949e-01
2.261100000000000000e+04 1.091015025311675490e+00 8.399303565481204548e-02
2.261200000000000000e+04 1.036419773368011610e+00 -1.063335348426955457e-01
2.261300000000000000e+04 1.003959669687745970e+00 -2.564227040965096766e-02
2.261400000000000000e+04 9.920925604553076926e-01 -9.249936817483024251e-03
2.261500000000000000e+04 9.599192420861889508e-01 7.000162317104897947e-02
2.262400000000000000e+04 1.053354109926206927e+00 1.680628698123217968e-01
2.262500000000000000e+04 9.721695436643915667e-01 -4.071868451520187920e-02
2.262700000000000000e+04 1.149263816100954960e+00 -7.488453237479821348e-03
2.262800000000000000e+04 9.255499633793838887e-01 -8.989557246422238967e-02
2.272300000000000000e+04 9.733491657416143417e-01 2.007647731104411984e-02
2.272400000000000000e+04 1.052359571996690946e+00 2.692344739562159417e-02
2.272700000000000000e+04 9.717683804070599285e-01 -6.994699293809172880e-02
2.272800000000000000e+04 1.106560361981371088e+00 -1.969347114856995207e-02
2.280700000000000000e+04 1.096702910276021514e+00 5.473862110450812557e-02
2.280800000000000000e+04 1.054077131952087631e+00 8.335425000309953925e-03
2.284100000000000000e+04 9.636715991448350227e-01 4.723971300881570773e-02
2.284200000000000000e+04 9.151871056417349992e-01 -1.119404132089067555e-01
2.284300000000000000e+04 9.930494319932049452e-01 -8.719713822693264671e-03
2.284400000000000000e+04 1.010169323840914846e+00 4.681940590784446077e-02
2.284500000000000000e+04 9.598316270969995401e-01 1.412404771726397329e-03
2.284700000000000000e+04 8.987910225202896397e-01 -3.267330169880198337e-02
2.284800000000000000e+04 9.126385273237187512e-01 -7.671451524920096243e-03
2.285200000000000000e+04 9.689172059439967732e-01 2.417597693674826131e-01
2.285300000000000000e+04 9.422155339273217134e-01 1.934709091067749742e-01
2.285400000000000000e+04 9.577692989009661817e-01 1.573500942064769148e-01
2.288400000000000000e+04 8.978669176160263277e-01 2.000557911491563159e-02
2.288500000000000000e+04 9.852831770838926806e-01 1.060207597165529064e-01
2.288700000000000000e+04 9.473024380234700281e-01 -5.341154180883329883e-04
2.288800000000000000e+04 9.383247523542086466e-01 -1.747538209533332221e-02
2.288900000000000000e+04 8.303603654445163018e-01 -6.568539509557291822e-02
2.289000000000000000e+04 7.885667640041059689e-01 -6.314465742044438057e-02
2.289100000000000000e+04 9.078679789348378382e-01 4.340734434139602305e-02
2.289200000000000000e+04 1.000928816836911706e+00 2.791894901476968394e-01
2.289400000000000000e+04 1.029820057792154797e+00 2.852374127989931174e-01
2.289500000000000000e+04 9.057725358404323801e-01 -3.756156693665449464e-02
2.289600000000000000e+04 9.296680252985435322e-01 8.286470579458077301e-02
2.291000000000000000e+04 9.635206700885126097e-01 -2.653114721292965800e-02
2.291100000000000000e+04 9.139126764149304583e-01 -2.396927696795419019e-02
2.291200000000000000e+04 9.341697623521184601e-01 2.797092722135685258e-02
2.291300000000000000e+04 8.535234361794848956e-01 1.798949462191546528e-02
2.291400000000000000e+04 7.567179212910871700e-01 -6.476932328236220671e-02
2.291500000000000000e+04 1.084082998139846987e+00 2.019217877768607894e-01
2.291600000000000000e+04 1.138962592512629879e+00 2.277600436150943319e-01
2.291700000000000000e+04 1.047831508531017919e+00 2.417488798747388090e-01
2.291800000000000000e+04 1.009058959583352344e+00 -2.991148760202510734e-02
2.291900000000000000e+04 1.057732432651903753e+00 1.643471036973030708e-01
2.295800000000000000e+04 1.061804707404931047e+00 1.060920501694428836e-01
2.295900000000000000e+04 1.028596916835211816e+00 2.372229237769020727e-01
2.296000000000000000e+04 9.319982026477063863e-01 2.796118156704377467e-01
2.296100000000000000e+04 9.701178633524772943e-01 3.743364089418137891e-02
2.296200000000000000e+04 1.011670957372195145e+00 7.225816592733638744e-02
2.296300000000000000e+04 1.060652449552486498e+00 1.523711778660116201e-01
2.299000000000000000e+04 7.217272041062126053e-01 -6.274305936140149587e-02
2.299400000000000000e+04 9.308955066145678803e-01 2.607091500876191348e-01
2.299500000000000000e+04 9.428554978971858125e-01 3.425422822803212419e-01
2.299600000000000000e+04 9.666405998220500839e-01 2.320135517444361362e-01
2.299700000000000000e+04 9.855422149150031563e-01 2.903659022268465506e-01
2.299800000000000000e+04 9.434489248188677735e-01 2.806128679427302153e-01
2.299900000000000000e+04 1.041251010818905254e+00 2.944952430423138784e-03
2.300100000000000000e+04 1.038994919872369360e+00 1.267930872032380918e-01
2.300200000000000000e+04 1.054104333474303212e+00 1.742939495289207441e-01
2.302600000000000000e+04 8.554789899892675242e-01 -5.625054708863235636e-02
2.302700000000000000e+04 7.858445788586480019e-01 -1.050970695606741889e-01
2.302800000000000000e+04 9.826733757985184337e-01 2.768236840167833113e-01
2.302900000000000000e+04 9.770223134444833146e-01 2.262150204483857618e-01
2.303500000000000000e+04 1.017318058248535495e+00 1.836524029354145160e-01
2.303600000000000000e+04 1.017239918707442792e+00 2.269065795037546740e-01
2.303700000000000000e+04 6.210846809084944464e-01 -1.001995104644500950e-01
2.303800000000000000e+04 1.005698319365605053e+00 4.343615095868520043e-02
2.303900000000000000e+04 8.721321117942201218e-01 1.370357915608990118e-01
2.304000000000000000e+04 1.053744412109571149e+00 5.824228880728490876e-02
2.304100000000000000e+04 1.001000850904946837e+00 1.577305800126907465e-01
2.305300000000000000e+04 9.876035238439524466e-01 2.409256328672661485e-01
2.305400000000000000e+04 9.376840827936132605e-01 2.088351351649186116e-01
2.305500000000000000e+04 9.711686172341098544e-01 1.688093327340391692e-01
2.305600000000000000e+04 9.862512012669802930e-01 1.942358821937229252e-01
2.306000000000000000e+04 9.896910072244231582e-01 1.717593974713018945e-01
2.306100000000000000e+04 9.049980654781530909e-01 2.786960095898834977e-01
2.306300000000000000e+04 7.147378629100475944e-01 -1.227762143341199902e-01
2.306400000000000000e+04 9.484656419161285879e-01 3.750427524166099341e-02
2.306500000000000000e+04 9.834517927859736108e-01 1.084500267363640025e-01
2.306600000000000000e+04 9.970906651168947032e-01 1.422369905511542132e-01
2.306700000000000000e+04 9.346947637335495385e-01 1.025138241141109186e-01
2.307300000000000000e+04 9.505634185293446725e-01 2.566147926844115634e-01
2.307400000000000000e+04 9.364140295296674577e-01 2.763686233204399878e-01
2.307500000000000000e+04 9.929238197775676067e-01 9.676119631167696966e-02
2.307600000000000000e+04 9.743566273215041873e-01 1.716358339822045276e-01
2.307700000000000000e+04 9.384443150495040964e-01 1.037646987357171702e-01
2.307800000000000000e+04 9.459799545451006431e-01 1.519577050111340366e-01
2.308100000000000000e+04 6.056544295601946626e-01 -1.190243380951388624e-01
2.308200000000000000e+04 8.315763608557407149e-01 4.693946359008134561e-02
2.308300000000000000e+04 1.110007797278665720e+00 4.753067658569405662e-02
2.308400000000000000e+04 7.506269321078439249e-01 1.175163158393776608e-01
2.308500000000000000e+04 8.472307228594925244e-01 1.213689072829724491e-01
2.311700000000000000e+04 5.250884031043362432e-01 1.613999482573697658e-02
2.312200000000000000e+04 9.677118536923670078e-01 2.048351927727828370e-01
2.312300000000000000e+04 9.291666228408751449e-01 7.394631928598081883e-02
2.312400000000000000e+04 9.248487970947070202e-01 2.874661548858749305e-02
2.312500000000000000e+04 8.014404352756241412e-01 1.673015838120172072e-01
2.313200000000000000e+04 8.798842557949095866e-01 1.300162788193174879e-01
2.313400000000000000e+04 6.577305489839043728e-01 6.554401516770343161e-02
2.314100000000000000e+04 1.027130896235632251e+00 -4.504870938559776827e-02
2.314200000000000000e+04 9.886203066761740654e-01 2.473303781641495239e-02
2.314300000000000000e+04 1.092853272669198184e+00 1.879083919755197840e-01
2.314400000000000000e+04 1.128259435042968883e+00 1.949563418811176008e-01
2.314500000000000000e+04 1.031095584394064568e+00 2.537510921276866505e-01
2.315300000000000000e+04 6.100991143613516687e-01 2.841197491868007741e-01
2.315400000000000000e+04 8.933549384128659510e-01 3.401461832426029286e-01
2.315500000000000000e+04 6.519374139785557576e-01 3.089089184440826572e-02
2.315600000000000000e+04 7.610511795366333709e-01 -6.751714622313569059e-02
2.318200000000000000e+04 8.743269264903418270e-01 4.870441105285498035e-02
2.320400000000000000e+04 4.123638373387047418e-01 -1.680030487405325679e-01
2.320500000000000000e+04 7.518719381774816579e-01 1.397755628263912253e-01
2.322100000000000000e+04 7.723817299699509142e-01 -5.691252266897323803e-02
2.322600000000000000e+04 8.823715774911005116e-01 2.717227090975399828e-01
2.322800000000000000e+04 7.502351763559691467e-01 5.659599150926195033e-02
2.322900000000000000e+04 8.607126315791646665e-01 -1.117232783035271571e-01
2.323000000000000000e+04 5.046257098481041758e-01 -1.914110525416763339e-02
2.323100000000000000e+04 5.837816356741047930e-01 -2.748640356495137688e-02
2.323200000000000000e+04 7.186157289491706956e-01 1.002462988335874883e-01
2.323300000000000000e+04 7.939617532747111905e-01 1.148431197487500693e-01
2.323400000000000000e+04 7.813461287404297462e-01 6.974742838225331254e-02
2.323700000000000000e+04 8.065818025719692086e-01 1.771730770776665242e-01
2.323800000000000000e+04 8.237057657373803021e-01 3.129332482077476496e-01
2.323900000000000000e+04 7.997254045549405665e-01 -5.122063040832690144e-03
2.324000000000000000e+04 8.309431796721142849e-01 -1.169633940622341259e-02
2.324100000000000000e+04 7.984348483345085068e-01 -4.156646156041583079e-02
2.324200000000000000e+04 8.246897376037607419e-01 -1.924948568099532631e-02
2.324300000000000000e+04 8.517346551487042783e-01 -4.436588679538535501e-02
2.324400000000000000e+04 7.284631297283683526e-01 7.378851810513716025e-02
2.324500000000000000e+04 7.384946257290485594e-01 4.896286347141718710e-03
2.324600000000000000e+04 7.755865479326032874e-01 1.876484180713553773e-01
2.324700000000000000e+04 8.678092962025947266e-01 1.142784703872940788e-01
2.325600000000000000e+04 7.886825642987254081e-01 1.252774881853526215e-02
2.325800000000000000e+04 6.454203180543569562e-01 1.510422604842784067e-01
2.326000000000000000e+04 7.251724841000576349e-01 -2.566111240770097696e-02
2.326100000000000000e+04 8.021724840232639098e-01 6.545735878074775138e-02
2.326200000000000000e+04 8.396259981502537384e-01 -6.441112455241455870e-02
2.326300000000000000e+04 8.066267294416088474e-01 5.451202268393491590e-02
2.326400000000000000e+04 8.110966731945785657e-01 8.906475813773932770e-02
2.326500000000000000e+04 9.088998102268481816e-01 9.453895372519574569e-02
2.326600000000000000e+04 9.522758168728721051e-01 1.126054342204508008e-01
2.326700000000000000e+04 9.435990363661520552e-01 1.040860788942460924e-01
2.327100000000000000e+04 1.012250655702593871e+00 1.936869066542413684e-02
2.327200000000000000e+04 8.644136156845361185e-01 1.517409595427160196e-01
2.327300000000000000e+04 8.364892651837321225e-01 3.412177700040682216e-01
2.327400000000000000e+04 8.722263434523469527e-01 2.562469824679809993e-01
2.327500000000000000e+04 8.072222231069248188e-01 -1.897029134948416407e-02
2.327600000000000000e+04 8.264245824272041796e-01 1.084807532296144621e-02
2.327700000000000000e+04 8.187190112566240519e-01 -7.248032656179692612e-02
2.327800000000000000e+04 8.109462887048578539e-01 2.566041139317403949e-02
2.327900000000000000e+04 8.073767894609314988e-01 1.114851458981478693e-01
2.328000000000000000e+04 9.069069010476931147e-01 9.746328529999709334e-02
2.330400000000000000e+04 8.351499090045760854e-01 -6.035067814540361758e-02
2.330900000000000000e+04 8.876172513919350360e-01 -9.511777249899219799e-02
2.331000000000000000e+04 7.711782869117842498e-01 -1.101744698310222897e-01
2.350000000000000000e+04 1.065684533490332431e+00 3.056726362743381054e-01
2.350100000000000000e+04 1.002731103815413638e+00 -6.512489527367266995e-02
2.350200000000000000e+04 8.475296816725298443e-01 4.589740501714460741e-02
2.350300000000000000e+04 1.092296639368385724e+00 5.390416001521693840e-02
2.352000000000000000e+04 1.007929088214465363e+00 -1.466523855948779261e-03
2.352100000000000000e+04 9.677684468924387939e-01 -1.438508340184822543e-01
2.352200000000000000e+04 9.343503317508154993e-01 -1.109536795167314766e-01
2.352300000000000000e+04 9.810463793395556298e-01 -7.002879689279457864e-02
2.352600000000000000e+04 9.821083524888875038e-01 -1.460734774090968052e-02
2.353800000000000000e+04 1.055460573470343499e+00 2.694800863138845926e-01
2.353900000000000000e+04 1.025757781663255264e+00 5.774693677752544552e-02
2.354000000000000000e+04 1.063296139914345462e+00 -1.737893765388901293e-02
2.354100000000000000e+04 1.104370312487280570e+00 -6.584355692514212710e-02
2.354200000000000000e+04 9.880304242855881824e-01 -1.264014047875849089e-01
2.354300000000000000e+04 9.268850787344017350e-01 -1.226752194433813475e-01
2.354400000000000000e+04 9.867681250838893359e-01 -4.971209982301180025e-02
2.354500000000000000e+04 9.953056269268740763e-01 -2.607202982663456639e-02
2.355300000000000000e+04 1.125261115087220487e+00 6.957371981447137144e-02
2.355400000000000000e+04 1.012142426342540480e+00 -3.366253033966581237e-02
