3.248600000000000000e+04 1.104703929774537130e+00 1.740172280928461296e-02
3.248800000000000000e+04 1.129289224341481601e+00 1.646045745403115768e-01
3.249200000000000000e+04 1.074223844974574460e+00 1.246245181202384478e-01
3.249300000000000000e+04 1.084265951692478192e+00 4.950582354725394790e-02
3.249400000000000000e+04 1.027654118492097091e+00 1.294397991203745726e-02
3.249500000000000000e+04 9.615789173573096038e-01 -3.034356651682029726e-02
3.249600000000000000e+04 9.869447406137876744e-01 -5.177601677278190206e-02
3.251400000000000000e+04 9.216793975245960446e-01 -6.011547868107218473e-02
3.251500000000000000e+04 9.973630698484485801e-01 -2.988761146532855142e-02
3.251600000000000000e+04 1.009548128455488802e+00 -5.341910993545853636e-02
3.251700000000000000e+04 1.300814703107199488e+00 -7.016560714799689735e-02
3.251900000000000000e+04 9.663997624671226694e-01 1.018307301922861813e-01
3.254700000000000000e+04 1.189299240822071946e+00 4.320589315439191114e-02
3.254800000000000000e+04 1.297876302028914353e+00 -1.073675734296831719e-01
3.258300000000000000e+04 1.183735100909142357e+00 -1.865242399466071968e-02
3.285200000000000000e+04 1.066973878411460630e+00 -1.608508498463377331e-02
3.285300000000000000e+04 1.064365872009578551e+00 1.331362717744286224e-02
3.285400000000000000e+04 1.118535327555770564e+00 8.903653020318780253e-02
3.289000000000000000e+04 1.002561474593509416e+00 -4.779639617988606232e-02
3.289100000000000000e+04 9.747058067937586223e-01 5.547414866714054510e-02
3.289200000000000000e+04 1.039002444428794858e+00 7.521572607698485957e-02
3.291100000000000000e+04 9.802525350085256051e-01 7.791767244424421812e-02
3.291600000000000000e+04 9.835656129155881944e-01 3.373597410637108052e-02
3.291700000000000000e+04 9.706312084563845088e-01 6.112550163633594796e-02
3.291800000000000000e+04 9.948154277326017869e-01 1.285840651657166045e-01
3.292300000000000000e+04 9.472434982911475121e-01 -7.744074456804611595e-03
3.292400000000000000e+04 9.734800512212619106e-01 4.214879731573730609e-02
3.294900000000000000e+04 1.000111419093782095e+00 5.239825786204855423e-02
3.295000000000000000e+04 1.025305848045136470e+00 1.114335417112480991e-01
3.295100000000000000e+04 9.980919066905893366e-01 6.610294255978600708e-02
3.295800000000000000e+04 1.028081213448602371e+00 4.238894740724980653e-02
3.295900000000000000e+04 7.828007600275226352e-01 4.797402041495193309e-02
3.296700000000000000e+04 1.076698833423015200e+00 1.130922971171905017e-01
3.296800000000000000e+04 1.110260754135596439e+00 7.764188799144226827e-02
3.296900000000000000e+04 1.029313429542355163e+00 1.048740590232281611e-01
3.297100000000000000e+04 1.076835989609759903e+00 2.529746511277461071e-02
3.297200000000000000e+04 1.012542227030414521e+00 -7.960056927688874406e-02
3.297300000000000000e+04 1.114094102920405005e+00 -1.163006254273167561e-02
3.297400000000000000e+04 9.895841260787149318e-01 6.842429800041306687e-02
3.297500000000000000e+04 9.942489579822987311e-01 -5.626889733306170843e-02
3.297600000000000000e+04 1.050561334596809004e+00 5.400349098941251147e-02
3.297700000000000000e+04 1.040124205962883019e+00 2.845984984444917959e-02
3.297800000000000000e+04 9.511326910236646004e-01 8.455035194003936161e-02
3.297900000000000000e+04 1.005868962322384430e+00 6.677592616584200613e-02
3.298000000000000000e+04 9.812713596567298469e-01 1.001437024756695743e-01
3.299400000000000000e+04 1.046829738737452775e+00 3.582855742111691610e-02
3.299500000000000000e+04 1.077889083575637841e+00 8.023319514587955170e-02
3.299600000000000000e+04 1.079534682895419317e+00 1.193028037527845905e-02
3.299700000000000000e+04 1.035303594624809476e+00 1.867556742264206981e-01
3.299800000000000000e+04 1.059070678979523228e+00 -2.504668835188911952e-02
3.299900000000000000e+04 1.043366405111919581e+00 2.400266921663297970e-02
3.300000000000000000e+04 1.101898535535685619e+00 -2.451681259253725084e-02
3.300100000000000000e+04 1.026515529053658060e+00 4.077970233966458219e-02
3.300200000000000000e+04 9.687836111162411168e-01 -1.139708291784252425e-01
3.300300000000000000e+04 1.013187232951965555e+00 5.914232976278577941e-02
3.300400000000000000e+04 9.777525225564303035e-01 -1.453689291394935808e-02
3.300500000000000000e+04 9.350492281899255298e-01 1.699237224486702391e-01
3.300600000000000000e+04 1.070474070566762581e+00 4.876323354015909411e-02
3.300700000000000000e+04 9.769356125462905771e-01 6.995795318752434655e-02
3.300800000000000000e+04 9.538274341374843868e-01 1.807405506702160214e-01
3.300900000000000000e+04 9.556085615422815760e-01 4.526365030253975963e-02
3.301000000000000000e+04 1.048178763390186230e+00 -2.011126800641228896e-02
3.302300000000000000e+04 1.126545962510526966e+00 2.162853315848135838e-02
3.302400000000000000e+04 1.161100297100949419e+00 6.707039440515860651e-02
3.302500000000000000e+04 1.168032919282395055e+00 6.717318453616501206e-02
3.302600000000000000e+04 1.157340987610498084e+00 -1.106071518377807483e-02
3.302700000000000000e+04 1.137278274134036149e+00 -3.763335415549573515e-02
3.303000000000000000e+04 8.991670499959093510e-01 6.180069840251432162e-02
3.303100000000000000e+04 8.609615878911465181e-01 -1.005659523602272093e-01
3.303200000000000000e+04 1.030708746649402707e+00 2.512053164600732552e-03
3.303500000000000000e+04 1.045665142358195521e+00 -1.586015827415349078e-02
3.303600000000000000e+04 1.137057213419877977e+00 1.421818014067085427e-03
3.303800000000000000e+04 1.110026130017959689e+00 4.003426295978604332e-02
3.307400000000000000e+04 1.220906152430726310e+00 1.277116888386067850e-01
3.307500000000000000e+04 1.128863614492658707e+00 1.126762814041457617e-01
3.307600000000000000e+04 1.163249789993191063e+00 7.265392650503560423e-02
3.307700000000000000e+04 1.099354307644574424e+00 1.329374542945672144e-01
3.307800000000000000e+04 1.094892114315995091e+00 8.761418939899871805e-02
3.307900000000000000e+04 1.120020109995628399e+00 5.396358381543366750e-02
3.308000000000000000e+04 1.104376368059772240e+00 -1.809776357125768113e-03
3.308100000000000000e+04 1.092937646833151533e+00 -5.752379848908880516e-02
3.308200000000000000e+04 9.994039902000494413e-01 2.953249745511155738e-02
3.308300000000000000e+04 1.059634652725503390e+00 -1.019268711091232682e-01
3.308700000000000000e+04 1.073649305296279000e+00 -4.890254631318233236e-02
3.309300000000000000e+04 9.738733477083583168e-01 5.248327970684948940e-02
3.309900000000000000e+04 1.011347165313120300e+00 2.685167226704378296e-02
3.310000000000000000e+04 1.054799620860255693e+00 -6.194495122562261070e-03
3.310100000000000000e+04 1.066939411131158089e+00 -2.188872370549795748e-02
3.310200000000000000e+04 1.017641033598030820e+00 7.529674019522886175e-02
3.310300000000000000e+04 1.035361230905884611e+00 9.684261419655092185e-02
3.310400000000000000e+04 1.021916084395250834e+00 -1.289814331362680935e-02
3.310500000000000000e+04 1.020325201098665424e+00 2.792642917085341389e-03
3.310600000000000000e+04 1.057444903385412971e+00 -4.820324073966676670e-02
3.310700000000000000e+04 1.051913821043804376e+00 -4.141375829248497564e-02
3.311400000000000000e+04 9.365607285009275307e-01 -6.791560268483858021e-02
3.311700000000000000e+04 1.043096603414667811e+00 1.410447488425911611e-01
3.312800000000000000e+04 1.065070847358835726e+00 1.954901426602601369e-02
3.312900000000000000e+04 1.053831172886947831e+00 -9.787425647435302190e-02
3.313000000000000000e+04 1.109512425671835611e+00 7.519310391064281188e-04
3.313200000000000000e+04 1.086198455723511147e+00 8.557123676965618098e-02
3.313300000000000000e+04 1.068576255786974460e+00 -2.491706371674303269e-02
3.314600000000000000e+04 1.117216345130973343e+00 4.396614793401797117e-02
3.314700000000000000e+04 1.122019949619419199e+00 2.722478510046322242e-02
3.315300000000000000e+04 1.037200457640014895e+00 6.385780649881771243e-02
3.315400000000000000e+04 1.006039685444442000e+00 9.947355216465296468e-02
3.315500000000000000e+04 9.646770267418329770e-01 1.357482231372324766e-01
3.315600000000000000e+04 9.472137300737796251e-01 1.173110515748425342e-01
3.315700000000000000e+04 9.783117439276530769e-01 8.256294099253096153e-02
3.317000000000000000e+04 1.000518008572869322e+00 6.657304297915889180e-02
3.317100000000000000e+04 1.008744382861293198e+00 2.959216217028038526e-02
3.320500000000000000e+04 1.048249684312211993e+00 3.403985995804550968e-02
3.320600000000000000e+04 1.031167003649816394e+00 -8.406601262464123703e-02
3.321800000000000000e+04 1.032736920736057051e+00 8.208212063320344254e-02
3.321900000000000000e+04 1.125784466485317381e+00 1.277441098218694004e-01
3.322600000000000000e+04 9.951658922118908901e-01 -4.940717372763072518e-02
3.323700000000000000e+04 1.100222527478220025e+00 2.921649985250214868e-02
3.323800000000000000e+04 1.021258170623677852e+00 6.588301507612503993e-02
3.323900000000000000e+04 1.239730498684801452e+00 6.101461370204205870e-02
3.325000000000000000e+04 9.966828815766562988e-01 2.374763625576960940e-02
3.326200000000000000e+04 1.171387034508945435e+00 -2.415315058898441156e-02
3.326300000000000000e+04 1.057649406408470050e+00 9.796637414592537785e-02
3.326400000000000000e+04 1.013495520452428078e+00 5.114776304460807999e-02
3.326500000000000000e+04 1.030096054807936312e+00 3.650637616706041422e-02
3.329300000000000000e+04 1.101462756340869209e+00 8.658453733357411586e-02
3.329400000000000000e+04 1.110307858380753299e+00 3.660371915746406246e-02
3.329500000000000000e+04 1.108357156790761966e+00 1.512658002020697001e-01
3.329600000000000000e+04 1.078742102363732469e+00 9.061970010780338869e-02
3.331500000000000000e+04 1.106302389450103840e+00 1.045962695555950339e-01
3.331600000000000000e+04 1.079953365080235317e+00 -1.940639936134808119e-02
3.331700000000000000e+04 1.167568596064531894e+00 2.397176428576127186e-02
3.334000000000000000e+04 1.166089109117124156e+00 -5.372471421291315913e-02
3.334100000000000000e+04 1.137944619371731747e+00 8.382004841546612794e-02
3.334200000000000000e+04 1.235229864005041645e+00 4.913928574720145825e-02
3.334300000000000000e+04 1.143700634660662852e+00 3.136709953980429400e-02
3.335900000000000000e+04 1.204212303431824838e+00 -4.419258162654676053e-02
3.336000000000000000e+04 1.142821385535039980e+00 5.346794459026131541e-02
3.336100000000000000e+04 1.154594430966247920e+00 7.181204890775974570e-02
3.336200000000000000e+04 1.205286298032113734e+00 -6.152469208771804005e-02
3.337700000000000000e+04 1.191565088873142164e+00 7.937181325488941452e-02
3.337800000000000000e+04 1.130344947749320816e+00 -3.217879634397376176e-02
3.337900000000000000e+04 1.150765123103638654e+00 1.143437190068320557e-02
3.339000000000000000e+04 1.056010894866178162e+00 6.193743933429598364e-02
3.339100000000000000e+04 1.131554660861624484e+00 2.834916980379606141e-02
3.344500000000000000e+04 1.059176379704597437e+00 4.528893342815874107e-02
3.344600000000000000e+04 1.100766540818784778e+00 9.432024284941623038e-02
3.345400000000000000e+04 1.039020221494749485e+00 1.857200919024498964e-01
3.345500000000000000e+04 1.104903629196539283e+00 4.653487311333842635e-02
3.345600000000000000e+04 1.006475063579235885e+00 5.161205259012675156e-02
3.345700000000000000e+04 1.043340092199393609e+00 -4.655462226572963658e-02
3.346300000000000000e+04 1.042232847079194613e+00 2.168041512831061501e-01
3.346400000000000000e+04 1.072546771972850754e+00 2.161912460819834236e-02
3.346500000000000000e+04 1.015207948040417474e+00 4.239393453568857106e-03
3.346600000000000000e+04 1.005975989781807689e+00 4.149194970495879292e-02
3.347800000000000000e+04 1.018913019067159142e+00 2.221756266729816576e-01
3.347900000000000000e+04 1.082377588393724999e+00 2.100004896334455029e-02
3.348000000000000000e+04 1.054176760204172503e+00 6.609250689252578470e-02
3.348100000000000000e+04 1.003640852904989167e+00 -8.222187754853137187e-03
3.349600000000000000e+04 9.947818523808161784e-01 1.872923502166249921e-01
3.349700000000000000e+04 9.922763563588613556e-01 1.148845437857216600e-01
3.349800000000000000e+04 1.055917984798030451e+00 5.615971571156350844e-02
3.351300000000000000e+04 9.675537730480724408e-01 2.024809090723467542e-01
3.351400000000000000e+04 1.023176138446574068e+00 9.034037448334183984e-02
3.353000000000000000e+04 9.065498151927550152e-01 2.218282015609980007e-01
3.353300000000000000e+04 1.058960355968761258e+00 4.098121651905800578e-02
3.353400000000000000e+04 9.747627273926575686e-01 -1.310452040053996237e-01
3.355600000000000000e+04 9.228006052190049768e-01 2.053253119370511692e-01
3.356700000000000000e+04 9.525498138620893673e-01 -1.110330903169175210e-01
3.357000000000000000e+04 1.008002726132096960e+00 1.543185352637397867e-01
3.357100000000000000e+04 9.951200182677203410e-01 5.298810595491853029e-04
3.357500000000000000e+04 9.513595969394872398e-01 2.034365831377407674e-02
3.357600000000000000e+04 9.509736233030650077e-01 -2.808519385069358984e-02
3.357700000000000000e+04 9.670861342496163138e-01 1.105839289284195615e-01
3.357800000000000000e+04 9.540295467022646969e-01 8.152053192532202064e-02
3.357900000000000000e+04 9.300172300987866736e-01 6.936091726296846061e-02
3.358500000000000000e+04 1.012343124458822796e+00 1.459017963812598295e-01
3.358600000000000000e+04 9.852904914679007087e-01 5.104319460941386666e-02
3.358700000000000000e+04 1.013563613657453955e+00 6.554116958423640560e-02
3.359100000000000000e+04 1.076317893587566799e+00 1.288126573867405256e-01
3.359200000000000000e+04 9.300681520806904912e-01 8.762192961970485805e-02
3.359300000000000000e+04 8.962458271860741510e-01 2.034590510659335105e-01
3.360000000000000000e+04 9.909657742178106243e-01 -1.751625509702139927e-02
3.360100000000000000e+04 9.257141033945786024e-01 6.353402581483025280e-02
3.360200000000000000e+04 1.247134488716712841e+00 -5.432341216023188479e-02
3.360300000000000000e+04 9.216808293563133470e-01 -1.366956269527035833e-02
3.360400000000000000e+04 9.618699744039495014e-01 4.651776535691828918e-02
3.360900000000000000e+04 9.634537335456406781e-01 1.602031755505185090e-02
3.361000000000000000e+04 1.019911393375499298e+00 4.753196048584378691e-02
3.361100000000000000e+04 9.992784842780989552e-01 2.258193681955786292e-02
3.361200000000000000e+04 9.937233456518321795e-01 6.079676507824583603e-02
3.361500000000000000e+04 7.040985002803556991e-01 2.568668647479634970e-01
3.361600000000000000e+04 7.997350897280257609e-01 3.210202627883679272e-02
3.361700000000000000e+04 1.039804188898247217e+00 4.459477965734963412e-02
3.361800000000000000e+04 1.008457293583211012e+00 7.575952979765514239e-02
3.361900000000000000e+04 8.919101851049664464e-01 1.521964778071416002e-01
3.362400000000000000e+04 9.957638028142360431e-01 1.199780913650689840e-01
3.362500000000000000e+04 1.241234768436395353e+00 -6.347608873122247489e-03
3.362600000000000000e+04 1.008995749328154945e+00 1.381445634435405148e-02
3.362700000000000000e+04 9.870879034978611299e-01 3.421532373335597899e-02
3.362800000000000000e+04 9.992610416513458826e-01 9.586679904988122669e-02
3.363400000000000000e+04 1.014120682301885790e+00 -6.481818619210065469e-02
