5.600500000000000000e+04 8.508325792780838670e-01 -7.428138449788820874e-02
5.600600000000000000e+04 9.837351436262773419e-01 -2.436795678926297407e-03
5.601200000000000000e+04 8.290382266182068083e-01 7.293370352456708672e-02
5.602600000000000000e+04 9.869927353103951084e-01 5.813491116915187051e-02
5.602700000000000000e+04 9.525125698203957825e-01 1.126255563029944090e-01
5.602800000000000000e+04 1.118380574580103648e+00 1.244917902974296137e-01
5.602900000000000000e+04 9.715471148511686250e-01 3.048115523257528131e-02
5.603000000000000000e+04 9.757210793621582390e-01 -2.191753455273252882e-02
5.604000000000000000e+04 1.054297816453597658e+00 -9.630117271395947920e-02
5.604100000000000000e+04 1.033025714999820099e+00 -3.769284272626076404e-02
5.604200000000000000e+04 1.013716361603073102e+00 -1.733382058647998936e-02
5.604300000000000000e+04 9.019136023083242915e-01 -8.127433733575080768e-03
5.605100000000000000e+04 1.039539282640107754e+00 2.987186070102263238e-02
5.605200000000000000e+04 1.032532565217326725e+00 7.003129456798314056e-02
5.605300000000000000e+04 1.042689554976757638e+00 2.732829769308138188e-02
5.605400000000000000e+04 1.270860632030838877e+00 2.368944304237592668e-02
5.605500000000000000e+04 1.134649390518240208e+00 -3.326070257458502849e-02
5.605600000000000000e+04 1.099211669919656575e+00 -3.471088805438429792e-02
5.606100000000000000e+04 1.076337783321616115e+00 -1.198675391100046811e-01
5.606200000000000000e+04 1.052762967095032254e+00 -1.036701836059214371e-01
5.606300000000000000e+04 1.073498753319131582e+00 -4.298730141067391014e-02
5.606400000000000000e+04 1.103020517832430381e+00 -6.930982955102447940e-02
5.607500000000000000e+04 1.080139516112349707e+00 1.633763405670577429e-01
5.607600000000000000e+04 1.059488709573600085e+00 -1.080667712525313056e-03
5.607700000000000000e+04 1.032775785588686546e+00 -7.312723994625336399e-02
5.607800000000000000e+04 1.046855726178661961e+00 -7.097603476066048633e-02
5.608700000000000000e+04 9.886002242513989291e-01 1.026595843908161346e-02
5.609400000000000000e+04 9.869576073293119256e-01 -8.961383519770955292e-03
5.609500000000000000e+04 9.447597176974102950e-01 -4.666452036710651285e-02
5.609800000000000000e+04 9.529425062045592254e-01 1.939839114591276892e-02
5.610100000000000000e+04 8.873423062976962816e-01 -9.867703639356559253e-02
5.610200000000000000e+04 9.673690588362888754e-01 -9.126175066891455134e-02
5.610300000000000000e+04 9.718596257907416991e-01 -2.621639487162146648e-02
5.610400000000000000e+04 9.214650905341619236e-01 -8.534372031302400047e-03
5.611400000000000000e+04 9.638711374294256506e-01 -5.208272099280930600e-02
5.612200000000000000e+04 1.006698101688473290e+00 -7.262914338870413156e-02
5.612300000000000000e+04 1.041185517493319335e+00 -9.660209258721234871e-04
5.612400000000000000e+04 9.351547828671055163e-01 -8.345525858057771529e-02
5.612500000000000000e+04 9.451744980622560632e-01 1.596782570500520845e-02
5.612600000000000000e+04 1.024946556514064522e+00 -5.165672991565534167e-02
5.612700000000000000e+04 9.316088329857474815e-01 -1.930886166306955420e-02
5.614100000000000000e+04 9.426215993478832544e-01 7.870825065070342907e-03
5.615100000000000000e+04 9.604007905254523525e-01 -1.399531899916319211e-01
5.615300000000000000e+04 9.935037560678808832e-01 -8.209378697855587367e-03
5.615400000000000000e+04 9.883048475317010029e-01 -9.335645392352800997e-02
5.622200000000000000e+04 8.549353114710374069e-01 -1.492429196046990147e-01
5.623100000000000000e+04 1.008040633664226249e+00 7.266064665856987459e-02
5.623200000000000000e+04 1.079206812729393228e+00 4.692172793982454793e-02
5.628400000000000000e+04 1.086160423511323803e+00 1.069728469674710580e-01
5.628500000000000000e+04 1.112749577133546497e+00 1.522892777159034483e-01
5.630100000000000000e+04 1.046346522897858122e+00 2.914287237451086351e-02
5.630200000000000000e+04 1.164199687791256599e+00 1.494836527875532950e-01
5.630300000000000000e+04 9.832083072834484350e-01 -7.059054517177087984e-02
5.630400000000000000e+04 1.064230480061995499e+00 -3.950393781565723905e-02
5.631500000000000000e+04 1.024673529629152036e+00 3.960542270593735842e-02
5.631600000000000000e+04 1.115791096969076968e+00 4.885193749411122222e-02
5.634800000000000000e+04 9.942326182161346226e-01 6.843812659191199355e-03
5.636300000000000000e+04 9.491614335121916213e-01 2.954439043756796474e-02
5.636400000000000000e+04 1.053505064061492691e+00 -6.055506001840503527e-02
5.636500000000000000e+04 9.877637626408938276e-01 -2.700337678050124604e-02
5.636600000000000000e+04 9.968417796456982005e-01 -1.824576181213989623e-02
5.636700000000000000e+04 9.099942685215567373e-01 -1.468981587593160276e-01
5.646100000000000000e+04 1.046992456823156337e+00 -1.913306096955813898e-02
5.648900000000000000e+04 1.091746447919643703e+00 5.539709039952928071e-02
5.649000000000000000e+04 9.614247547943735039e-01 -5.373493182777881044e-02
5.649100000000000000e+04 9.465770874618411046e-01 -1.054059404197241478e-01
5.649200000000000000e+04 8.705598404756910158e-01 1.563037472582009049e-02
5.649300000000000000e+04 8.860707576900163085e-01 -1.193338292913268539e-01
5.649400000000000000e+04 7.913143728103917418e-01 2.654370627820521258e-02
5.651500000000000000e+04 7.957482236570779799e-01 -3.088044633639182301e-02
5.652200000000000000e+04 8.794434777425348404e-01 -7.204292930815377194e-02
5.652300000000000000e+04 1.009373167295718909e+00 -9.967407096888061813e-02
5.652400000000000000e+04 1.039714017110731525e+00 -6.957370118230980782e-02
5.652600000000000000e+04 1.050833765111690798e+00 -4.845771539915814247e-02
5.652700000000000000e+04 1.006661315578304627e+00 -1.232649545364039312e-01
5.652800000000000000e+04 9.194425437597947282e-01 -6.208198761223739093e-02
5.653000000000000000e+04 9.975656714945868586e-01 -5.478320236110836156e-02
5.653100000000000000e+04 9.682812206988491432e-01 -1.233567226120993177e-01
5.653200000000000000e+04 1.128885227905945143e+00 1.307918892991865277e-02
5.655000000000000000e+04 9.823717574620145498e-01 4.331582012585837721e-02
5.655100000000000000e+04 1.058311987249797914e+00 -1.247175322443995343e-01
5.655200000000000000e+04 1.054990660723298168e+00 -5.673312114873921286e-02
5.655500000000000000e+04 1.057439356545211817e+00 -6.419586691634604492e-02
5.655600000000000000e+04 1.028269007295577131e+00 -1.390947715885384184e-01
5.655800000000000000e+04 1.010249097027797305e+00 -1.833251550163567112e-02
5.655900000000000000e+04 9.526227915835256965e-01 -5.583460793651151555e-02
5.656000000000000000e+04 1.033736235768116574e+00 -6.675336336886764088e-02
5.656100000000000000e+04 9.300992285520693903e-01 -5.304995707569559737e-02
5.656200000000000000e+04 9.527196650653316778e-01 -9.357714239148155755e-02
5.656300000000000000e+04 9.272086426108553381e-01 -6.643637629014161050e-02
5.657800000000000000e+04 1.045350231675537644e+00 6.757817551708415749e-02
5.657900000000000000e+04 9.718353628875788797e-01 -7.138877891191709735e-02
5.663200000000000000e+04 1.061374055838382846e+00 -6.252570680232266698e-02
5.663300000000000000e+04 1.204132788311978342e+00 1.024714656964627497e-02
5.663400000000000000e+04 1.019409639455203465e+00 -9.014114088611394071e-02
5.663500000000000000e+04 1.055979871116065061e+00 -6.042070924428095957e-02
5.663600000000000000e+04 1.059451507120592995e+00 -3.335696421045258875e-02
5.663700000000000000e+04 1.021803662153984105e+00 -5.957042120319323841e-02
5.663800000000000000e+04 1.025844250680076009e+00 1.503228519138903596e-02
5.663900000000000000e+04 9.848654805506994458e-01 -3.093497808793016501e-02
5.664000000000000000e+04 9.202742246798973902e-01 -1.586916593465064196e-01
5.664100000000000000e+04 9.455559673137345911e-01 -6.271220212719434695e-02
5.664200000000000000e+04 9.612932474680176975e-01 -1.049335626749406565e-02
5.666300000000000000e+04 9.860724221934287215e-01 4.590493866779171012e-02
5.666400000000000000e+04 9.285822704100126224e-01 -5.671225495427741764e-02
5.666500000000000000e+04 1.014067565289552997e+00 -1.327227101065550294e-02
5.666600000000000000e+04 9.322044760126260154e-01 -6.720669647814778158e-02
5.677500000000000000e+04 9.827908630601515094e-01 7.987039931713575680e-02
5.677600000000000000e+04 9.267641991101801535e-01 -6.685166450532137317e-02
5.677700000000000000e+04 9.373753125658059737e-01 -2.413852291998959745e-02
5.679900000000000000e+04 7.920369333561444458e-01 8.340951456936623876e-02
5.680000000000000000e+04 9.842762384305948631e-01 -7.237868826531629329e-02
5.688100000000000000e+04 9.097151995188318407e-01 -3.015358977871273466e-02
5.747500000000000000e+04 8.991255487432222582e-01 4.236566701840401017e-02
5.752300000000000000e+04 1.073880669162270429e+00 1.364289158274676339e-01
5.752400000000000000e+04 7.715681924445576545e-01 3.061102080789960753e-02
5.753400000000000000e+04 1.086233685117011571e+00 9.808443323776255829e-02
5.753500000000000000e+04 1.129886626458698640e+00 -5.090001650397681793e-02
5.753600000000000000e+04 1.140338787759051398e+00 1.232332013255055259e-01
5.753700000000000000e+04 1.052371320475104621e+00 -2.988133596199512437e-02
5.753900000000000000e+04 1.077376644798692551e+00 4.330456293041891856e-03
5.754000000000000000e+04 1.068838601731647353e+00 4.933390946371943309e-02
5.754100000000000000e+04 1.000506753923513514e+00 4.801457604322288686e-02
5.755300000000000000e+04 1.091840971554966400e+00 9.788024257555283381e-02
5.755400000000000000e+04 1.067242011831798232e+00 5.600719248336772510e-02
5.755700000000000000e+04 1.039490331531949696e+00 -2.137454234704911846e-02
5.755800000000000000e+04 1.097988670847595660e+00 -6.407160357712186546e-03
5.756000000000000000e+04 9.838235682725302578e-01 1.506555518284716580e-02
5.756100000000000000e+04 1.016778844875706245e+00 -7.988030626266996725e-02
5.756800000000000000e+04 9.797703267802750915e-01 -1.662943032294215140e-01
5.757000000000000000e+04 1.055122540633628647e+00 1.269553792973865669e-01
5.757200000000000000e+04 8.750274427461758320e-01 4.708129541188306455e-02
5.757400000000000000e+04 1.046375687441518432e+00 -6.693509187033702679e-02
5.759700000000000000e+04 1.013332536338186429e+00 -7.104375973373951159e-02
5.759800000000000000e+04 1.010030084978921661e+00 -7.420332210413447052e-03
5.761000000000000000e+04 1.015821118506269327e+00 9.169656029819188425e-02
5.761100000000000000e+04 1.039305496501493620e+00 1.937244496555164466e-02
5.761200000000000000e+04 1.054311236228791415e+00 4.365172055153056924e-02
5.761300000000000000e+04 1.004696604331035026e+00 4.072084085454494295e-03
5.761400000000000000e+04 1.044181868527346069e+00 -1.032046188905346995e-01
5.761500000000000000e+04 9.826181144151707736e-01 3.841879142570676225e-02
5.761600000000000000e+04 1.022227880135547995e+00 -1.992078205373877878e-02
5.761800000000000000e+04 9.671317900395971501e-01 1.903898005239654245e-02
5.779800000000000000e+04 9.720533754089598633e-01 -9.315919443855708026e-02
5.797800000000000000e+04 9.892797697562583092e-01 -1.081710419144375421e-02
5.799500000000000000e+04 8.282520202407935850e-01 1.111391476398279343e-01
5.799700000000000000e+04 1.061178022752292671e+00 -6.524012005568205486e-02
5.799800000000000000e+04 1.147989923676940416e+00 1.270830766892375174e-01
5.800600000000000000e+04 1.051873474452222457e+00 1.098534347998137983e-01
5.800800000000000000e+04 1.099969146083655147e+00 6.919087614940831743e-02
5.801000000000000000e+04 1.061568795396831355e+00 1.595439893942343992e-02
5.801100000000000000e+04 1.064479662003989358e+00 -5.493436149940551794e-02
5.801200000000000000e+04 1.164074540242553413e+00 7.367161917688140604e-02
5.803000000000000000e+04 1.081746125824057048e+00 8.751977663567811483e-02
5.803200000000000000e+04 1.214710423281067264e+00 8.352007214055272299e-02
5.803300000000000000e+04 1.124409441529779174e+00 -4.067084911900253549e-03
5.803400000000000000e+04 1.051927803692311203e+00 -2.906445819231261510e-02
5.803500000000000000e+04 1.071163798851646698e+00 -3.824527604900270633e-02
5.807100000000000000e+04 1.040312037660163558e+00 1.216109567796064134e-01
5.807200000000000000e+04 1.109295091615220441e+00 7.411915850550757079e-02
5.807300000000000000e+04 1.118161174105249733e+00 8.373371491221553997e-02
5.807400000000000000e+04 1.067013442000674495e+00 -2.646120951026785170e-02
5.807500000000000000e+04 1.035870527940052410e+00 2.392794310842582400e-02
5.807600000000000000e+04 1.079131990207526037e+00 -1.303585477031354856e-01
5.811200000000000000e+04 1.070339237322817327e+00 -3.439998166358791687e-02
5.811300000000000000e+04 1.122449987181454834e+00 2.038250578972956514e-03
5.811400000000000000e+04 1.058008745482917901e+00 -1.130949028229278619e-01
5.811500000000000000e+04 1.063154695952838402e+00 -2.305400896902386892e-02
5.813400000000000000e+04 1.121457117050480345e+00 1.080928496589935867e-01
5.813600000000000000e+04 1.023000370617578980e+00 -3.322798036954846546e-02
5.813700000000000000e+04 1.074095294813848911e+00 -4.959003094431366221e-02
5.813800000000000000e+04 1.053571996087638185e+00 -7.725365824807407800e-02
5.813900000000000000e+04 1.080167557235081732e+00 -1.541122375366169375e-02
5.814800000000000000e+04 9.500566268018767468e-01 9.961066704491304546e-02
5.815600000000000000e+04 1.036119102138133297e+00 1.250572029168862953e-01
5.815800000000000000e+04 1.007773247134180483e+00 2.680620453810023812e-02
5.815900000000000000e+04 1.104902973365489149e+00 1.785263883354710340e-02
5.816000000000000000e+04 1.083278426233004854e+00 -3.978391498579234714e-02
5.816100000000000000e+04 1.037018476564558256e+00 -1.063989997945123112e-01
5.817000000000000000e+04 9.643881588550979878e-01 2.185471723182268872e-02
5.817100000000000000e+04 9.190306101261213056e-01 -8.902408825133488121e-03
5.818600000000000000e+04 1.036578703472083252e+00 1.266575948755719605e-01
5.818700000000000000e+04 1.025776392032285766e+00 1.506850657633963531e-01
5.818800000000000000e+04 1.038855118771596642e+00 7.904914595389203602e-02
5.818900000000000000e+04 9.690461635371824256e-01 5.945251976030951901e-02
5.819000000000000000e+04 9.359554391203589452e-01 -3.326272374654270364e-02
5.819100000000000000e+04 7.335473031537538269e-01 7.144748404970216460e-02
5.819900000000000000e+04 1.012581267260845408e+00 2.924088254545222781e-02
5.820000000000000000e+04 8.899750347798723871e-01 2.310171452067183093e-02
5.821400000000000000e+04 1.045509644302279550e+00 -8.321245192592957585e-02
5.821500000000000000e+04 9.775462976810129767e-01 -7.025573784380087158e-03
5.821600000000000000e+04 9.772841790111624904e-01 2.772597859229493020e-02
5.821700000000000000e+04 1.069521057686860122e+00 1.281914199147497768e-01
5.822500000000000000e+04 9.964140890404293849e-01 7.593313704039469057e-03
5.822600000000000000e+04 9.115929135989202514e-01 3.897295820226268775e-02
5.823200000000000000e+04 1.029545213830406869e+00 7.847374617727387314e-02
5.824500000000000000e+04 1.015261199301509043e+00 1.569776062850546938e-01
5.824600000000000000e+04 1.014957767688999146e+00 1.952215546430186577e-01
5.824700000000000000e+04 9.152050657764589925e-01 1.356990644903564025e-01
5.824900000000000000e+04 9.216059876678547313e-01 4.792524911027831042e-02
