8.824800000000000000e+04 1.106499982663932347e+00 7.045921439536249886e-02
8.828400000000000000e+04 9.230939928478345546e-01 1.185084948888700113e-01
8.828600000000000000e+04 6.948493710581357119e-01 8.136249375245760418e-02
8.829100000000000000e+04 9.734029622369790857e-01 -4.337719614097249737e-02
8.829200000000000000e+04 9.494483163864880781e-01 2.349944848028471395e-02
8.829400000000000000e+04 1.056329988113446694e+00 -1.946344042756926185e-01
8.829700000000000000e+04 9.997674767364448378e-01 5.389808903304236370e-02
8.830000000000000000e+04 1.015231965395327673e+00 -4.763562054732010942e-02
8.834000000000000000e+04 1.184962193022653043e+00 3.050978227466982079e-02
8.834100000000000000e+04 9.433727933955992073e-01 -6.423798261085737760e-03
8.835600000000000000e+04 1.032239092062326336e+00 1.385971419327592519e-02
8.892300000000000000e+04 9.110363188047646554e-01 1.490185714006786177e-01
8.892400000000000000e+04 1.097169234349735234e+00 8.034395203723815326e-02
8.892500000000000000e+04 1.020796775706665382e+00 8.396713949342121674e-02
8.892600000000000000e+04 9.672726707651319034e-01 5.428213302337077557e-03
8.894800000000000000e+04 9.574968349365833298e-01 2.167208490077702776e-01
8.895000000000000000e+04 6.186925853226495908e-01 -1.156223300892104677e-01
8.895100000000000000e+04 9.752729947320109005e-01 -6.362211324911194732e-02
8.897300000000000000e+04 8.684061339961413051e-01 -3.612860879846859722e-03
8.898600000000000000e+04 8.171179041677363308e-01 5.528148236344735539e-02
8.928000000000000000e+04 7.421249530382479920e-01 1.225449564636535288e-01
8.928100000000000000e+04 8.546475480399591262e-01 -3.965322899055542805e-02
8.928200000000000000e+04 1.105682120349068986e+00 -4.227680978648045568e-02
8.928500000000000000e+04 9.967135735641242666e-01 -3.625782735654285022e-02
8.928600000000000000e+04 9.142872780838615654e-01 -7.999900515080340946e-02
8.928700000000000000e+04 9.785899015288561653e-01 -5.277267872761788603e-03
8.929100000000000000e+04 1.051046974173551307e+00 1.991948094840176667e-02
8.929200000000000000e+04 1.008065164008588255e+00 2.073836812636534188e-02
8.929300000000000000e+04 1.074239586219301934e+00 -4.019630199215477179e-03
8.929400000000000000e+04 1.047285209434628106e+00 -3.894277609263345485e-02
8.929500000000000000e+04 9.515891095495385699e-01 -3.143044948486461293e-02
8.934800000000000000e+04 1.100310943045072376e+00 6.606502160942186175e-02
8.934900000000000000e+04 1.304399807563282554e+00 -4.867100846038272671e-02
8.935000000000000000e+04 1.034746444104255980e+00 3.677334548930211860e-02
8.935400000000000000e+04 1.312485926681508541e+00 1.524688356535282563e-01
8.936000000000000000e+04 1.152717502024425800e+00 6.651836867150505428e-02
8.936700000000000000e+04 1.000497147448237589e+00 -3.420700877776315652e-02
8.939200000000000000e+04 1.002550863541114667e+00 -7.651720636102579687e-02
8.939800000000000000e+04 1.086855906712975273e+00 1.247745904559303676e-01
8.940000000000000000e+04 9.792392130632262548e-01 -4.910970039732850956e-02
8.940300000000000000e+04 1.050765122037098376e+00 6.512553102979488917e-02
8.940500000000000000e+04 9.730613275591536437e-01 1.895968433100718442e-01
8.940700000000000000e+04 1.039388356597241270e+00 -2.695804704332619567e-02
8.940900000000000000e+04 8.173360243635948708e-01 -3.878418760410799748e-02
8.942500000000000000e+04 9.559857615060062264e-01 -3.409350428001621525e-02
8.942600000000000000e+04 1.005336377018654082e+00 -1.095510472321365308e-01
8.942800000000000000e+04 1.000592750209647441e+00 4.640799225404945716e-02
8.942900000000000000e+04 9.294890564266153898e-01 8.217566984938846561e-03
8.943200000000000000e+04 7.766396684129149852e-01 -1.109369356622390140e-01
8.943400000000000000e+04 8.584968990670929223e-01 -6.335118472768185016e-02
8.943700000000000000e+04 9.078341812063841498e-01 3.933142935324634298e-03
8.948700000000000000e+04 9.498964381247050337e-01 5.741388357659188424e-02
8.948900000000000000e+04 9.724898366024566920e-01 4.669865111748824210e-03
8.949100000000000000e+04 9.276565576195113794e-01 1.278596114171597631e-01
8.949600000000000000e+04 9.376939399358152905e-01 8.044484984932991078e-02
8.949900000000000000e+04 9.418488096914985341e-01 1.047539940385726620e-01
8.950000000000000000e+04 8.987035067910524866e-01 1.098381085411608143e-01
8.950100000000000000e+04 9.481035796597458987e-01 -4.632526040610302105e-03
8.950200000000000000e+04 8.397233364759065788e-01 9.920172148996436387e-03
8.950300000000000000e+04 8.741953349924513894e-01 2.121538457046375642e-02
8.950500000000000000e+04 8.368934744028865280e-01 4.241340592241260588e-02
8.950600000000000000e+04 9.130074907737479872e-01 5.919778755859335731e-03
8.952400000000000000e+04 9.560018039525298716e-01 8.606234319090640128e-02
8.953800000000000000e+04 1.087334483119516859e+00 2.024954255462546246e-02
8.954400000000000000e+04 1.041371318478777175e+00 -3.404082213419952832e-03
8.954700000000000000e+04 9.743657024892721230e-01 2.473889826640309625e-02
8.955600000000000000e+04 1.000405716256025146e+00 4.762000577192697370e-02
8.955700000000000000e+04 1.077356322793272092e+00 4.215684532172959270e-04
8.956000000000000000e+04 1.003354724626615679e+00 1.279497997179684932e-01
8.956100000000000000e+04 9.597116251562136657e-01 1.546187830283989387e-02
8.956400000000000000e+04 9.018004807625190633e-01 4.496347331760878335e-02
8.956500000000000000e+04 6.160365671450105385e-01 -1.219457220729903701e-01
8.956800000000000000e+04 7.804025047124982795e-01 9.864396729471885950e-02
8.957700000000000000e+04 8.435476361028880765e-01 -5.636636678750465285e-02
8.958100000000000000e+04 8.432577491192526642e-01 -1.161759611004293744e-02
8.958600000000000000e+04 9.316905945082968321e-01 -2.470020231538392827e-02
8.959000000000000000e+04 9.205965271525343718e-01 3.136088900057191348e-02
8.959700000000000000e+04 9.011644822008356703e-01 4.015902781623335166e-02
8.960200000000000000e+04 8.903651119363399369e-01 -3.752068257471703056e-02
8.960300000000000000e+04 9.517278218934523970e-01 -6.552757763447646447e-03
8.960400000000000000e+04 9.354127746974411073e-01 -7.612335686366873688e-02
8.960500000000000000e+04 9.914870691093178312e-01 -1.669664233805318379e-02
8.968600000000000000e+04 9.692506943181798951e-01 -2.658774419067991973e-02
8.969200000000000000e+04 8.468813266848299603e-01 -8.456014423035687622e-02
8.973100000000000000e+04 9.947172964681494367e-01 -3.859237026995512854e-02
8.973200000000000000e+04 9.703965727076664383e-01 -2.716637324041391161e-02
8.982800000000000000e+04 9.397947282313153794e-01 -3.803674010195888522e-02
8.982900000000000000e+04 1.000483604042412322e+00 -4.046061829137871657e-02
8.983000000000000000e+04 8.979072210632964568e-01 -1.112196722035559658e-02
8.992500000000000000e+04 9.588603928270212906e-01 1.151961288243407988e-01
8.992600000000000000e+04 9.927340508303802435e-01 9.875299746981011650e-02
8.999700000000000000e+04 9.276194033445288589e-01 4.308834458784526096e-03
9.002300000000000000e+04 9.138804374245202977e-01 4.066358481794600521e-02
9.002500000000000000e+04 9.694035902034829899e-01 1.000513572017929093e-01
9.002600000000000000e+04 1.006904548464184090e+00 6.175555094328416539e-02
9.005100000000000000e+04 8.985516423450731205e-01 1.009601222466824377e-01
9.005200000000000000e+04 9.247034603108095219e-01 3.773975164414278272e-02
9.005300000000000000e+04 1.027989689135574869e+00 -1.344541279592272043e-02
9.005400000000000000e+04 1.044676356699418829e+00 1.016605822740508994e-02
9.005500000000000000e+04 1.026680956634011599e+00 -3.753089532311763149e-02
9.005600000000000000e+04 9.694421235408824389e-01 7.773609918806652364e-02
9.008400000000000000e+04 1.032666233069541528e+00 6.762537751909125650e-02
9.008500000000000000e+04 1.083138450532460828e+00 -1.501094490869709329e-02
9.008600000000000000e+04 9.392042269944403943e-01 5.698053199999768975e-02
9.008700000000000000e+04 1.072010286280794089e+00 -1.973679596117902321e-02
9.008800000000000000e+04 1.061992904884588196e+00 3.058127042304964460e-02
9.008900000000000000e+04 1.286486030039005746e+00 6.383330395335187757e-02
9.010800000000000000e+04 1.087715108641432504e+00 8.920431542890535845e-03
9.012000000000000000e+04 1.095674033787511714e+00 -1.170751059273929945e-01
9.012100000000000000e+04 1.115706707862353708e+00 -7.401522352002366800e-02
9.012200000000000000e+04 1.071067200738353486e+00 -8.621034341880036422e-02
9.012300000000000000e+04 1.079603446185922744e+00 -8.136130672830327315e-02
9.012400000000000000e+04 1.029043221514431838e+00 -3.446922754825402363e-02
9.012500000000000000e+04 9.129728192886197302e-01 -1.480109663971578282e-01
9.012600000000000000e+04 1.118465470749340662e+00 -5.337103974543085799e-02
9.012700000000000000e+04 1.080777048280352703e+00 -3.426364391876388082e-02
9.014600000000000000e+04 1.005719347369384176e+00 7.513869048874898329e-03
9.015200000000000000e+04 1.072081307167518149e+00 6.352291440819078649e-02
9.016000000000000000e+04 1.101717033006142321e+00 -1.448467214741750234e-02
9.016500000000000000e+04 1.137940479138154215e+00 4.373157118687660133e-02
9.017200000000000000e+04 1.063885250989129672e+00 -5.470900890725181875e-02
9.018300000000000000e+04 1.029219319887581197e+00 -5.678701455737204806e-02
9.018900000000000000e+04 1.069449206262109708e+00 6.280146292516478046e-02
9.019500000000000000e+04 1.051397606768932347e+00 -5.096609908039590603e-02
9.020100000000000000e+04 1.009888927982450557e+00 7.424441554831420764e-04
9.020200000000000000e+04 1.102624446922714441e+00 -1.648211654774869861e-02
9.021600000000000000e+04 9.948994008145168877e-01 -1.087131698021831863e-02
9.022000000000000000e+04 1.040908485906441916e+00 -3.083240076125718689e-03
9.022200000000000000e+04 9.967605091503204395e-01 7.676119741538110774e-02
9.022500000000000000e+04 1.264167492143136728e+00 -1.255797855504349747e-01
9.022700000000000000e+04 1.196679990482449218e+00 8.563159006525998540e-02
9.022900000000000000e+04 1.106462636156524182e+00 -6.872981935608282744e-02
9.023100000000000000e+04 1.103334085991551250e+00 9.273541129533860450e-02
9.023300000000000000e+04 1.253272023987143768e+00 6.995161144165252393e-03
9.023500000000000000e+04 1.140882417398531246e+00 -8.316704832225356447e-02
9.023600000000000000e+04 1.167866811077755473e+00 1.618193878496232418e-02
9.023700000000000000e+04 1.288216864448295196e+00 1.318454688832819965e-01
9.023800000000000000e+04 9.767402719363893482e-01 5.013063572201599538e-02
9.026300000000000000e+04 1.066488186964281493e+00 -7.754372570517031882e-02
9.026400000000000000e+04 8.785815872071190968e-01 -4.154327693462203652e-02
9.026500000000000000e+04 1.087543058927632922e+00 -2.009480048330403515e-02
9.026600000000000000e+04 1.089477365831295952e+00 2.069599063058442240e-04
9.027100000000000000e+04 1.013513295028039218e+00 -8.517701029654373146e-02
9.027300000000000000e+04 1.074856497864868921e+00 -8.399375400637235783e-03
9.027400000000000000e+04 1.059255993573995802e+00 -9.882877472363242252e-03
9.027800000000000000e+04 1.019326767720905913e+00 6.323266462378371831e-03
9.029700000000000000e+04 9.118100372221246142e-01 1.008474927966324375e-01
9.029800000000000000e+04 9.573794343566007781e-01 1.370991795427489168e-01
9.029900000000000000e+04 9.918215762587645479e-01 8.796555785592530263e-02
9.030500000000000000e+04 1.022618468025192184e+00 1.176706170210598257e-01
9.030600000000000000e+04 1.042000230700491636e+00 1.439793098184116160e-01
9.031500000000000000e+04 1.023917593788198355e+00 8.413191282188285658e-02
9.031600000000000000e+04 8.660979719090317053e-01 -4.399141396138332716e-03
9.031700000000000000e+04 7.850931853578950737e-01 -1.998380786709721621e-02
9.031800000000000000e+04 8.034766987487048651e-01 -6.534289218449727821e-02
9.031900000000000000e+04 8.533493667245442005e-01 -1.715959206282064928e-02
9.032000000000000000e+04 8.905941494433403660e-01 2.841853522284584765e-02
9.032100000000000000e+04 8.133069120627078874e-01 9.103378882794009586e-02
9.033700000000000000e+04 8.207370627029616506e-01 1.841058616772375256e-01
9.033800000000000000e+04 9.276785998108053599e-01 2.602359774771582090e-01
9.033900000000000000e+04 9.913369143873175249e-01 1.986112191074506095e-01
9.034000000000000000e+04 9.706165443653552716e-01 1.037956796711808211e-01
9.034200000000000000e+04 1.010700638863557543e+00 8.577132556538689945e-02
9.034300000000000000e+04 8.861196153545156662e-01 7.388994373995540210e-02
9.034400000000000000e+04 8.891821824032646315e-01 -9.311049760617506540e-03
9.034500000000000000e+04 9.131618878697679298e-01 1.033959182557871170e-01
9.034600000000000000e+04 8.590039778068497833e-01 1.600405394079159049e-01
9.034700000000000000e+04 9.816894997262841649e-01 -2.939578028047386618e-02
9.034800000000000000e+04 7.610923227388186607e-01 -1.095363076325015089e-01
9.034900000000000000e+04 8.814900729901523624e-01 5.514823293026320516e-02
9.035000000000000000e+04 8.854714330673190137e-01 3.985234970382017100e-02
9.035100000000000000e+04 8.605122841587493632e-01 2.464427721319993950e-02
9.036700000000000000e+04 1.015340686355756139e+00 1.124893220303771896e-01
9.036800000000000000e+04 1.057168395639278113e+00 4.767396258908844497e-02
9.036900000000000000e+04 1.036951148869949657e+00 8.632527210730424339e-02
9.037000000000000000e+04 1.024501977550663190e+00 1.572752740723815934e-01
9.037100000000000000e+04 9.735727999263508181e-01 1.118747252637252443e-01
9.037200000000000000e+04 1.058530783179827628e+00 1.507649185531501623e-01
9.037300000000000000e+04 1.056250234602135629e+00 1.060540971501075375e-01
9.037400000000000000e+04 9.982613805085114311e-01 7.157960088088492767e-02
9.037500000000000000e+04 1.091948546315970603e+00 7.558806108784096867e-02
9.037600000000000000e+04 1.042252638565742018e+00 4.652026316688585156e-02
9.037700000000000000e+04 9.851754837249676600e-01 -5.855285349828344421e-02
9.037800000000000000e+04 9.857775506035479918e-01 -8.777091324395269734e-02
9.037900000000000000e+04 8.941314461187375162e-01 9.543025787348276973e-03
9.038100000000000000e+04 9.856962073894900422e-01 5.574987933371094995e-02
9.040200000000000000e+04 1.009194712750442591e+00 5.023639662868034650e-03
9.040300000000000000e+04 9.820788529307408199e-01 2.588902008042919325e-04
9.040400000000000000e+04 1.153423556895926128e+00 6.234400252685809440e-02
9.040600000000000000e+04 1.048736251619667437e+00 2.312902154869336119e-02
9.040800000000000000e+04 9.838239921798449528e-01 -1.392494970115292635e-02
9.040900000000000000e+04 1.004544756942361117e+00 2.292598157790208535e-02
9.041000000000000000e+04 8.819342935243333903e-01 -3.512859291695941827e-02
9.041400000000000000e+04 8.964466127601788958e-01 -6.743874057305894454e-02
9.042400000000000000e+04 8.502562230504201457e-01 -3.966224429142005403e-02
9.042500000000000000e+04 9.998779953657586095e-01 2.561222114379063317e-02
9.043000000000000000e+04 1.035573196749127511e+00 7.380993578396204124e-02
9.043200000000000000e+04 9.665367668207416330e-01 -1.232707209780677191e-03
9.043300000000000000e+04 1.062198622997092112e+00 -6.602379666451117790e-02
9.043400000000000000e+04 1.004614096357784980e+00 -1.717478976229095539e-02
