2.912200000000000000e+04 9.900723614901481007e-01 -1.163661491388227470e-01
2.912300000000000000e+04 1.010026876379112704e+00 7.333777134081194589e-03
2.912500000000000000e+04 9.858634855238863626e-01 1.139582912807227538e-01
2.912600000000000000e+04 9.352489947094320133e-01 2.673826150620677369e-02
2.914900000000000000e+04 7.603367819028601371e-01 4.131425895351825694e-02
2.915000000000000000e+04 8.658424121229612025e-01 -3.142808039469209558e-03
2.915100000000000000e+04 8.332023286971778075e-01 5.221764704886419639e-02
2.915200000000000000e+04 9.549635907846777405e-01 5.965573179495541056e-02
2.915300000000000000e+04 1.061396111553609023e+00 8.970164367145212758e-02
2.915400000000000000e+04 9.952727322565069201e-01 1.446162423061919111e-01
2.915500000000000000e+04 9.903550883055941556e-01 2.662504015617832981e-02
2.915600000000000000e+04 8.555169662351814752e-01 7.098219851433673622e-02
2.915700000000000000e+04 7.574287454317288892e-01 8.985679702660889778e-02
2.917100000000000000e+04 1.081604949791184600e+00 7.785858638559726985e-02
2.917300000000000000e+04 1.071343743882025024e+00 -4.681189235274324512e-02
2.917400000000000000e+04 1.069429243022846254e+00 -5.489434869565929659e-02
2.917500000000000000e+04 1.093695850298243899e+00 1.502390439777820906e-02
2.917600000000000000e+04 1.031842621842434804e+00 2.557255554492931095e-04
2.917700000000000000e+04 1.084046635334759756e+00 -2.000836017746603079e-02
2.917800000000000000e+04 9.997050422842505002e-01 3.684794861136098110e-02
2.921500000000000000e+04 8.046642105153889446e-01 1.938283599944515267e-02
2.927800000000000000e+04 9.070464827740051250e-01 -4.581013197789193109e-03
2.927900000000000000e+04 1.015756722750380980e+00 4.856743376250714783e-02
2.928000000000000000e+04 1.083006862639025014e+00 1.364881691859481244e-02
2.928100000000000000e+04 9.313399999395561846e-01 1.237378907477478841e-02
2.933900000000000000e+04 8.930313928808192303e-01 5.325252690608598544e-02
2.934000000000000000e+04 8.933345985535505740e-01 9.557429556708813001e-02
2.937300000000000000e+04 1.059955476421512000e+00 -4.304566481204028135e-03
2.937400000000000000e+04 1.031245688340477917e+00 -4.808254031232261222e-02
2.938600000000000000e+04 9.771413569658364828e-01 -7.187274086196295333e-03
2.938700000000000000e+04 9.762654262184927711e-01 -8.747855441098550608e-03
2.938800000000000000e+04 8.839119612069888943e-01 2.606976950623175054e-02
2.938900000000000000e+04 1.083615007660904350e+00 -6.572462776517877525e-02
2.942700000000000000e+04 8.467138497962021226e-01 3.938725973574053879e-02
2.942800000000000000e+04 8.889774209108787240e-01 1.648387086625906217e-02
2.942900000000000000e+04 8.707919942603400409e-01 -4.513113269397509703e-02
2.943000000000000000e+04 9.306484321406033322e-01 2.766972535935093361e-02
2.943100000000000000e+04 9.977501768860314035e-01 1.585417412784657920e-02
2.943200000000000000e+04 9.202500061991958358e-01 -1.433908948893389615e-02
2.943300000000000000e+04 9.469103616777335697e-01 -6.405068369505645398e-02
2.943400000000000000e+04 9.407720503012694246e-01 6.612593733493489501e-02
2.944200000000000000e+04 9.745473992795800067e-01 1.143938680034759514e-01
2.944300000000000000e+04 9.666408917514461852e-01 2.351142150941612496e-02
2.944500000000000000e+04 9.989906564538173495e-01 1.101843395242024654e-01
2.944600000000000000e+04 1.003440611936971649e+00 1.127665108310283160e-01
2.944700000000000000e+04 8.781877624054212905e-01 9.516350548268495690e-02
2.944800000000000000e+04 9.286318421416651647e-01 1.550777629603273811e-01
2.944900000000000000e+04 1.025512233212760638e+00 -1.364937836755078862e-02
2.948400000000000000e+04 9.478072125568520745e-01 -1.271652200532247083e-02
2.948500000000000000e+04 1.216353431483064629e+00 7.767620481689642420e-02
2.948600000000000000e+04 9.637443824138424153e-01 -9.606975316848251345e-02
2.948700000000000000e+04 1.060627125652045200e+00 9.047056020701399470e-02
2.948800000000000000e+04 1.042997327892713599e+00 1.375847155653821541e-01
2.948900000000000000e+04 9.724363894524893359e-01 -8.782183493749838588e-02
2.949000000000000000e+04 9.369830412303981060e-01 -3.350846270465951404e-02
2.949100000000000000e+04 1.044484213320973742e+00 6.913385014020663466e-02
2.949200000000000000e+04 1.019285319938870282e+00 4.574642416349936069e-02
2.949300000000000000e+04 9.801876903891034720e-01 8.557550908542854717e-02
2.949400000000000000e+04 9.450546154520274023e-01 4.446114058441084926e-02
2.949500000000000000e+04 7.989275445609133053e-01 1.669509192776248360e-02
2.952200000000000000e+04 1.051565189451945326e+00 -6.892668225332460388e-03
2.952600000000000000e+04 7.806375573677869495e-01 -1.267661292183960564e-01
2.952700000000000000e+04 8.621495670714098836e-01 1.190793598923968744e-01
2.952800000000000000e+04 5.293046721052732106e-01 1.489690378106588442e-01
2.953800000000000000e+04 1.005954967508158049e+00 -4.227973829021202529e-02
2.953900000000000000e+04 9.534511088703720993e-01 -1.211760626878567865e-01
2.954000000000000000e+04 1.075967966429422162e+00 -1.850359559708870602e-02
2.954100000000000000e+04 1.031343121161442333e+00 -1.268670170311554136e-02
2.954200000000000000e+04 1.062793992643460195e+00 3.618481426177089233e-02
2.954300000000000000e+04 1.036635320697112839e+00 1.247995381609964538e-01
2.954800000000000000e+04 1.038283811564546077e+00 2.369401570959312961e-02
2.955300000000000000e+04 1.038237985813336373e+00 -1.164410459832639771e-02
2.955400000000000000e+04 1.084849533040707747e+00 -1.861367882643421082e-02
2.955500000000000000e+04 1.128491298193418091e+00 7.878108313156954867e-02
2.955600000000000000e+04 1.008899190386032041e+00 9.434250115733315567e-02
2.956000000000000000e+04 1.063029372985161869e+00 6.262242816878213492e-02
2.956400000000000000e+04 1.081811974656544661e+00 1.287314744075286621e-01
2.956500000000000000e+04 1.077884833064647552e+00 9.066242091772527822e-02
2.957400000000000000e+04 1.165920596586605740e+00 1.304330356686311809e-01
2.957500000000000000e+04 8.472889784279854508e-01 1.871823421367867224e-01
2.959500000000000000e+04 1.002251774516162985e+00 8.809847269207113363e-02
2.959600000000000000e+04 9.895273564461930516e-01 1.144645432013148001e-01
2.959700000000000000e+04 9.536136086436087789e-01 4.647038464426213322e-02
2.960900000000000000e+04 9.810151031196622240e-01 1.415695188180954821e-02
2.961000000000000000e+04 9.320526629248530037e-01 9.790399465012715463e-02
2.961500000000000000e+04 9.740592434298558366e-01 2.277817531880708957e-02
2.963100000000000000e+04 9.370038495123345079e-01 -6.148815468189396810e-02
2.965800000000000000e+04 8.984131519861193738e-01 -7.603764877054018656e-02
2.965900000000000000e+04 9.483569528337597587e-01 -9.917036010910759702e-02
2.968000000000000000e+04 9.540215561080943596e-01 -8.749046518369400782e-02
2.968100000000000000e+04 9.932554091061559509e-01 -6.684860314189547403e-02
2.968200000000000000e+04 1.045079530997612860e+00 -7.734219642932792585e-03
2.968300000000000000e+04 9.723234058069911701e-01 -6.469134916010663150e-02
2.968400000000000000e+04 1.113126782162191963e+00 -1.484441243150071664e-02
2.969100000000000000e+04 8.940962951597335451e-01 -7.338023841461341346e-02
2.969200000000000000e+04 8.917289150894167626e-01 -6.725038871930219542e-02
2.969300000000000000e+04 1.044837726768427455e+00 3.650904886186276659e-03
2.969500000000000000e+04 1.025811891564968770e+00 5.189698489937639991e-02
2.970300000000000000e+04 8.798593950477925363e-01 -5.595301643688530002e-02
2.970400000000000000e+04 9.016809876024295400e-01 -9.043555205670812669e-02
2.970500000000000000e+04 1.021202594507655492e+00 -2.513305538382155924e-02
2.970600000000000000e+04 1.039009683574865006e+00 -3.445092194293825766e-02
2.970700000000000000e+04 9.803727273044127166e-01 -4.272266613216001152e-02
2.970800000000000000e+04 1.056595588879803760e+00 3.181697469480502388e-02
2.970900000000000000e+04 1.061606747807435358e+00 1.424981412683841257e-02
2.971000000000000000e+04 5.879649595894885783e-01 1.045065432486562973e-01
2.972500000000000000e+04 9.487971167505429015e-01 -6.614242090883300229e-03
2.973100000000000000e+04 1.112965238596570927e+00 2.424465526968132972e-02
2.973200000000000000e+04 1.125754632223460616e+00 8.861600197304130011e-02
2.973300000000000000e+04 1.062183389152458135e+00 6.998325838426222578e-02
2.974500000000000000e+04 9.875558789608716026e-01 1.098024284686183738e-01
2.975200000000000000e+04 8.692469663748177977e-01 1.226098914134766127e-01
2.975300000000000000e+04 1.063007490183261128e+00 6.511355591594235326e-02
2.975400000000000000e+04 6.585349909426835291e-01 3.962036214617741664e-02
2.975500000000000000e+04 6.598499705406879468e-01 6.618792349013433163e-02
2.977300000000000000e+04 1.003908571631201951e+00 1.623531546123825053e-01
2.977400000000000000e+04 1.103527790431620970e+00 2.829746078927191169e-02
2.977500000000000000e+04 1.080824099549412498e+00 3.316968881565972305e-02
2.977600000000000000e+04 9.913449629625527004e-01 1.291958193502474803e-02
2.977700000000000000e+04 1.031262051712883876e+00 1.379730849300020434e-01
2.977800000000000000e+04 9.894276700346888997e-01 9.467192965641200997e-02
2.977900000000000000e+04 1.014510463251338868e+00 6.419090415730958898e-02
2.978000000000000000e+04 9.970712102251395592e-01 4.400629191070388330e-02
2.978200000000000000e+04 1.099337430143346950e+00 -3.627435831133118960e-02
2.978300000000000000e+04 1.033803818694447374e+00 8.485204790619158347e-03
2.979100000000000000e+04 8.219001980511915217e-01 -6.931460890661773899e-02
2.979200000000000000e+04 7.444221787431301030e-01 -1.470704256324049941e-01
2.979300000000000000e+04 1.303947013473783834e+00 -3.317733820542821677e-02
2.979400000000000000e+04 1.120028025424597118e+00 5.263422522008274346e-02
2.979500000000000000e+04 1.005955348156135409e+00 1.107590322726372256e-01
2.979600000000000000e+04 9.228392648672525400e-01 8.891127794175254784e-02
2.979700000000000000e+04 9.952375611293829971e-01 5.437625318563496513e-02
2.979800000000000000e+04 9.947165404293583091e-01 8.212951437008818301e-02
2.979900000000000000e+04 9.535225254616304102e-01 8.217836790033364314e-02
2.980000000000000000e+04 9.439821864608062274e-01 7.449031287517297872e-02
2.980100000000000000e+04 1.011587944445083709e+00 6.229058495856051175e-02
2.980200000000000000e+04 1.162565038162062026e+00 6.380384932722740765e-02
2.980800000000000000e+04 8.165811997009729817e-01 1.355773945131974467e-01
2.981600000000000000e+04 9.877395498638419369e-01 4.468112473727891415e-02
2.981700000000000000e+04 9.591096157667982069e-01 7.159685437218363258e-02
2.981800000000000000e+04 1.031088875719011089e+00 7.839913527643951885e-02
2.981900000000000000e+04 1.027950752366933118e+00 1.166300379619905798e-02
2.982000000000000000e+04 1.033422488861179600e+00 7.516655844995238922e-02
2.982100000000000000e+04 1.051257781271931702e+00 -4.360429207493313197e-02
2.983700000000000000e+04 8.748117471214832408e-01 9.278860500691317459e-02
2.984200000000000000e+04 8.432560526909033127e-01 1.671225658102905576e-01
2.984300000000000000e+04 1.085992435492013186e+00 -2.482746923385375712e-02
2.984400000000000000e+04 1.014424009572529650e+00 8.201184327291803633e-02
2.984600000000000000e+04 8.854825301445227170e-01 -1.741244036889951982e-02
2.985000000000000000e+04 8.354720803600882428e-01 1.573034477853343660e-01
2.985200000000000000e+04 8.116363926473005863e-01 -5.312477056768771799e-02
2.985300000000000000e+04 9.659431412774353021e-01 7.859544093517006891e-02
2.985400000000000000e+04 1.069194784069395165e+00 5.559274187069604932e-03
2.985500000000000000e+04 9.858106775649635445e-01 -2.402138639957623629e-03
2.985800000000000000e+04 9.421141309769691663e-01 -2.404366409091388684e-02
2.987300000000000000e+04 5.630907748843956284e-01 -2.406308472220420464e-02
2.987400000000000000e+04 8.243178180960015755e-01 1.192310009969706035e-02
2.987500000000000000e+04 8.270422047675125565e-01 -2.782691320258299378e-03
2.987600000000000000e+04 7.272301341557372290e-01 -1.067257694111663491e-01
2.987700000000000000e+04 7.407769399872095040e-01 2.009256561808457631e-02
2.987800000000000000e+04 6.710894026499962806e-01 -5.349533703388206080e-02
2.987900000000000000e+04 8.097607158829043250e-01 1.433605145978385405e-02
2.988300000000000000e+04 9.328557995392914304e-01 8.415678155219692702e-02
2.988500000000000000e+04 9.772716671112043896e-01 1.503950962268145175e-01
2.988600000000000000e+04 8.621778753354638614e-01 -3.911705100462469636e-02
2.988700000000000000e+04 8.260743331271621637e-01 -8.877837119368364727e-02
2.990800000000000000e+04 9.711576822725154212e-01 5.514955060563868361e-02
2.990900000000000000e+04 1.057431318271848442e+00 6.920194801015221164e-02
2.991000000000000000e+04 9.755549969903619667e-01 1.343788096753080648e-02
2.991100000000000000e+04 7.855673174113250168e-01 -5.487948123334573935e-02
2.995400000000000000e+04 1.029042485502862148e+00 8.454929417601185493e-02
2.995500000000000000e+04 9.646950952859338901e-01 -5.418010007810198682e-03
2.995600000000000000e+04 9.602915297023131291e-01 9.958824844726718931e-03
2.996200000000000000e+04 8.136286465970946624e-01 -1.250722756361100085e-02
2.996300000000000000e+04 9.454461977742965040e-01 2.409817015450001904e-02
3.001100000000000000e+04 8.707009185498543191e-01 -1.369458234225936696e-02
3.001200000000000000e+04 7.479693035524006550e-01 6.319617197914459417e-02
3.001300000000000000e+04 5.824234918745609946e-01 1.861361310080744680e-02
3.001400000000000000e+04 6.131313958880256765e-01 -7.570282584741061527e-02
3.001600000000000000e+04 7.608039815707496878e-01 1.552417196839473990e-01
3.001700000000000000e+04 2.568384808502531258e-01 -2.218693350469102821e-01
3.001900000000000000e+04 9.463048561053395424e-01 1.618685016700175533e-02
3.002000000000000000e+04 9.916731091810501164e-01 2.242258177932598961e-02
3.003100000000000000e+04 7.689349532506548623e-01 -8.184271396769614293e-02
3.003700000000000000e+04 9.458491325399868144e-01 -5.375782458922143819e-02
3.004300000000000000e+04 8.806795915825456067e-01 8.508568097960597307e-03
3.004400000000000000e+04 9.249490483652714756e-01 2.036510306977902252e-01
3.004500000000000000e+04 7.784318382981018081e-01 -8.584750329325420426e-02
3.004700000000000000e+04 1.000591171124719736e+00 -7.259482873973086003e-02
3.005900000000000000e+04 9.540825842909079757e-01 1.774454011957474209e-02
3.006400000000000000e+04 6.155477989383618675e-01 7.863713406314806753e-02
3.006500000000000000e+04 5.616345742314874379e-01 -7.875587614512156998e-02
3.015100000000000000e+04 7.286578610482863372e-01 -1.266766240056979922e-02
3.016600000000000000e+04 1.026322936931916230e+00 -1.070341153568575010e-01
3.016700000000000000e+04 9.682146896478850406e-01 8.332001469492809897e-02
3.019600000000000000e+04 9.358343464024037051e-01 -2.381478318845445599e-02
3.019700000000000000e+04 6.418035437091126338e-01 1.951989320436844227e-02
3.019800000000000000e+04 9.923130334183056789e-01 1.100566200673204140e-02
3.021700000000000000e+04 9.813734308938500961e-01 -1.078016549481959352e-01
3.021800000000000000e+04 8.766916690997005324e-01 6.703377324569238793e-02
