5.947400000000000000e+04 1.021247347515816806e+00 4.370775649329931845e-02
5.949300000000000000e+04 9.606162256854761106e-01 -1.266050890731722500e-01
5.949400000000000000e+04 1.016889919647131935e+00 4.047473989237312941e-03
5.949500000000000000e+04 1.026342608204878770e+00 -9.543752963059032313e-02
5.949600000000000000e+04 1.012016139877910836e+00 -1.380660194083903058e-01
5.949700000000000000e+04 1.000330269718800569e+00 -1.825823701444888036e-01
5.949800000000000000e+04 1.087384692923670348e+00 -9.700859418421203112e-03
5.949900000000000000e+04 1.066593962055724099e+00 -8.593794355743649901e-03
5.950000000000000000e+04 1.045486527687865985e+00 1.991590759471898245e-02
5.952600000000000000e+04 1.037686458593291450e+00 -3.541310950179599182e-02
5.952700000000000000e+04 1.106984780078658526e+00 -4.746980105203135042e-02
5.952800000000000000e+04 1.079311126285658284e+00 1.183831275295559775e-03
5.952900000000000000e+04 1.065383353106553965e+00 -7.257480598169788188e-02
5.953000000000000000e+04 1.051544150176510373e+00 8.177475692915631145e-02
5.953100000000000000e+04 1.014070318034883789e+00 4.375265053466959042e-02
5.954500000000000000e+04 9.939881874544369555e-01 -1.960801203450404651e-01
5.954600000000000000e+04 1.064387698064958254e+00 -6.904903433989205246e-03
5.954700000000000000e+04 1.041641251454269668e+00 -2.253096432871329324e-02
5.954800000000000000e+04 1.031485594139896822e+00 -8.790263708095745476e-02
5.954900000000000000e+04 9.716711689850230371e-01 -1.954247220771106464e-01
5.955000000000000000e+04 1.071428463182873880e+00 2.825604362581082482e-02
5.955100000000000000e+04 1.100597756989219578e+00 7.045926183882791904e-03
5.955200000000000000e+04 1.064485775609150808e+00 5.955442890763663899e-02
5.956700000000000000e+04 1.003951070989214989e+00 1.302834609620103466e-02
5.956800000000000000e+04 9.467988203229548150e-01 -1.905528963345702875e-01
5.956900000000000000e+04 9.842039026502552579e-01 1.831825628263683559e-02
5.957000000000000000e+04 1.039435220071749377e+00 -1.565189330431950021e-02
5.957100000000000000e+04 1.041471299284122187e+00 1.536281643021494281e-01
5.957200000000000000e+04 1.116817742455922913e+00 5.871895968394601900e-02
5.957300000000000000e+04 1.051534390409009978e+00 3.236378471356883904e-03
5.957400000000000000e+04 1.064656538262018781e+00 2.442458144629831157e-02
5.957500000000000000e+04 1.057410319907964746e+00 5.101783939473918117e-02
5.957600000000000000e+04 1.035468134060279377e+00 -1.886764302272691748e-02
5.958500000000000000e+04 9.740220959143709445e-01 -5.468613570022491654e-02
5.958600000000000000e+04 9.866262750709318130e-01 7.706814034859126201e-03
5.958800000000000000e+04 9.958455994125552380e-01 -5.511627356280208306e-03
5.958900000000000000e+04 9.581547878915402938e-01 -1.412809244637976414e-01
5.959000000000000000e+04 8.876980449801811224e-01 -2.119754075152014416e-01
5.959100000000000000e+04 1.066949484512190516e+00 6.130649683470851263e-02
5.959200000000000000e+04 1.067156307970990259e+00 -2.321961331972694116e-03
5.959300000000000000e+04 9.827714159009528494e-01 8.885075734320760366e-02
5.964300000000000000e+04 1.022410881925631676e+00 -9.224209473083997898e-03
5.964400000000000000e+04 9.659472152697405889e-01 -6.361312013034838009e-03
5.964500000000000000e+04 9.969948672524201472e-01 1.412325138137167369e-02
5.964600000000000000e+04 1.050762559292730769e+00 -3.401878770292117438e-02
5.964700000000000000e+04 1.028486869832540007e+00 3.326157768763622624e-02
5.964800000000000000e+04 9.398658245304180037e-01 7.086542680734606026e-02
5.964900000000000000e+04 9.654663109565704282e-01 9.368510123671420359e-03
5.965000000000000000e+04 9.876482717663424005e-01 2.166883778888107313e-03
5.965100000000000000e+04 8.881543783391535607e-01 -1.044191477421715225e-01
5.966600000000000000e+04 9.572303538633416542e-01 -5.249492489818893826e-02
5.966700000000000000e+04 1.054907777681888037e+00 1.727169459927615364e-02
5.966800000000000000e+04 9.170029180422630821e-01 3.655214515816285030e-03
5.966900000000000000e+04 1.012362842212237712e+00 3.844322453391805366e-02
5.968100000000000000e+04 9.610533929603599645e-01 8.924670430943439786e-03
5.968300000000000000e+04 9.620031975605237706e-01 -5.168539994384707681e-02
5.968400000000000000e+04 1.165081068727088054e+00 -3.667437205061171990e-02
5.970600000000000000e+04 1.192087259466658722e+00 -4.868937662775743407e-03
5.984900000000000000e+04 1.090485224804712105e+00 -1.281506970953998348e-01
5.988000000000000000e+04 1.140021952660205340e+00 -1.678879635581448371e-01
5.988100000000000000e+04 1.059126232373870158e+00 -6.475205756560488413e-02
5.990900000000000000e+04 1.042598720292459591e+00 -1.947327512975257080e-01
5.991000000000000000e+04 1.014388552275215183e+00 -1.819577651226713666e-01
5.991100000000000000e+04 1.041660635634616749e+00 -1.505004589790942537e-01
5.993700000000000000e+04 9.094448639232978193e-01 -5.573002967173686095e-02
5.993800000000000000e+04 1.036075439819047483e+00 -2.038596127442041384e-01
5.993900000000000000e+04 1.103734820628185398e+00 -1.801232914754445080e-01
5.994000000000000000e+04 1.052111078999918625e+00 -1.822642595283502087e-01
6.001500000000000000e+04 8.940292206243288797e-01 -1.569060825989173624e-01
6.001600000000000000e+04 8.965494957896738004e-01 -1.404652786911909368e-01
6.021100000000000000e+04 1.032870537721561455e+00 -6.394318492423936573e-02
6.021200000000000000e+04 1.002962181259330565e+00 -1.227278415467811107e-01
6.021300000000000000e+04 1.043572969006574924e+00 -1.807198302650803445e-01
6.021400000000000000e+04 1.131051830761373278e+00 -1.259492968589459305e-01
6.021500000000000000e+04 1.062234134587481282e+00 -8.968196793422515689e-02
6.021700000000000000e+04 1.040278928707128792e+00 -1.345236584794589629e-01
6.021800000000000000e+04 1.076802466063746078e+00 -3.607948935908767557e-02
6.021900000000000000e+04 1.028392268210174709e+00 -2.037511066867895571e-01
6.022000000000000000e+04 1.025002831977241735e+00 -2.159820114648239309e-01
6.022100000000000000e+04 9.611147751468549494e-01 -9.329015500386762805e-02
6.022200000000000000e+04 1.159332572036655851e+00 4.164876597455517693e-02
6.024600000000000000e+04 9.373681069520340969e-01 -7.894812927030989136e-02
6.024700000000000000e+04 1.143207114074590969e+00 -1.160924139838464264e-01
6.024800000000000000e+04 1.028215176019942501e+00 -1.266137359986349298e-01
6.024900000000000000e+04 1.068475705994112124e+00 -9.310036411467241535e-02
6.025000000000000000e+04 1.181359467169486477e+00 -1.186488555489160490e-01
6.025100000000000000e+04 1.118546385697099632e+00 -1.379034499914420786e-01
6.025200000000000000e+04 9.712156435659478060e-01 -1.549783101786712802e-01
6.025300000000000000e+04 1.091202712853631462e+00 -5.288896497691640552e-02
6.025400000000000000e+04 1.114488082108465283e+00 -1.548673006163917010e-01
6.025500000000000000e+04 1.009939240500127733e+00 -1.820133750460208588e-01
6.025600000000000000e+04 1.003619859712812090e+00 -1.094424890654478594e-01
6.026300000000000000e+04 9.984395420240645969e-01 -1.299073582290640183e-01
6.026400000000000000e+04 9.694190166696635691e-01 -2.214326083447455962e-01
6.026500000000000000e+04 9.893948369468270609e-01 -1.308810658214333567e-01
6.026600000000000000e+04 1.106562064634478926e+00 -1.265091434593283715e-01
6.026700000000000000e+04 1.118516084002803224e+00 -1.170627911585456621e-01
6.026800000000000000e+04 1.108662091877375300e+00 -1.668177893512200471e-01
6.026900000000000000e+04 9.708779442358167477e-01 -1.077036734430261433e-01
6.027100000000000000e+04 1.005202531312664460e+00 -8.475744879346815142e-02
6.027200000000000000e+04 1.014059711963621879e+00 -2.037986977623863771e-01
6.027300000000000000e+04 9.870336280634683934e-01 -1.581489367202202068e-01
6.079300000000000000e+04 1.015232946336890096e+00 3.611238129142739506e-02
6.079400000000000000e+04 1.014687934337545228e+00 4.034798327666852535e-02
6.083800000000000000e+04 9.559650415597957807e-01 3.973459146870585851e-02
6.083900000000000000e+04 8.851254050489320013e-01 -6.290125692206322353e-03
6.089000000000000000e+04 9.241822258396771295e-01 -7.094187754153832327e-03
6.089100000000000000e+04 9.202365222042506732e-01 -5.113741318749131376e-02
6.090100000000000000e+04 9.524872796647053663e-01 6.836830510400011829e-02
6.090200000000000000e+04 9.076953934169965654e-01 5.918965758451497083e-02
6.090300000000000000e+04 9.193747901763736907e-01 3.409728498959798543e-02
6.090400000000000000e+04 9.874774260718929275e-01 -1.808597922724327137e-02
6.090500000000000000e+04 9.880144663174105224e-01 1.610690825472712445e-02
6.100100000000000000e+04 9.884469436092354622e-01 5.175788530308626789e-02
6.100200000000000000e+04 1.052581878059795972e+00 1.579493031553897212e-02
6.100300000000000000e+04 1.106938642469744272e+00 4.699266490750401981e-02
6.100500000000000000e+04 1.074015349894420712e+00 5.236781019284799527e-02
6.100800000000000000e+04 1.079964591981514843e+00 1.034769586934449342e-01
6.134900000000000000e+04 1.005268056122002651e+00 -4.891039648047194183e-02
6.140100000000000000e+04 1.173933355128474743e+00 8.518503463089552308e-02
6.140200000000000000e+04 1.066126250333361947e+00 2.933701356084204848e-02
6.140900000000000000e+04 9.122378363170988713e-01 -1.278555980736113540e-01
6.141100000000000000e+04 1.215355989767597844e+00 1.008270433619946199e-01
6.141200000000000000e+04 1.083136090244978922e+00 1.673087813702464274e-02
6.141300000000000000e+04 1.008199335239560179e+00 -1.908390539957483933e-03
6.142400000000000000e+04 9.260040148343915423e-01 -1.367939075021936401e-01
6.142800000000000000e+04 1.044541370972436267e+00 6.575981928270339949e-02
6.142900000000000000e+04 1.215750468650321103e+00 4.092234660779315962e-03
6.143000000000000000e+04 1.138974947322858977e+00 1.153818913041900450e-02
6.144500000000000000e+04 1.121290709250126083e+00 6.320270619276656399e-02
6.145600000000000000e+04 1.048819855274838009e+00 -2.561525114199362033e-02
6.145700000000000000e+04 1.255537229016153500e+00 9.816862072116601390e-02
6.145800000000000000e+04 1.013121986202154101e+00 4.996307228996919869e-02
6.145900000000000000e+04 1.059588042950923015e+00 4.634749630456126007e-02
6.146000000000000000e+04 1.237282241501354685e+00 7.138639271694149913e-02
6.146100000000000000e+04 1.213028063146790458e+00 1.045138717402455293e-02
6.146200000000000000e+04 1.127602863540861700e+00 4.854462458571116162e-02
6.146300000000000000e+04 1.117835392131924399e+00 2.465335676075083166e-02
6.148300000000000000e+04 1.020190201987693168e+00 4.401487983847294366e-02
6.149400000000000000e+04 1.110773043050648390e+00 7.069623279876707800e-02
6.149500000000000000e+04 1.059776046844425945e+00 -7.007852920049310874e-02
6.149600000000000000e+04 1.089899143395733239e+00 1.670406582851229451e-03
6.149700000000000000e+04 1.179119044158605245e+00 5.443346134244877316e-02
6.149800000000000000e+04 1.112598371810768150e+00 2.826657126968663142e-02
6.149900000000000000e+04 1.093110267302446426e+00 6.927777473109167361e-02
6.150100000000000000e+04 1.054910340335206920e+00 5.594263833906045619e-02
6.150200000000000000e+04 1.110804702900958896e+00 1.075521270939350932e-01
6.150300000000000000e+04 1.113875137101750568e+00 3.296219264246493669e-02
6.150400000000000000e+04 1.053563560341335359e+00 3.075479744009967931e-02
6.150500000000000000e+04 1.137922236429744549e+00 2.017951303646269706e-02
6.151300000000000000e+04 1.101134895816225479e+00 2.465315337464770232e-02
6.151400000000000000e+04 1.189008926119263343e+00 6.578093024083180029e-02
6.151500000000000000e+04 9.656105497448728148e-01 -2.881978297435378381e-02
6.151600000000000000e+04 9.837569428352986867e-01 3.520419177124420318e-02
6.151700000000000000e+04 1.068852634338536500e+00 -8.995174758258344880e-03
6.152000000000000000e+04 1.068646528345054580e+00 1.737718263227257601e-02
6.152100000000000000e+04 1.024374229175646356e+00 1.335394869467184942e-01
6.153000000000000000e+04 8.620943122371591549e-01 6.395081872666993905e-02
6.153100000000000000e+04 1.053309170985899046e+00 5.817909027239773906e-02
6.153400000000000000e+04 1.060213978241300037e+00 5.869531539780611928e-02
6.153500000000000000e+04 1.179898451785560631e+00 9.056974853946159199e-03
6.153600000000000000e+04 9.074788310313072204e-01 1.710901158832395588e-02
6.153700000000000000e+04 9.060559621181751844e-01 4.628063553133432428e-02
6.153800000000000000e+04 1.011167515210994461e+00 4.018399571728518971e-02
6.153900000000000000e+04 1.078002756613896773e+00 1.373938203457057521e-02
6.154000000000000000e+04 1.103050794664304002e+00 -1.705173385273593234e-04
6.154100000000000000e+04 1.108125389266294780e+00 4.926977189882989633e-02
6.154200000000000000e+04 1.029750989263960914e+00 -2.826136193389098064e-03
6.154300000000000000e+04 8.666773331339775455e-01 6.602648676232976410e-02
6.155200000000000000e+04 9.929823880514569989e-01 -5.728074422057032739e-02
6.155300000000000000e+04 1.035278154670939976e+00 -6.131433322531409935e-02
6.155400000000000000e+04 1.044925610899638979e+00 -7.107124522037613044e-03
6.156100000000000000e+04 1.066691129168815699e+00 3.802635572302459632e-02
6.156200000000000000e+04 1.102247100334441177e+00 -6.914459916241757348e-03
6.156300000000000000e+04 1.010782583561652626e+00 6.813829388253742287e-04
6.157200000000000000e+04 8.875591833997164004e-01 8.758376636038756394e-03
6.157400000000000000e+04 1.178930134022679210e+00 2.171832141099533375e-02
6.157500000000000000e+04 1.044554125563578406e+00 8.335185012661947002e-02
6.157600000000000000e+04 1.035679646941708887e+00 7.601467190727509426e-02
6.157700000000000000e+04 1.065326789333683299e+00 4.866921199749963539e-02
6.157800000000000000e+04 1.030371041291571865e+00 2.729018902773869271e-02
6.158000000000000000e+04 1.023741471781170143e+00 3.038798497260686987e-02
6.158200000000000000e+04 1.086498273344495891e+00 5.269557817675249445e-02
6.158300000000000000e+04 1.112599423607101290e+00 9.034907561828459110e-02
6.158400000000000000e+04 9.424619858151097596e-01 5.484251716132089276e-03
6.159500000000000000e+04 1.158727294185240453e+00 6.457115057881643305e-02
6.159600000000000000e+04 1.037954123557872421e+00 -9.945393821661267092e-03
6.159800000000000000e+04 1.043486740530059631e+00 -3.754779937055682804e-02
6.159900000000000000e+04 1.075016100591505985e+00 -4.185253312038446361e-02
6.160100000000000000e+04 1.094613823885127957e+00 9.187650762549180727e-02
6.160200000000000000e+04 1.127742663788560806e+00 1.314628624049506422e-01
6.160300000000000000e+04 1.083258133662830192e+00 5.775109329221166099e-02
6.160400000000000000e+04 1.094189862592731544e+00 2.267823310906024251e-02
6.161500000000000000e+04 8.533407103659554904e-01 6.379734038509327076e-02
6.161600000000000000e+04 1.025391306369045408e+00 -1.333913637981350153e-02
6.163200000000000000e+04 1.037177809314009380e+00 2.252391849411420482e-02
6.165700000000000000e+04 1.060505065662106894e+00 3.489448918457319082e-02
6.165800000000000000e+04 1.075072467317770730e+00 1.068941136153014372e-02
6.165900000000000000e+04 1.043820732059046463e+00 1.751232747826517513e-02
6.167500000000000000e+04 1.039602181265261160e+00 7.165295386530039223e-02
