1.001750000000000000e+05 1.111537258180087306e+00 7.057140535794576008e-02
1.002140000000000000e+05 9.982776666942521082e-01 3.135524619415920589e-02
1.002170000000000000e+05 1.139843159317492693e+00 1.174612585756645983e-01
1.002180000000000000e+05 1.060284814739038906e+00 -1.256673634983785925e-01
1.002190000000000000e+05 9.719337610141467465e-01 -3.595778302710175151e-02
1.002200000000000000e+05 9.757979383568350373e-01 -2.585014688082549195e-01
1.002210000000000000e+05 1.001063241321551445e+00 -3.375453664933764086e-02
1.002490000000000000e+05 1.032505054458769500e+00 6.752097072606270955e-02
1.002500000000000000e+05 1.148369212697033959e+00 5.743183231822807794e-02
1.002620000000000000e+05 9.947889493402043426e-01 -6.572324717910962844e-02
1.002640000000000000e+05 8.565675616303863871e-01 3.586719057596914062e-02
1.002650000000000000e+05 1.032977933977146101e+00 -1.138297321661813633e-01
1.002670000000000000e+05 1.068062752956109751e+00 -2.069839246313131403e-02
1.002690000000000000e+05 1.027461874102820083e+00 -1.600763017780994918e-02
1.002890000000000000e+05 9.709077236877796668e-01 4.229711730397085756e-02
1.002900000000000000e+05 1.125377709910359902e+00 1.194452072419201066e-01
1.002910000000000000e+05 1.115228084436766576e+00 1.288145969959191839e-01
1.002920000000000000e+05 9.186783026959103315e-01 -8.363103755846000575e-02
1.002940000000000000e+05 8.956578577252057860e-01 -6.358284466405851598e-02
1.002950000000000000e+05 9.578860957694945721e-01 9.030772319244746715e-02
1.002980000000000000e+05 8.872640072747021156e-01 -5.999645237060695357e-03
1.002990000000000000e+05 8.328254586599723730e-01 -1.447181852207746200e-02
1.003000000000000000e+05 9.523792333280811651e-01 3.670668935776471263e-03
1.003170000000000000e+05 1.036967601672720951e+00 -3.371640246806030528e-02
1.003180000000000000e+05 1.169658700386763561e+00 6.420915327123241645e-02
1.003190000000000000e+05 1.189717031365155053e+00 9.655610267154539350e-02
1.003200000000000000e+05 9.414400714653979874e-01 -1.148441846819508172e-01
1.003210000000000000e+05 9.278203435285226064e-01 -8.499017908300990354e-02
1.003220000000000000e+05 8.806885232231854710e-01 -1.198958018075312916e-02
1.003230000000000000e+05 1.058760099947918976e+00 7.337593087916997880e-02
1.003240000000000000e+05 8.703291762401232923e-01 -2.050919883052358395e-01
1.003260000000000000e+05 9.407829663948199528e-01 -6.800749783305183593e-02
1.003270000000000000e+05 8.983605842928379381e-01 -5.757307833020566118e-02
1.003440000000000000e+05 1.073953360531714862e+00 2.059306334351149181e-02
1.003470000000000000e+05 1.142283161581403084e+00 1.593830645199820206e-01
1.003480000000000000e+05 1.045928762549583224e+00 -9.350490250341804421e-02
1.003510000000000000e+05 1.210010888341242818e+00 -5.248711907615583733e-02
1.003520000000000000e+05 8.703740980178933384e-01 -8.847320197904508243e-02
1.003530000000000000e+05 9.192372295471255006e-01 -6.176779200492716476e-02
1.003540000000000000e+05 9.380808773616012841e-01 -2.426480834155780517e-02
1.003550000000000000e+05 8.865116962134496070e-01 2.716303649110203555e-02
1.003560000000000000e+05 9.867875129844508875e-01 -8.534901323712058840e-02
1.003570000000000000e+05 8.838270042948038752e-01 1.061655478050759112e-02
1.004130000000000000e+05 1.165560676690304387e+00 1.128080490827414323e-01
1.004210000000000000e+05 8.900976587182797273e-01 -8.797673295855074072e-02
1.004250000000000000e+05 8.932541904897493001e-01 -1.126712475895674942e-01
1.004260000000000000e+05 9.054045190491238904e-01 1.068049835837407979e-01
1.004380000000000000e+05 9.331577421990986387e-01 -1.199862429496051791e-01
1.004390000000000000e+05 1.111941269061499815e+00 4.118000635607004661e-02
1.004400000000000000e+05 1.182841672214502982e+00 1.262202831113583834e-01
1.004410000000000000e+05 9.579940136291728026e-01 -5.211814922157930602e-02
1.004420000000000000e+05 1.007645989666333008e+00 -3.841037280384161645e-02
1.004430000000000000e+05 1.053251090885126473e+00 -1.341896089912293089e-01
1.004440000000000000e+05 1.057202830420852946e+00 4.812632229936207595e-02
1.004450000000000000e+05 9.262231727091961853e-01 -1.433707228870643724e-01
1.004480000000000000e+05 1.148977114167038183e+00 5.539543252894121861e-02
1.004490000000000000e+05 9.342234283316467325e-01 -2.007365028292285025e-01
1.004500000000000000e+05 9.472241876225870882e-01 -1.175280571752907732e-01
1.004510000000000000e+05 9.911865251200535631e-01 3.297461695695252937e-02
1.004530000000000000e+05 1.006825344059930405e+00 8.299329000737055984e-02
1.004540000000000000e+05 9.157264926067751887e-01 1.602114555832858667e-01
1.004680000000000000e+05 1.062780660130093535e+00 -2.425063061267717984e-04
1.004710000000000000e+05 1.250967864629977999e+00 9.775153451559882856e-02
1.004740000000000000e+05 9.776702595650428318e-01 2.459489606757429142e-02
1.004780000000000000e+05 9.033735769633645107e-01 -1.217540364537803704e-01
1.004790000000000000e+05 9.421884620272663602e-01 -1.925723846052991295e-01
1.005430000000000000e+05 9.172165310007446282e-01 -8.124908522954124579e-02
1.005530000000000000e+05 8.540842447627482459e-01 4.245265167729282002e-02
1.005630000000000000e+05 7.617603897249006772e-01 -1.214886040434586152e-02
1.005640000000000000e+05 8.783613948243473857e-01 -2.807539658032964236e-01
1.005690000000000000e+05 9.498080622435556286e-01 -1.496038653773242577e-01
1.005700000000000000e+05 9.871688534956961636e-01 -1.506517273196568141e-01
1.005710000000000000e+05 9.586570559039170325e-01 -1.351283820643636169e-01
1.005730000000000000e+05 9.996866819595733311e-01 6.862122033110244768e-02
1.005740000000000000e+05 9.864855892986663655e-01 4.176393383117742858e-02
1.009030000000000000e+05 1.145383854494048892e+00 2.274173850825716714e-01
1.009040000000000000e+05 1.127978158514506557e+00 1.383404849225165489e-01
1.009050000000000000e+05 1.177146865420737321e+00 5.926521202590088327e-02
1.009060000000000000e+05 1.219033396004486125e+00 1.068505778704509496e-01
1.009070000000000000e+05 1.089796581605717130e+00 -4.863138132515078260e-03
1.009790000000000000e+05 1.117038846558054743e+00 8.037024586553154215e-02
1.009800000000000000e+05 1.176719102223370950e+00 6.961533746833770131e-02
1.009810000000000000e+05 1.233586276569297535e+00 1.625690782919630151e-01
1.009820000000000000e+05 1.072941840172617178e+00 -4.560450619145380718e-02
1.009830000000000000e+05 1.087509886155752170e+00 9.043595007787001705e-02
1.009840000000000000e+05 1.088098611156950390e+00 1.208713152882203573e-01
1.009850000000000000e+05 1.159992923330862791e+00 1.013854056589716911e-02
1.010090000000000000e+05 1.075020439008281148e+00 1.228080270369152349e-01
1.010100000000000000e+05 1.073252395623030653e+00 1.221982098415850676e-01
1.010110000000000000e+05 1.316243681088690609e+00 2.286320357952813798e-01
1.010130000000000000e+05 1.024105504679028167e+00 1.535223574833221860e-01
1.010290000000000000e+05 1.038693827106085266e+00 1.846968645251231278e-01
1.010300000000000000e+05 1.058344746854377183e+00 1.796479850502532283e-01
1.010310000000000000e+05 1.057505562169512414e+00 1.321138881126812659e-01
1.010380000000000000e+05 1.029110798968640328e+00 8.884792044036235459e-02
1.010390000000000000e+05 1.119795152426130702e+00 1.674319470841730273e-01
1.010450000000000000e+05 9.493847747817871774e-01 1.651148442017273676e-01
1.010460000000000000e+05 1.072999943684936675e+00 7.321480688478924914e-02
1.010620000000000000e+05 1.100233086404358129e+00 1.713978146491499932e-01
1.010630000000000000e+05 1.037265357352321171e+00 1.517586065566143838e-01
1.010650000000000000e+05 1.055195662719190297e+00 1.594178469217574223e-01
1.010660000000000000e+05 9.590960369356358317e-01 6.916365602537531687e-02
1.010670000000000000e+05 9.530707376749301130e-01 1.086149385679318347e-01
1.010680000000000000e+05 8.980331505743356368e-01 2.293759103442745140e-01
1.010690000000000000e+05 9.624277205650655365e-01 1.379094599263392673e-01
1.010700000000000000e+05 1.020206614922000155e+00 1.479184074320880338e-01
1.010950000000000000e+05 1.072197472195513201e+00 1.960675433423314795e-01
1.010970000000000000e+05 9.777216048458466924e-01 1.162405462321726701e-01
1.011000000000000000e+05 1.102496613504786671e+00 1.274755931548632593e-01
1.011010000000000000e+05 1.132130130889517083e+00 6.432500761869858197e-02
1.011020000000000000e+05 1.077289688983712690e+00 1.273267973057233271e-01
1.011040000000000000e+05 1.036764549056256257e+00 4.455340282049181921e-02
1.011050000000000000e+05 9.890380258336578523e-01 6.783556269025779739e-02
1.011060000000000000e+05 9.969465809114445021e-01 1.287411910549855487e-01
1.011280000000000000e+05 1.080997677150550951e+00 1.042912758006416529e-01
1.011290000000000000e+05 9.886863714935084646e-01 2.302160067429024626e-01
1.011310000000000000e+05 9.062461033490403217e-01 1.047641895975612719e-01
1.011320000000000000e+05 1.025369818029561619e+00 1.195001402232175602e-01
1.011330000000000000e+05 9.465034672433781937e-01 9.830487176115494663e-02
1.011340000000000000e+05 1.020617340628909409e+00 1.638335630838276546e-01
1.011410000000000000e+05 9.333662553853420141e-01 1.756337553875918778e-01
1.011570000000000000e+05 1.166047593545328276e+00 1.771971029313427481e-01
1.011580000000000000e+05 1.216725064607782070e+00 1.651195003449921206e-01
1.011610000000000000e+05 9.843816991258315108e-01 -5.218563291289027295e-02
1.011620000000000000e+05 1.038307190365558075e+00 -2.261073514372895915e-02
1.011630000000000000e+05 9.559154757389615176e-01 1.069494088467645293e-01
1.011640000000000000e+05 9.592250815160036082e-01 7.703294300321283927e-02
1.011650000000000000e+05 9.718168999531408003e-01 6.708180162324477169e-02
1.011660000000000000e+05 1.142821765904980857e+00 1.046903609555272646e-01
1.011670000000000000e+05 1.009488112205850774e+00 -8.361859183450924549e-02
1.011680000000000000e+05 1.034799346904171635e+00 4.981917477633458768e-02
1.011690000000000000e+05 9.459916135777030055e-01 9.628781089190640435e-03
1.011700000000000000e+05 9.264441069788086347e-01 9.228135629274294982e-02
1.011710000000000000e+05 8.916533526257071074e-01 6.959837605569943464e-02
1.012400000000000000e+05 9.675158358034599004e-01 1.352108155397668543e-01
1.012410000000000000e+05 1.014662484567624645e+00 1.541887317784877698e-01
1.012420000000000000e+05 9.165426283365816218e-01 2.142971557868765531e-01
1.012570000000000000e+05 1.143989881651256146e+00 1.000458071872669941e-01
1.012580000000000000e+05 1.189493140588715914e+00 1.369020438997435862e-01
1.012590000000000000e+05 1.003861807276795082e+00 -1.316507566508610116e-01
1.012600000000000000e+05 1.129616863610398925e+00 -2.857327402355241269e-02
1.012610000000000000e+05 1.112276957230656116e+00 9.772853416449825414e-02
1.012620000000000000e+05 1.107320418824458752e+00 1.212485421315717404e-01
1.012630000000000000e+05 9.046488980758611298e-01 2.510877656155533280e-02
1.012650000000000000e+05 1.000056625196915849e+00 6.653587752383492704e-02
1.012660000000000000e+05 1.099810167879271106e+00 6.549370793008754688e-02
1.012690000000000000e+05 1.072394179241378920e+00 1.245886414310102552e-01
1.012880000000000000e+05 1.201067495108187666e+00 1.464844204238072156e-01
1.012890000000000000e+05 1.193838589632722824e+00 1.311996037387726521e-01
1.012900000000000000e+05 1.053095577668542671e+00 -1.308977791669304613e-01
1.012910000000000000e+05 9.565639937888916755e-01 8.047978890285215070e-02
1.012920000000000000e+05 1.072607817437528643e+00 8.417720895764296135e-03
1.012930000000000000e+05 9.427209953606411341e-01 8.944903464626091649e-02
1.012970000000000000e+05 1.111999078901532156e+00 1.514882923458006972e-02
1.012980000000000000e+05 9.870842468912212064e-01 -1.250209898742635564e-02
1.012990000000000000e+05 9.979912588377721772e-01 8.786881043309680006e-02
1.013000000000000000e+05 8.987926324751264184e-01 1.147147970878073658e-01
1.013160000000000000e+05 1.224695507344262912e+00 1.027281088538053583e-01
1.013170000000000000e+05 1.199600626138448423e+00 9.002680872160102876e-02
1.013180000000000000e+05 1.264795031273995729e+00 1.028379423617563765e-01
1.013190000000000000e+05 1.031180287103241167e+00 -3.823415998841905861e-02
1.013260000000000000e+05 1.017875961826573583e+00 1.606152420752887666e-02
1.013270000000000000e+05 1.023241210554082681e+00 2.851067545448793261e-02
1.013280000000000000e+05 1.121532458964541901e+00 -3.483616501885607175e-02
1.013590000000000000e+05 9.319366147248059340e-01 9.774861616581875801e-02
1.013600000000000000e+05 8.999979004894043122e-01 2.568415236333480012e-01
1.013620000000000000e+05 9.243184686876569911e-01 6.400498208348015527e-02
1.014350000000000000e+05 1.035867770139628830e+00 1.582532883605201890e-01
1.014370000000000000e+05 1.016260729622946002e+00 9.092780293326201135e-02
1.014570000000000000e+05 9.517499086274241460e-01 1.775063258700029512e-01
1.014580000000000000e+05 9.930963712149678546e-01 1.058059106901240859e-01
1.014590000000000000e+05 9.387550854488135865e-01 -2.155598727105999604e-02
1.014820000000000000e+05 1.015432386891502281e+00 -2.584340358041563659e-02
1.014850000000000000e+05 9.736929598138300834e-01 9.501546435261752632e-02
1.014860000000000000e+05 9.835482397327165449e-01 6.368620282762849777e-03
1.015040000000000000e+05 1.036933592651073432e+00 1.039708018890863200e-01
1.015050000000000000e+05 1.039485257132384266e+00 5.335916565152058061e-02
1.015060000000000000e+05 1.077511716513515294e+00 1.511297098708054842e-01
1.015070000000000000e+05 1.043051260677194225e+00 1.304603570476308427e-01
1.015080000000000000e+05 9.896445140648710836e-01 3.867305890794300871e-02
1.015320000000000000e+05 9.116053191810349343e-01 6.251697585090709719e-02
1.017200000000000000e+05 9.656295717994133332e-01 2.379834213106049243e-02
1.017380000000000000e+05 1.024328036757403471e+00 1.298557582061063420e-01
1.017390000000000000e+05 1.012366588801545175e+00 1.282658178892039369e-01
1.017400000000000000e+05 1.004576314784619395e+00 1.160381917225646459e-01
1.017410000000000000e+05 1.058682621964194714e+00 1.394627607320050866e-01
1.018210000000000000e+05 8.284334718286318067e-01 4.555738991628788814e-01
1.018220000000000000e+05 8.588405343146142679e-01 3.806667277093903068e-01
1.018230000000000000e+05 8.133242573649621665e-01 4.047135416189094337e-01
1.018240000000000000e+05 9.679458107147693724e-01 3.152915450467931313e-01
1.018250000000000000e+05 8.964651102175394959e-01 4.438034455406150158e-01
1.018260000000000000e+05 8.652357991378804014e-01 3.338251602259422190e-01
1.018270000000000000e+05 1.006720727705501695e+00 2.481639267803286142e-01
1.019710000000000000e+05 1.016385211588137327e+00 4.628340573576642664e-02
1.019930000000000000e+05 9.055695149934582799e-01 3.569320188326666199e-01
1.019970000000000000e+05 9.987733893218242454e-01 2.898859044244586625e-01
1.020510000000000000e+05 8.893122641429486164e-01 3.209311320367341236e-01
1.020530000000000000e+05 9.573229210359079921e-01 2.811565485194883474e-01
1.021750000000000000e+05 1.066622433915596968e+00 1.570951236825166020e-02
1.021810000000000000e+05 1.045301176258405906e+00 2.268652214618506122e-02
