5.131800000000000000e+04 8.629620432407536512e-01 -8.852597718664938220e-02
5.131900000000000000e+04 9.740332792157623265e-01 6.766509196293576944e-02
5.132000000000000000e+04 1.049251930400115551e+00 1.047772899872885105e-01
5.132100000000000000e+04 1.014466819833788058e+00 3.320260133152329318e-02
5.132200000000000000e+04 9.400243277802824426e-01 4.940088172202745931e-02
5.133100000000000000e+04 9.256366698394532522e-01 -1.463447830354979995e-01
5.134400000000000000e+04 9.595435866095639588e-01 -1.605298528795147950e-01
5.134800000000000000e+04 1.112675420390169645e+00 4.584783440495290852e-02
5.134900000000000000e+04 1.084731196775559958e+00 2.955683765675571478e-02
5.135000000000000000e+04 1.141577730081598574e+00 -4.650160293495088880e-03
5.135100000000000000e+04 1.054965528981808065e+00 -4.708061329550122798e-02
5.136200000000000000e+04 1.080479245196344085e+00 6.173871629978115033e-02
5.136300000000000000e+04 1.078983966485959289e+00 2.983513832937935428e-02
5.136700000000000000e+04 1.102471484279174962e+00 -4.459670912217294364e-02
5.136800000000000000e+04 1.033831940284743567e+00 -1.919354125294405605e-02
5.136900000000000000e+04 1.034332168165369215e+00 -4.956188448824210696e-02
5.138100000000000000e+04 1.040735953504470235e+00 -1.212028178370378045e-01
5.138200000000000000e+04 1.033486109060393954e+00 -2.857971335044797584e-02
5.138300000000000000e+04 1.095007750121385959e+00 -2.978716874591095728e-02
5.138400000000000000e+04 1.004779615467215947e+00 -2.119473982351120778e-02
5.138500000000000000e+04 1.045649192798509208e+00 3.565326723257000729e-02
5.138600000000000000e+04 1.047341886371621955e+00 -1.832112353146784015e-02
5.138700000000000000e+04 1.046674092571947989e+00 5.277512412189697133e-03
5.138800000000000000e+04 9.567600083263769761e-01 -1.666368258350119785e-02
5.138900000000000000e+04 1.046920270000651909e+00 -4.377493620608331748e-02
5.140300000000000000e+04 7.753977305633646955e-01 5.255913088077235340e-02
5.142700000000000000e+04 9.587617393584021430e-01 -2.679979866091777158e-02
5.144300000000000000e+04 9.084358614316019320e-01 -1.136012054848757197e-01
5.144400000000000000e+04 9.851124554420200852e-01 -1.361720630446050517e-02
5.144500000000000000e+04 1.013858449870641110e+00 2.977886957867438220e-02
5.144600000000000000e+04 1.035810463853454433e+00 -4.747574644011946093e-02
5.144700000000000000e+04 1.038445454437834758e+00 8.296354052773921572e-02
5.144900000000000000e+04 1.038206465753678920e+00 6.827886249497669077e-03
5.145000000000000000e+04 1.003994983771716809e+00 3.999965912032164839e-02
5.145100000000000000e+04 9.147084953290901543e-01 2.410229532561790344e-02
5.146000000000000000e+04 1.060852245420397688e+00 1.396582167824462761e-01
5.147300000000000000e+04 1.021333297561978659e+00 7.576668171223835402e-02
5.147400000000000000e+04 9.665305606721809051e-01 6.595252639794386973e-02
5.147500000000000000e+04 9.519128243371745013e-01 -6.403900536187849546e-02
5.147600000000000000e+04 1.068710225215214082e+00 -6.013626965400320490e-02
5.150000000000000000e+04 9.350751934376663188e-01 -1.439719342553070491e-01
5.150500000000000000e+04 8.972931413929102762e-01 1.102307058291731798e-02
5.152400000000000000e+04 1.046645517969422734e+00 -2.176595281663976089e-02
5.155000000000000000e+04 1.065301617503755072e+00 1.194868122168394643e-02
5.157900000000000000e+04 1.056881499568251837e+00 5.328708332231625600e-02
5.158000000000000000e+04 1.008524775792418504e+00 -4.126975981151279754e-02
5.158200000000000000e+04 9.764564206075929675e-01 -2.159685658127703106e-02
5.158300000000000000e+04 9.190697552686155625e-01 8.215096052093494305e-03
5.158400000000000000e+04 8.882777377977253419e-01 -1.245832841763890031e-02
5.161100000000000000e+04 9.485770286235358784e-01 -5.139193506279796791e-02
5.161200000000000000e+04 9.084354403740266815e-01 -7.540453967352127307e-02
5.162000000000000000e+04 1.043149088108052736e+00 4.483768815516384065e-02
5.162100000000000000e+04 9.556838469308682749e-01 1.060091079576834378e-01
5.164500000000000000e+04 9.981780658184462585e-01 2.635647315980282901e-02
5.164600000000000000e+04 1.027924220112961251e+00 1.488437398536116701e-02
5.171800000000000000e+04 1.079086637083099376e+00 1.105957931095013502e-01
5.171900000000000000e+04 1.086130667625164747e+00 -4.782418743749435736e-02
5.174900000000000000e+04 1.069231857273099662e+00 -2.897090393669276426e-02
5.175000000000000000e+04 1.057846905889989753e+00 -8.400616083499176656e-02
5.182100000000000000e+04 1.079376779612021275e+00 1.079276445799216416e-01
5.186700000000000000e+04 9.460971701189798688e-01 5.299761147125772731e-02
5.186800000000000000e+04 9.478115569268780183e-01 -4.929553169393109668e-02
5.187300000000000000e+04 9.816835254649050047e-01 -1.491985529740450997e-02
5.188300000000000000e+04 9.903493561463303507e-01 3.968408066000184142e-02
5.188400000000000000e+04 9.191368253737183247e-01 1.915152866004754539e-02
5.188600000000000000e+04 9.635675717736741364e-01 1.606910688823993960e-03
5.188800000000000000e+04 9.285919515381352296e-01 3.005817400891890034e-02
5.189900000000000000e+04 9.406454511659861906e-01 -1.083029067296574499e-01
5.191400000000000000e+04 9.523453592926786060e-01 1.070651645094023025e-01
5.191500000000000000e+04 9.096238118185633326e-01 -9.969956786893890630e-03
5.191600000000000000e+04 1.011380757111545847e+00 3.717829241335690333e-03
5.191700000000000000e+04 9.432255033985980086e-01 8.634618290564435514e-03
5.191800000000000000e+04 9.296414902582693651e-01 -2.812195033772242961e-02
5.193300000000000000e+04 9.508158984955293880e-01 8.320700893475699300e-02
5.193400000000000000e+04 9.809220979780063354e-01 -4.557404575494723720e-02
5.193500000000000000e+04 9.967331371662003781e-01 1.298723141586832948e-02
5.193600000000000000e+04 1.008806365583111653e+00 9.548856745651944367e-03
5.193700000000000000e+04 8.141572957929532617e-01 1.188470427619469083e-01
5.194400000000000000e+04 9.393110946839986486e-01 -5.431156614647815462e-02
5.195700000000000000e+04 8.559675190889693974e-01 1.077785924685576713e-01
5.195900000000000000e+04 9.061053269164645041e-01 3.726687695443382797e-03
5.198100000000000000e+04 1.059858937429355219e+00 3.907564745319958011e-02
5.198200000000000000e+04 9.064963037539747193e-01 2.957498933909004195e-03
5.198900000000000000e+04 9.548247417144265503e-01 -3.107207411747080900e-02
5.199600000000000000e+04 9.128703459665243880e-01 -1.082779152602621198e-01
5.200300000000000000e+04 9.506134586330167169e-01 -3.856555021324437060e-02
5.200400000000000000e+04 9.844758818429734104e-01 -1.245621247257567010e-01
5.201800000000000000e+04 8.508656082675547516e-01 4.386545845035989127e-02
5.202500000000000000e+04 9.770560100588504548e-01 -1.232549870675079956e-01
5.202700000000000000e+04 9.333662525577548497e-01 4.919775274608351873e-02
5.202800000000000000e+04 1.001810673641847060e+00 -5.430150036668372759e-02
5.202900000000000000e+04 8.878628413720364154e-01 -8.168701840747045334e-03
5.203300000000000000e+04 1.095302166070785566e+00 4.080959628324502125e-02
5.203400000000000000e+04 9.872030496830151991e-01 1.237402726222463015e-02
5.203500000000000000e+04 1.003737823460745249e+00 -4.437543068050589512e-02
5.203600000000000000e+04 1.028461665642898204e+00 2.734585919979634627e-02
5.204600000000000000e+04 8.580817789619493707e-01 -5.407084449393385200e-02
5.204700000000000000e+04 9.741533330133461677e-01 6.882706178941939978e-02
5.204800000000000000e+04 1.022883771337109504e+00 2.895944874784446219e-02
5.205400000000000000e+04 9.900480972781904310e-01 -8.414531131461464031e-02
5.205500000000000000e+04 9.574680418270841153e-01 -2.047629124689050867e-02
5.205600000000000000e+04 8.566585446101991907e-01 -6.240635395679314246e-02
5.205700000000000000e+04 9.374410617533804890e-01 -4.970274759813630636e-03
5.205900000000000000e+04 1.042987009726857206e+00 -2.820801640085372763e-02
5.206000000000000000e+04 1.016701955440737049e+00 6.956752548953050452e-02
5.206100000000000000e+04 9.745242676456504771e-01 -9.036167209907786102e-02
5.206200000000000000e+04 1.020688707196835798e+00 2.581481096944074349e-02
5.207700000000000000e+04 9.646699708378074778e-01 -8.054435861327527077e-03
5.208000000000000000e+04 8.298550922731940949e-01 2.274379353162793785e-02
5.208100000000000000e+04 9.458347852129243005e-01 -3.446133249242478575e-02
5.208300000000000000e+04 9.547014533172014650e-01 -6.633448865821563178e-02
5.208400000000000000e+04 9.105233764898599258e-01 -3.241932190827429699e-03
5.208800000000000000e+04 1.088576616826771870e+00 -5.792725831270264386e-02
5.208900000000000000e+04 9.741408802026637614e-01 -3.260438600157529454e-02
5.209100000000000000e+04 1.066555986720924221e+00 1.526671935977236272e-02
5.209200000000000000e+04 1.056027410995391991e+00 -6.816770471277419207e-04
5.209300000000000000e+04 1.016823038938249102e+00 -5.346773220628467729e-03
5.210300000000000000e+04 9.082636193456313789e-01 -1.112750540973620889e-01
5.210400000000000000e+04 9.749687972753138254e-01 -1.231005245419643096e-01
5.210500000000000000e+04 9.571754041732590812e-01 2.737632695263397115e-02
5.210600000000000000e+04 1.054417276602005016e+00 9.495627133705863976e-02
5.210700000000000000e+04 1.006875017030873787e+00 -5.041617879325333701e-02
5.211200000000000000e+04 9.958865292418672688e-01 1.690598513784686077e-02
5.211500000000000000e+04 9.431774820337353038e-01 -9.800460337420068002e-02
5.215500000000000000e+04 9.433468837667046136e-01 2.156902106675341602e-02
5.215600000000000000e+04 1.048790333574521672e+00 -4.054789327890696848e-03
5.215900000000000000e+04 1.017441410427530002e+00 -4.649621986483194747e-02
5.216000000000000000e+04 1.082644284393684986e+00 3.906489709383643288e-02
5.216800000000000000e+04 8.898667702947259395e-01 -4.045123752401008632e-02
5.218100000000000000e+04 9.174626888550851955e-01 1.057291541634351462e-01
5.218200000000000000e+04 9.902357517897348860e-01 1.965426345924036269e-02
5.218400000000000000e+04 9.896523884757519873e-01 -5.995952072077479628e-02
5.218500000000000000e+04 1.019306554016778277e+00 -9.331590975224798856e-02
5.222300000000000000e+04 1.023054832087917809e+00 -4.891650363761206044e-02
5.222400000000000000e+04 1.090789598443410391e+00 3.318486912770562264e-02
5.222600000000000000e+04 1.021104075480243623e+00 -2.565604651815231799e-02
5.222700000000000000e+04 1.002742432566591457e+00 -3.736107755367781835e-02
5.222800000000000000e+04 9.633997521004172837e-01 7.734055201017674824e-03
5.224500000000000000e+04 1.047017836315556227e+00 1.487984185166828233e-01
5.224700000000000000e+04 1.134636140850506125e+00 3.315981261786844336e-03
5.224900000000000000e+04 1.001080139921959766e+00 5.017207851773546751e-02
5.226200000000000000e+04 1.003995579302773278e+00 8.397552847893118011e-02
5.226300000000000000e+04 1.026710706417403030e+00 1.439486897148663756e-02
5.226900000000000000e+04 9.888827681869357678e-01 3.604680140799869370e-02
5.227000000000000000e+04 8.706797552073948232e-01 -9.297382053957028991e-02
5.229800000000000000e+04 9.456176498144459597e-01 8.764378061801643416e-02
5.235200000000000000e+04 1.012944540666436133e+00 -1.939026119072133347e-02
5.235300000000000000e+04 9.642132607734781313e-01 -6.116113591283972584e-02
5.236900000000000000e+04 9.996005285306565069e-01 7.046015635003041733e-02
5.237000000000000000e+04 9.962510743153902837e-01 7.341399268187712157e-02
5.238500000000000000e+04 9.463635379978759810e-01 6.568035426280319222e-02
5.238600000000000000e+04 9.248683350146749138e-01 5.305214988642794477e-02
5.240500000000000000e+04 9.877599666956010660e-01 6.615261859115410814e-02
5.240600000000000000e+04 1.014729692319563226e+00 9.260656275020841960e-03
5.241300000000000000e+04 9.053293250037373063e-01 -2.936540630454852197e-02
5.241400000000000000e+04 9.419883976097592759e-01 -5.454845830669455969e-02
5.247000000000000000e+04 9.202072563478312928e-01 -1.413762405681992691e-02
5.247100000000000000e+04 9.293218549363936321e-01 3.134804724471108861e-02
5.247700000000000000e+04 9.734082358882131247e-01 2.476213601006134121e-02
5.250000000000000000e+04 9.781875343648280818e-01 -7.921356353503852810e-02
5.250100000000000000e+04 9.466162648601181839e-01 -1.301457983918033190e-01
5.250200000000000000e+04 1.064358153750113889e+00 -7.192292980991268903e-02
5.250300000000000000e+04 9.336925332896697238e-01 -6.975260731329624431e-02
5.252600000000000000e+04 9.663194237406040887e-01 8.439474607530964012e-02
5.253300000000000000e+04 9.649090509381545999e-01 -1.761345899746195043e-01
5.253400000000000000e+04 9.880672572733169012e-01 -6.616076117730147754e-02
5.253500000000000000e+04 9.321204667449943804e-01 -1.715255522447268755e-01
5.253600000000000000e+04 8.655060773226754822e-01 -2.269101828859046779e-02
5.253700000000000000e+04 9.270095551216894769e-01 1.699513497526166164e-02
5.255000000000000000e+04 8.889290818416196727e-01 1.022863091124345423e-03
5.255100000000000000e+04 1.185838360060911478e+00 -1.806667392970539784e-02
5.255800000000000000e+04 8.739312999355800526e-01 6.933120468174136519e-02
5.255900000000000000e+04 8.882385401540112690e-01 2.088342972291057364e-02
5.256000000000000000e+04 9.979834772847377966e-01 -1.000390572275631357e-01
5.256100000000000000e+04 8.645775417172371080e-01 -4.474337816660742262e-02
5.256200000000000000e+04 9.787905948424804325e-01 -1.567048500241546849e-02
5.257700000000000000e+04 8.992445848734511582e-01 1.987588262017039517e-02
5.258300000000000000e+04 9.248185585145586307e-01 -1.187687992378982371e-01
5.258400000000000000e+04 8.800956648952598105e-01 -6.352919645193015608e-02
5.258600000000000000e+04 1.018426534142886197e+00 -3.352594903057525694e-02
5.258700000000000000e+04 9.480328668736820452e-01 -1.135994815111104062e-01
5.258800000000000000e+04 9.845630668391789353e-01 -2.965118403543321596e-02
5.260300000000000000e+04 9.591771956308916547e-01 7.590018313312801856e-02
5.260800000000000000e+04 8.886172070469076090e-01 -6.406222624391962051e-02
5.261000000000000000e+04 9.133364140454209856e-01 5.325035326695534872e-03
5.261100000000000000e+04 9.704619937923031348e-01 4.845107283477002869e-02
5.261200000000000000e+04 9.563319537943649751e-01 -5.635636624807986023e-03
5.261300000000000000e+04 9.678276365239498746e-01 1.804993020825273542e-03
5.263400000000000000e+04 8.841249671408509814e-01 -2.594356180802543863e-02
5.263500000000000000e+04 9.775122952356373185e-01 3.222422970410166593e-02
5.263600000000000000e+04 1.050065009307850294e+00 1.146234417553256696e-02
5.263700000000000000e+04 8.903002932255636992e-01 4.384868892116303152e-02
5.263800000000000000e+04 1.007534113166923317e+00 -3.177014485285344081e-02
5.265300000000000000e+04 9.716451146483991996e-01 -5.874275683900562900e-02
5.265900000000000000e+04 9.313303083190155318e-01 -4.521318597471247341e-02
5.266000000000000000e+04 9.738127748194829181e-01 -9.592347182682857409e-02
5.266100000000000000e+04 9.981816878520588521e-01 1.610335369326797161e-02
5.266200000000000000e+04 9.525564749815171872e-01 -1.244628692822368071e-01
5.266500000000000000e+04 1.012537196650676874e+00 -3.885638795995925709e-02
5.270300000000000000e+04 1.042894379441009489e+00 -5.776396695523599439e-02
