5.270400000000000000e+04 1.014701948318944780e+00 -1.466977883408085714e-01
5.270500000000000000e+04 9.293114150222964165e-01 -1.670536955807829793e-01
5.270600000000000000e+04 1.045949260016464155e+00 -1.291144443420226551e-01
5.270700000000000000e+04 9.619452895618834098e-01 -8.594734269007875405e-02
5.270800000000000000e+04 1.033790086200401470e+00 -6.390250036992861649e-02
5.270900000000000000e+04 1.007879679841047205e+00 -5.320021376115553931e-03
5.271900000000000000e+04 8.966502031662958450e-01 -3.071040275451177373e-02
5.272000000000000000e+04 8.846724059299377885e-01 -9.341203046866487780e-02
5.272200000000000000e+04 9.021753489784515301e-01 -3.694053196914531823e-02
5.272300000000000000e+04 9.792554743622425839e-01 -1.112072403030342493e-01
5.272400000000000000e+04 9.471801889794971840e-01 -3.353617849306535226e-02
5.274500000000000000e+04 9.500143303602340827e-01 -1.899303054556411019e-01
5.274600000000000000e+04 9.849671990640813668e-01 -1.380306675009885520e-01
5.274700000000000000e+04 9.232442285055539877e-01 -1.704562629809816821e-01
5.274800000000000000e+04 1.083930097583310381e+00 -1.046071900168830254e-01
5.274900000000000000e+04 9.334468645386414520e-01 -1.070851326708210788e-01
5.275000000000000000e+04 9.831760688657088521e-01 -6.505604364082273605e-02
5.275100000000000000e+04 1.005278471261772832e+00 -1.200264684381179975e-01
5.275200000000000000e+04 1.217194709194436619e+00 6.184386397548755077e-02
5.278000000000000000e+04 8.588052534045715891e-01 6.788251203001026413e-02
5.278100000000000000e+04 9.346253667020092415e-01 1.312885297992175959e-01
5.282400000000000000e+04 9.597458926132864665e-01 -6.562954300284126741e-02
5.282500000000000000e+04 7.846724513205166618e-01 -9.727772159532568907e-02
5.284400000000000000e+04 1.053841146936042694e+00 -5.907275812318212721e-02
5.284500000000000000e+04 9.956752005796105642e-01 -2.554392010588784484e-02
5.315400000000000000e+04 1.109540066005352932e+00 4.019186766169220021e-02
5.315500000000000000e+04 1.138663427832761199e+00 -1.208715039617328305e-02
5.315600000000000000e+04 9.558489520457147393e-01 -3.540300326523986713e-02
5.315700000000000000e+04 1.050976894130036365e+00 2.560282296028575447e-02
5.315800000000000000e+04 1.048504895238814294e+00 -6.964818618016614671e-02
5.315900000000000000e+04 9.768443533848152338e-01 -3.725855738052947369e-02
5.316000000000000000e+04 9.610076273663052948e-01 -9.798402481684053648e-04
5.318300000000000000e+04 1.121219028064239787e+00 -7.181848724936096273e-02
5.318400000000000000e+04 1.005568427843166024e+00 -4.333869010977087904e-02
5.318500000000000000e+04 1.065073250801932270e+00 -7.478900780591864195e-02
5.318600000000000000e+04 1.051404949132698441e+00 -1.021418324012264428e-01
5.318700000000000000e+04 1.082392032936063009e+00 -1.037625659475608086e-01
5.318800000000000000e+04 9.834802048109296813e-01 4.136136542215603645e-02
5.319000000000000000e+04 9.739300342295227342e-01 -6.470119523371888060e-02
5.319100000000000000e+04 9.576282029369054261e-01 4.574790838801017639e-02
5.321400000000000000e+04 1.019447606545846208e+00 -1.050847441890782885e-01
5.321500000000000000e+04 1.048718441466683915e+00 1.100415969285113565e-01
5.322000000000000000e+04 8.316297101005206693e-01 -6.154603505083206839e-03
5.324200000000000000e+04 1.064647656855985502e+00 -7.642034022121310666e-02
5.324300000000000000e+04 1.130367294426046332e+00 -4.485701646473337460e-03
5.326300000000000000e+04 1.132849980980181304e+00 -3.112491794550188012e-03
5.326400000000000000e+04 1.127900451012083138e+00 -4.026033627658828773e-02
5.326500000000000000e+04 1.020542151445533507e+00 -1.002553936527939421e-01
5.326600000000000000e+04 1.036413527609154617e+00 -1.245053823266979165e-01
5.326700000000000000e+04 1.028819384576581175e+00 -1.907910105816959800e-01
5.326800000000000000e+04 1.037951913653701208e+00 -2.397672084080761795e-02
5.326900000000000000e+04 9.985588803165932337e-01 -6.880263433577264720e-02
5.327000000000000000e+04 1.077917272089124578e+00 -5.416652222093960162e-02
5.328600000000000000e+04 1.037369921236677595e+00 3.195502216172690924e-02
5.328700000000000000e+04 1.081005710374215001e+00 -4.453885807250229645e-02
5.330600000000000000e+04 1.065899725400302422e+00 3.734091841318219057e-02
5.330700000000000000e+04 9.426720244251338698e-01 -3.091693447254623139e-02
5.332100000000000000e+04 1.036578696573660530e+00 1.284279749880391959e-02
5.332200000000000000e+04 1.058878879289690156e+00 5.258890768097754242e-02
5.332300000000000000e+04 9.608847507408868616e-01 6.652354362064448468e-02
5.332400000000000000e+04 9.258011918283552966e-01 -2.491036648719515550e-02
5.333800000000000000e+04 1.124626131961864894e+00 1.505454355388431351e-02
5.333900000000000000e+04 1.040870503718799522e+00 -5.097409991941602436e-02
5.334000000000000000e+04 1.055841770011325620e+00 2.334740182605325037e-02
5.335200000000000000e+04 9.784880441037809851e-01 -1.335055108039759630e-01
5.335300000000000000e+04 9.186946743323644027e-01 -6.892956719171092206e-02
5.336600000000000000e+04 6.320037010917396447e-01 -1.641004185804208482e-01
5.336700000000000000e+04 8.066114107498915109e-01 -7.943254856151434062e-02
5.339700000000000000e+04 1.135611990906156832e+00 -8.043802060426980330e-03
5.365000000000000000e+04 1.027749628355977496e+00 2.100568195451684057e-03
5.365100000000000000e+04 1.168861024806383542e+00 -1.277229979561007780e-03
5.365200000000000000e+04 9.350159255808982994e-01 -9.734433830521692366e-02
5.365300000000000000e+04 9.874614073555941784e-01 -1.172672600203662763e-01
5.365400000000000000e+04 1.136977434120916008e+00 -6.237732930379046546e-03
5.365500000000000000e+04 1.068135272053822193e+00 5.876042839896906088e-03
5.365600000000000000e+04 1.098378585385574313e+00 4.003776254032911930e-02
5.365700000000000000e+04 1.041155690776815135e+00 -4.183322690174038488e-02
5.365800000000000000e+04 1.055270336879045034e+00 -1.763370066767044886e-01
5.365900000000000000e+04 1.036740974865572262e+00 3.897968220329429273e-02
5.367500000000000000e+04 1.051773265958559023e+00 -1.321915111616102367e-02
5.367600000000000000e+04 8.142571567216140282e-01 -2.419195221379943361e-01
5.367700000000000000e+04 9.340871336579084083e-01 -7.810692839506666596e-02
5.367800000000000000e+04 1.067955349332821102e+00 -1.378069937598296046e-01
5.367900000000000000e+04 1.000412562030262409e+00 -1.068386188916988361e-01
5.368000000000000000e+04 9.984759048594948894e-01 -5.889484436197162109e-02
5.368100000000000000e+04 1.060342551536279876e+00 -9.535703461077896237e-02
5.368200000000000000e+04 9.607023514923586083e-01 -1.479628235567449768e-01
5.368500000000000000e+04 1.131839229876633990e+00 4.337721543606289781e-02
5.368600000000000000e+04 9.034701782604146469e-01 8.835924122574254080e-02
5.370300000000000000e+04 1.035789468484324072e+00 -6.019515785991592927e-02
5.370400000000000000e+04 1.088228326331304396e+00 -1.845659510497994760e-01
5.370500000000000000e+04 1.159380054263607907e+00 2.998159945395978410e-02
5.370600000000000000e+04 1.106826204106679645e+00 -1.372195397914608705e-01
5.370700000000000000e+04 1.123636648909807967e+00 -8.840894922683700807e-02
5.370800000000000000e+04 1.093959327197278730e+00 -1.877395023506375077e-02
5.370900000000000000e+04 1.151341931627151149e+00 4.345183545819680110e-02
5.371000000000000000e+04 9.424082712868825373e-01 -2.183307159928023489e-01
5.371100000000000000e+04 9.505549707777648516e-01 -1.088838519905226260e-01
5.371200000000000000e+04 1.198270191046376665e+00 5.834970234099823294e-02
5.371300000000000000e+04 1.099869052832557648e+00 6.517186264899239856e-02
5.372900000000000000e+04 1.111228091174710997e+00 -2.360634937504131267e-02
5.373000000000000000e+04 1.025934246979774089e+00 -1.141686716604380092e-01
5.373100000000000000e+04 9.802459839663683061e-01 -4.543720454766823902e-02
5.373200000000000000e+04 1.066877582752824516e+00 -1.580718286982499554e-01
5.373300000000000000e+04 1.001319259661107797e+00 -1.107132578949860946e-01
5.373400000000000000e+04 1.083375347156237511e+00 3.500995734969265805e-02
5.373500000000000000e+04 1.026088945142744402e+00 -2.016431415442688363e-02
5.373600000000000000e+04 9.479108639262828762e-01 -1.265412446232408727e-01
5.373700000000000000e+04 1.010074906029955644e+00 -1.575139366307498900e-01
5.373800000000000000e+04 9.088081231288533957e-01 -2.703712710799172081e-01
5.373900000000000000e+04 1.168094522271478919e+00 9.897569443144309601e-03
5.376300000000000000e+04 9.756316139966630940e-01 -1.168858924706632774e-01
5.376400000000000000e+04 1.023546015135520681e+00 -1.870740504533652607e-02
5.376700000000000000e+04 1.022343844160634729e+00 -7.148749452080649380e-02
5.376800000000000000e+04 8.807012131040130309e-02 -7.568536120782255738e-02
5.376900000000000000e+04 9.216144951678991726e-01 -8.910561947350383039e-02
5.384400000000000000e+04 1.059106079708873827e+00 5.005385257025320167e-02
5.387400000000000000e+04 1.077407063620549499e+00 -8.941926678900402603e-02
5.387500000000000000e+04 1.119639954750115018e+00 -2.785314281462839686e-02
5.387600000000000000e+04 1.021001184815247376e+00 -4.351585516464218789e-02
5.387700000000000000e+04 1.065697456694606027e+00 -1.454039780345457722e-01
5.387800000000000000e+04 1.021670740748657380e+00 -1.460020855319950905e-01
5.387900000000000000e+04 1.134191277434631662e+00 5.176003689106509903e-02
5.388000000000000000e+04 9.989102188822381878e-01 -1.654188612225226604e-02
5.389300000000000000e+04 8.796746665742555260e-01 -1.600203838688575575e-01
5.390800000000000000e+04 1.104092127107548338e+00 4.473360532617512431e-02
5.390900000000000000e+04 1.264938961223291969e+00 -7.755430639513086200e-02
5.391700000000000000e+04 1.017108822915298916e+00 4.383011153168357016e-02
5.400600000000000000e+04 9.506588803190728632e-01 -1.280828408919548224e-02
5.400700000000000000e+04 1.012099813409133020e+00 -1.612911992282072687e-02
5.403400000000000000e+04 1.120193237846776935e+00 -2.632013247655231453e-02
5.403500000000000000e+04 1.123770725703160389e+00 -7.436185205388474995e-02
5.403600000000000000e+04 1.068865523349372904e+00 -9.028453870376698664e-02
5.403700000000000000e+04 1.011164216749178779e+00 -1.020748506329557104e-01
5.403800000000000000e+04 1.039959740442307323e+00 -1.883236311808502428e-01
5.403900000000000000e+04 1.010825050899057498e+00 -9.344718453122918822e-02
5.404000000000000000e+04 1.025068292113405333e+00 -9.896738255466812351e-02
5.404100000000000000e+04 9.243780286341475305e-01 -1.177791962891119593e-01
5.405300000000000000e+04 1.071300487751053243e+00 -2.218160560027142639e-02
5.405400000000000000e+04 1.061009143583626635e+00 -3.465679123288662594e-02
5.405500000000000000e+04 1.074176145638612745e+00 -5.925976246177549339e-02
5.405600000000000000e+04 1.027078680267673239e+00 -1.712205131415875936e-01
5.405700000000000000e+04 1.138166429786494405e+00 -4.704744995129532537e-02
5.405800000000000000e+04 1.059338958856902435e+00 -1.970618410512998409e-01
5.405900000000000000e+04 9.910939123688611296e-01 -1.190429505744156069e-01
5.406100000000000000e+04 1.027185893101702385e+00 -9.091361348228557682e-02
5.406200000000000000e+04 1.037387301918236915e+00 -2.326377548241867488e-02
5.407800000000000000e+04 1.100738926748974000e+00 -1.306044600360938869e-02
5.407900000000000000e+04 1.058126469488471777e+00 -1.812072297428609369e-01
5.408000000000000000e+04 9.657217358486115399e-01 -1.342778749383183867e-01
5.408100000000000000e+04 1.159428094866202574e+00 -1.766177071888801464e-01
5.408200000000000000e+04 1.098124254878587447e+00 -1.647650300854865968e-01
5.408300000000000000e+04 1.026058714985944365e+00 -1.724607395420313938e-01
5.408400000000000000e+04 9.807191539204768160e-01 -8.389786317700215212e-02
5.408500000000000000e+04 1.146070304336233470e+00 4.945463402693440341e-02
5.408600000000000000e+04 1.195313231399166343e+00 1.542385393445658281e-02
5.408700000000000000e+04 1.059724898578527030e+00 4.167755843352231870e-02
5.408800000000000000e+04 1.008516494932573559e+00 -8.473966155547893453e-02
5.409700000000000000e+04 9.547525827664948839e-01 -9.679076240484951743e-02
5.409800000000000000e+04 9.447202666692737782e-01 -8.985735199232969261e-02
5.411700000000000000e+04 9.249021484548345384e-01 -7.399136214951977653e-02
5.411800000000000000e+04 8.949556496865732624e-01 -4.601770232265180172e-02
5.412100000000000000e+04 9.331282083380044723e-01 1.709347666153128789e-02
5.412200000000000000e+04 1.029765584037025672e+00 -7.136923681750308862e-03
5.412300000000000000e+04 1.174133362867167074e+00 5.265851444187855807e-02
5.412400000000000000e+04 9.553603522230350586e-01 2.477409347056028915e-02
5.412500000000000000e+04 9.447496152531976721e-01 -1.005993460463112665e-01
5.412600000000000000e+04 9.460180318557728230e-01 2.831045038174078224e-02
5.414100000000000000e+04 1.101206925071282594e+00 3.760200306161818468e-02
5.414200000000000000e+04 1.034367956174415681e+00 -3.114901610789389333e-03
5.414300000000000000e+04 9.892603482708921536e-01 3.678460246983235316e-02
5.414400000000000000e+04 8.102167031084821502e-01 -3.254720509734859019e-02
5.414800000000000000e+04 8.507404027102845046e-01 -1.418037061696567069e-01
5.414900000000000000e+04 9.176656449713859187e-01 -3.588582300109986745e-02
5.415000000000000000e+04 8.402435120658237055e-01 -4.888361795955333683e-03
5.415100000000000000e+04 8.695026227191801071e-01 4.300232857006924814e-02
5.415200000000000000e+04 7.476410297643751868e-01 -5.163635594785193766e-02
5.417100000000000000e+04 9.152075695617046813e-01 -2.803273127975527620e-02
5.417200000000000000e+04 1.016222124732486742e+00 1.899239434634992021e-02
5.417300000000000000e+04 7.995381945090821452e-01 -1.634152768313042528e-02
5.417400000000000000e+04 8.136093922256525390e-01 -9.912646147203427183e-02
5.417500000000000000e+04 1.027943369999553935e+00 5.299491943150765744e-02
5.417600000000000000e+04 9.278384452111625436e-01 -6.193134453197012695e-02
5.417700000000000000e+04 1.111340547421771685e+00 -2.358035664452387895e-02
5.417800000000000000e+04 1.128746773281827487e+00 3.503592984971888591e-02
5.417900000000000000e+04 1.041502952736892640e+00 -1.110796629381659295e-02
5.418000000000000000e+04 1.047772351904942001e+00 -7.202366402329522799e-02
5.418100000000000000e+04 9.931649645867407505e-01 3.079131711488570372e-02
5.418200000000000000e+04 1.170213001697633093e+00 1.205268577830257981e-01
5.418300000000000000e+04 9.800840338682150765e-01 -3.069307571836603007e-02
5.418400000000000000e+04 9.931544401805336708e-01 -4.514027692479630899e-02
5.418500000000000000e+04 1.026184465779200750e+00 4.960573102741087925e-02
5.418600000000000000e+04 9.793317320958805361e-01 -4.364674751667344671e-02
5.420900000000000000e+04 8.032750949716874755e-01 4.168612178179494088e-02
5.421000000000000000e+04 8.010974619938624475e-01 5.538144459217438087e-02
5.421400000000000000e+04 1.028934781345412830e+00 7.574282778583565912e-02
5.421500000000000000e+04 1.068394542796244906e+00 -3.573090564991463630e-02
5.421700000000000000e+04 1.125457591438421057e+00 -7.475091237798450750e-02
5.421800000000000000e+04 9.955630365227404743e-01 -1.917818392931899211e-03
5.421900000000000000e+04 9.407377025545687887e-01 -1.266474291096268689e-03
