9.043600000000000000e+04 9.869280053151288090e-01 -1.676189242146116087e-01
9.043700000000000000e+04 1.142392660325642462e+00 1.001454082807893553e-01
9.043800000000000000e+04 1.040519603011800243e+00 -5.901205176559599919e-02
9.043900000000000000e+04 1.095343561997873083e+00 -1.707351397998157702e-02
9.044000000000000000e+04 9.201985453816075022e-01 -5.598984971221996482e-03
9.044100000000000000e+04 9.730617452985833582e-01 6.756395372746454298e-02
9.047600000000000000e+04 9.963184071494335381e-01 1.216719472491545190e-01
9.047700000000000000e+04 9.620027672084182635e-01 1.165014176071458782e-02
9.047800000000000000e+04 9.907104091349445696e-01 5.147875207950236565e-02
9.047900000000000000e+04 1.042761120854937440e+00 1.178688877465955409e-01
9.049300000000000000e+04 9.117273345107800298e-01 4.271976934015814936e-02
9.049400000000000000e+04 1.076620429117418398e+00 -8.994426064607673188e-02
9.049500000000000000e+04 9.101803944432808047e-01 -1.413722610510820960e-02
9.049600000000000000e+04 9.941153746459977514e-01 5.019437665817169485e-03
9.049700000000000000e+04 1.119792156256104620e+00 -3.530786159106507477e-02
9.049800000000000000e+04 9.606513261530504888e-01 1.309562730228346072e-02
9.049900000000000000e+04 1.009168375700510101e+00 -7.596124941307029477e-02
9.050100000000000000e+04 1.032568414140322854e+00 6.878619136950236967e-02
9.050200000000000000e+04 1.067652888551553270e+00 3.946744372231789089e-02
9.050400000000000000e+04 1.165411173502406195e+00 2.481873707203215585e-03
9.052300000000000000e+04 1.027588582301840248e+00 3.859716589289482330e-02
9.052400000000000000e+04 9.981469150611038677e-01 3.525461390099900866e-02
9.052500000000000000e+04 9.559813166369975912e-01 2.838586466863897428e-02
9.052800000000000000e+04 9.814571734274871728e-01 -4.405831089063976490e-03
9.053500000000000000e+04 1.109219633073075251e+00 1.347999778787880298e-01
9.053600000000000000e+04 1.119416653994398159e+00 1.313132557512657339e-01
9.053700000000000000e+04 1.185377179926576874e+00 1.329545228874531304e-01
9.053800000000000000e+04 1.105665279329532513e+00 1.108347433774990176e-01
9.053900000000000000e+04 1.141485742283282478e+00 8.781459027625597435e-02
9.056400000000000000e+04 1.348987706629151573e+00 1.428835468185485347e-01
9.056500000000000000e+04 1.016583608366540270e+00 3.880641464782125932e-02
9.056600000000000000e+04 1.032173806401585514e+00 2.691056985965050233e-02
9.056900000000000000e+04 1.098349970490863914e+00 1.037257630804883785e-01
9.057000000000000000e+04 1.036242675642004896e+00 -1.262348619707224714e-03
9.058700000000000000e+04 9.345971226619049776e-01 1.055645051270000384e-01
9.058800000000000000e+04 1.003547680730455749e+00 4.811143107563658344e-02
9.059000000000000000e+04 1.019850427596687981e+00 1.338385716323720331e-01
9.059100000000000000e+04 9.103143758892328075e-01 1.177178054575765825e-01
9.060200000000000000e+04 9.291127984472661305e-01 7.488800407985916202e-03
9.062700000000000000e+04 9.951006755847948693e-01 1.256739174001805237e-01
9.062800000000000000e+04 8.896797179724137417e-01 2.383415256984460287e-02
9.062900000000000000e+04 1.038526429957868258e+00 -4.006864667755039022e-02
9.067500000000000000e+04 1.080871073707415864e+00 -2.823343305417073609e-02
9.067900000000000000e+04 9.754649928044253349e-01 -5.354983629410951101e-02
9.087000000000000000e+04 9.632428828633843310e-01 -2.095756665268302260e-02
9.090000000000000000e+04 9.814832388170283695e-01 1.346788032604084029e-01
9.105400000000000000e+04 9.801355959981741250e-01 6.851039441635475846e-02
9.105600000000000000e+04 1.016520328633833570e+00 -2.858779343167213577e-02
9.107200000000000000e+04 6.785443230957506344e-01 4.201668234440510130e-02
9.109800000000000000e+04 9.060598314739632952e-01 -2.336516131892081571e-02
9.110000000000000000e+04 1.073319286185763888e+00 -5.257065378594527605e-02
9.110100000000000000e+04 1.009168382541772324e+00 8.128522005937142275e-03
9.111200000000000000e+04 1.165507344624515884e+00 1.321719184382986190e-01
9.111300000000000000e+04 1.306170882665413924e+00 1.437539625897934770e-01
9.111400000000000000e+04 1.037331835056145568e+00 6.518370247129005868e-02
9.111500000000000000e+04 1.162968099510941711e+00 1.096718274529312476e-01
9.113100000000000000e+04 9.185603016973387103e-01 -8.223788306590074093e-02
9.113200000000000000e+04 9.977615574478068128e-01 4.160843354954499827e-03
9.113400000000000000e+04 1.041296909876061383e+00 1.746408963727423200e-02
9.113700000000000000e+04 9.763676238171813404e-01 6.328313390831115381e-02
9.113800000000000000e+04 1.124546655653536176e+00 6.666405211168707767e-02
9.113900000000000000e+04 1.023904551551320319e+00 6.249038782170365097e-02
9.114200000000000000e+04 8.092816490483839553e-01 -1.616802100662818875e-01
9.115500000000000000e+04 9.804261196050928495e-01 -3.465035483572569824e-02
9.115600000000000000e+04 1.059778025115661659e+00 -1.153544554541558187e-01
9.116100000000000000e+04 1.072593887797192336e+00 -5.294440851430598505e-02
9.116200000000000000e+04 1.086418543021826277e+00 7.372965433720328476e-02
9.116300000000000000e+04 1.061589390006365097e+00 7.867972619949049895e-02
9.116400000000000000e+04 9.445222802150663455e-01 4.568942244759508636e-02
9.126800000000000000e+04 1.037663462621937649e+00 5.984042136155232061e-02
9.126900000000000000e+04 9.416639644635752537e-01 -6.117323262510358101e-03
9.127000000000000000e+04 9.876737998784431705e-01 -1.855890317502018050e-01
9.127100000000000000e+04 1.051634499609881201e+00 9.700706131293027057e-02
9.137400000000000000e+04 1.173018241999722155e+00 9.540348737929656153e-02
9.137700000000000000e+04 1.114782647208018451e+00 1.167777969654024139e-01
9.144000000000000000e+04 1.131354808289885661e+00 1.181730010898429245e-01
9.349000000000000000e+04 1.046901982775856554e+00 -1.129486878708152106e-02
9.352500000000000000e+04 1.020734530065904977e+00 3.661825742979538112e-02
9.358800000000000000e+04 1.345361189921453260e+00 1.665573214326568907e-01
9.364900000000000000e+04 1.016169084687729152e+00 1.651075236694741488e-01
9.411600000000000000e+04 1.199733397826161729e+00 7.131364165828604773e-02
9.411700000000000000e+04 1.056759205974751259e+00 -4.811043299046416193e-03
9.411800000000000000e+04 1.126960364833459849e+00 4.669421969704445202e-02
9.441700000000000000e+04 1.227951583090452603e+00 -3.773940858017607852e-03
9.441800000000000000e+04 1.127973627104558396e+00 2.190397975888240534e-02
9.442000000000000000e+04 9.150377196281441750e-01 1.027260345360922261e-03
9.449400000000000000e+04 8.557607533612006101e-01 2.824669300553517975e-02
9.449500000000000000e+04 1.033650065105292004e+00 2.227043870984602436e-01
9.453500000000000000e+04 8.639387326978597015e-01 1.305299837597659052e-01
9.497900000000000000e+04 1.102733659013858558e+00 -7.171027224605432127e-02
9.504100000000000000e+04 8.482541312997640137e-01 1.214392492939279644e-01
9.504600000000000000e+04 7.439627619379185486e-01 4.822198905362198862e-02
9.509700000000000000e+04 9.802842058454951379e-01 3.700366235048125479e-02
9.510300000000000000e+04 8.904307267471268661e-01 2.254958743700385404e-01
9.513000000000000000e+04 1.153260009308746614e+00 -3.844412491011279381e-02
9.513800000000000000e+04 1.131181849548043017e+00 7.559246132132609042e-02
9.514400000000000000e+04 1.001295049836255835e+00 4.022567663612214295e-02
9.514500000000000000e+04 1.039656826522052935e+00 -9.512966705768536799e-03
9.514700000000000000e+04 9.792187570157419030e-01 9.149804102178395182e-03
9.514800000000000000e+04 8.256488545835064530e-01 1.929310859350024110e-01
9.514900000000000000e+04 1.101532131980539786e+00 4.958920025537250087e-02
9.518500000000000000e+04 1.098147783316996584e+00 7.980012083566041803e-02
9.519300000000000000e+04 1.046541326865082056e+00 3.323958636149435680e-02
9.519400000000000000e+04 1.008382750301722863e+00 1.516736806664622794e-01
9.519500000000000000e+04 7.662740332260956633e-01 7.306542608674769512e-02
9.519600000000000000e+04 9.826212365482089872e-01 -1.510530566602721371e-02
9.519700000000000000e+04 8.404176544982667751e-01 -1.660722541452011244e-02
9.519800000000000000e+04 9.390590948637480562e-01 7.272831101290667911e-04
9.522400000000000000e+04 1.009556569747258381e+00 -7.782603132298358817e-02
9.523900000000000000e+04 9.259073144235162589e-01 1.569882242551854101e-01
9.524000000000000000e+04 1.034970398202569530e+00 4.296723715792405418e-02
9.524100000000000000e+04 1.033199709423682666e+00 -6.538262665157661135e-02
9.524200000000000000e+04 8.393980895492708649e-01 2.010981130506499515e-01
9.524300000000000000e+04 1.080861336383165172e+00 4.059135603888804761e-02
9.528000000000000000e+04 1.093092030431400019e+00 4.023494089823464320e-02
9.528600000000000000e+04 4.005566542129400665e-01 -3.899634920078477451e-01
9.528700000000000000e+04 1.290419846183098240e+00 1.156422180281632961e-01
9.528800000000000000e+04 1.004343689915237814e+00 3.499387452793289999e-02
9.528900000000000000e+04 1.060294026303361115e+00 1.562144597157259784e-02
9.529000000000000000e+04 9.401320237188650619e-01 -1.194822364017511240e-01
9.529100000000000000e+04 1.075769396932706456e+00 4.253564690107577290e-02
9.529200000000000000e+04 9.361072291797039036e-01 4.854667588408961149e-02
9.529300000000000000e+04 1.039447525751737267e+00 -6.097056120267212859e-02
9.531200000000000000e+04 1.115673944503305481e+00 2.142996052451979355e-02
9.531700000000000000e+04 1.079552208458605778e+00 5.632495745038505058e-02
9.531800000000000000e+04 1.038008943484750146e+00 6.994377242459122457e-02
9.532000000000000000e+04 1.074756384476021065e+00 1.089863739611996868e-01
9.532100000000000000e+04 9.766449016440166275e-01 -2.016200947206361060e-01
9.532200000000000000e+04 1.151768379693806299e+00 4.016953455466613920e-02
9.532300000000000000e+04 1.045685675030457062e+00 -4.084483314241425800e-02
9.532400000000000000e+04 1.002664983898135853e+00 -1.389700906030193750e-01
9.535300000000000000e+04 1.227471934943182630e+00 4.588993799822607689e-02
9.535400000000000000e+04 1.119557004054889449e+00 2.503937800353437174e-02
9.535500000000000000e+04 1.065536723289262522e+00 3.640581204962337059e-02
9.535900000000000000e+04 1.040300177580757435e+00 -3.526297985514834088e-02
9.536000000000000000e+04 9.911918129729226923e-01 1.181205530357985201e-01
9.536100000000000000e+04 1.156321512609438829e+00 1.243830532890295021e-01
9.536200000000000000e+04 1.093645372256897286e+00 5.019032732644380934e-02
9.536300000000000000e+04 1.029999100486448826e+00 3.973445444835684709e-04
9.536400000000000000e+04 1.096050102863036502e+00 -8.335002480545691816e-02
9.536500000000000000e+04 9.776719009645453706e-01 7.488776709132451137e-02
9.536600000000000000e+04 1.032991487320114032e+00 -3.534354739170152138e-02
9.538500000000000000e+04 1.166055970179496581e+00 1.907091065761419221e-02
9.538600000000000000e+04 1.092980944023791423e+00 7.917059279286762716e-03
9.541900000000000000e+04 1.279327883572969560e+00 2.122128968577369906e-02
9.542000000000000000e+04 9.768029285251559335e-01 -8.627329429265926178e-03
9.542100000000000000e+04 1.090802359498902252e+00 -8.309671666538133092e-03
9.542500000000000000e+04 4.452440149392902780e-01 -4.393092883769766366e-01
9.548400000000000000e+04 9.807255231975302578e-01 -5.759717711682503516e-02
9.548700000000000000e+04 8.473411736740954492e-01 -1.046675041022673419e-01
9.549000000000000000e+04 1.170437191690195000e+00 4.321851869090695712e-04
9.549100000000000000e+04 9.159492345070263664e-01 6.561811015290566762e-02
9.549300000000000000e+04 1.061791100630146367e+00 3.010754299045303312e-02
9.549400000000000000e+04 9.732016637314299112e-01 4.987920662256806192e-02
9.549500000000000000e+04 9.443322743465588642e-01 -1.182404020517926896e-01
9.571600000000000000e+04 1.213085731622547847e+00 4.061912206044241552e-02
9.573900000000000000e+04 7.251384015304151998e-01 6.879754639746572809e-02
9.574000000000000000e+04 7.430203278208455941e-01 1.009717970672034670e-01
9.574100000000000000e+04 1.015052838007031832e+00 -8.338649125123025196e-02
9.574200000000000000e+04 1.035727714201544636e+00 -6.140614685310934271e-04
9.574300000000000000e+04 9.674313910941223504e-01 -3.565956267559208109e-02
9.574400000000000000e+04 9.842569753054081216e-01 -1.018013765962416245e-01
9.583100000000000000e+04 9.266499683757483119e-01 -2.063235998040692520e-02
9.583200000000000000e+04 1.036178149885501831e+00 -5.859289398003226373e-02
9.587100000000000000e+04 1.043564212499336508e+00 -2.232701824432308663e-02
9.594400000000000000e+04 1.167358318602505385e+00 9.562799308951358546e-02
9.599300000000000000e+04 9.947284669493258180e-01 8.414142548584274683e-02
9.614600000000000000e+04 1.069851115248937612e+00 6.071829034305700062e-02
9.614800000000000000e+04 1.148708404067759314e+00 8.585459366935548065e-02
9.615400000000000000e+04 1.037640097391212324e+00 -3.367399625700517873e-02
9.615500000000000000e+04 8.459911085164258937e-01 -6.940277149427034886e-02
9.618700000000000000e+04 1.034643960561001386e+00 4.751207964375102344e-02
9.622100000000000000e+04 1.153471782859575967e+00 -8.638929828911440191e-04
9.622800000000000000e+04 9.909305224411916191e-01 1.407396016234332137e-01
9.622900000000000000e+04 9.489692777622412700e-01 -2.089814425832712264e-01
9.626600000000000000e+04 1.197205099402346651e+00 4.426583799300812944e-02
9.634300000000000000e+04 1.090978638381400412e+00 4.732504324788697897e-02
9.634500000000000000e+04 1.004372694641848751e+00 9.121326455694736546e-02
9.635600000000000000e+04 9.837652280885300637e-01 8.776074595900226760e-02
9.637000000000000000e+04 9.471648093072806418e-01 -2.044178855594903366e-01
9.637100000000000000e+04 1.064131289105407108e+00 -1.155971540230672258e-02
9.638700000000000000e+04 1.002065447009155674e+00 6.592608088022659796e-02
9.638800000000000000e+04 1.042358182275221479e+00 1.335484936684523845e-02
9.638900000000000000e+04 1.032572103443856415e+00 1.327942384886549587e-01
9.640200000000000000e+04 9.502405296365652454e-01 -8.371829393880154957e-02
9.640300000000000000e+04 9.052294126017209619e-01 -7.391961142550684816e-02
9.646900000000000000e+04 8.422105842325580127e-01 -1.308242635772456641e-01
9.647000000000000000e+04 1.035486518627559027e+00 8.133799978104325201e-02
9.647100000000000000e+04 1.150211622645706200e+00 2.064788518753673807e-01
9.651000000000000000e+04 1.212355340726729347e+00 1.744802679271030832e-01
9.651100000000000000e+04 1.137598324805696226e+00 1.073350626154897236e-01
9.660400000000000000e+04 1.120257934615492834e+00 -4.697355749406764008e-02
9.660500000000000000e+04 1.235741561546249034e+00 1.082757847019039654e-01
9.660600000000000000e+04 1.294003340406882696e+00 1.187675106472316222e-01
9.666000000000000000e+04 9.806427531499415373e-01 -1.560048924305938722e-01
9.666100000000000000e+04 1.115375605077223664e+00 7.533142670088394111e-02
9.666300000000000000e+04 1.265663124870362477e+00 1.580362984900285095e-01
9.671500000000000000e+04 1.182147996346560648e+00 -3.674314484874153554e-03
9.677600000000000000e+04 1.351063413451523587e+00 8.931220615292032039e-02
9.677700000000000000e+04 1.293854554516131294e+00 5.100099204717228885e-02
