8.500000000000000000e+04 1.066684530487145732e+00 1.168360314317707233e-01
8.500100000000000000e+04 1.082677122184420027e+00 4.124435429662696301e-02
8.500200000000000000e+04 1.097261260819681228e+00 1.183544491357216982e-01
8.500300000000000000e+04 1.006167809529473489e+00 -5.561633365338203988e-02
8.500900000000000000e+04 1.122857439253190037e+00 1.009387446205088218e-01
8.501000000000000000e+04 1.038096458116445797e+00 2.708678543384185344e-02
8.501100000000000000e+04 1.052294741593977179e+00 3.376752617122358996e-02
8.557500000000000000e+04 9.788499815221296529e-01 -1.490297328927628687e-02
8.557600000000000000e+04 9.167056946273927087e-01 -6.420963273392457649e-02
8.567000000000000000e+04 9.068734073080949587e-01 -2.441648290753623343e-02
8.582500000000000000e+04 9.110200968974392355e-01 1.273811541204527831e-01
8.585000000000000000e+04 1.022953807556238104e+00 -5.394434457790856646e-02
8.585400000000000000e+04 9.100961698320041426e-01 -1.396104345631151711e-01
8.585500000000000000e+04 1.245427240688418813e+00 1.108045888842859872e-01
8.587900000000000000e+04 9.714711040193492186e-01 -9.775589191134801889e-03
8.588300000000000000e+04 9.520922949858999784e-01 -1.927285458275788677e-01
8.588400000000000000e+04 9.794618427503521962e-01 -1.385368659155938598e-01
8.588600000000000000e+04 8.957432594367663592e-01 -1.922953121120828460e-02
8.588700000000000000e+04 1.022796498145276844e+00 -4.837511460341672835e-03
8.590600000000000000e+04 1.063770604372514805e+00 2.525512930014297067e-02
8.590800000000000000e+04 9.730154735066265381e-01 -1.521156136601227726e-01
8.590900000000000000e+04 1.327481504130328505e+00 2.729003061414063055e-02
8.594000000000000000e+04 1.114531778145824825e+00 -1.361664092103250512e-01
8.594200000000000000e+04 9.734061007160306200e-01 4.537728514124282631e-02
8.594300000000000000e+04 9.887476083183154296e-01 7.476975475846170394e-02
8.594400000000000000e+04 9.791612221656316173e-01 -1.749150792711025582e-01
8.594600000000000000e+04 1.185532676265790508e+00 1.157078090586006330e-02
8.595200000000000000e+04 7.373936034005001972e-01 6.137393918478366295e-02
8.601800000000000000e+04 8.708970548755443630e-01 1.132426726339128553e-01
8.605500000000000000e+04 8.846182119583481107e-01 3.326401084948672066e-02
8.608300000000000000e+04 1.051097866065544117e+00 1.026410060418750901e-02
8.608400000000000000e+04 1.169035645176998983e+00 1.181079705205669017e-02
8.611300000000000000e+04 1.034040109340413460e+00 -2.528208367787118313e-02
8.611400000000000000e+04 1.080787859240413651e+00 2.180561855348255029e-02
8.611700000000000000e+04 1.028291352698511130e+00 -1.490914270225559002e-01
8.613200000000000000e+04 7.780572438024718762e-01 4.950318641730942770e-02
8.613700000000000000e+04 9.637241773006109957e-01 -2.605145108705333307e-02
8.613800000000000000e+04 9.884308070531675483e-01 4.308491014325473156e-02
8.613900000000000000e+04 9.838880064222222943e-01 4.821803284640137355e-02
8.614100000000000000e+04 9.710580528697896341e-01 -2.211700488421575184e-02
8.614200000000000000e+04 1.060190098227922206e+00 8.879509094352512621e-03
8.617700000000000000e+04 1.033605840080485949e+00 1.208185652329292759e-01
8.617800000000000000e+04 1.049375820980950280e+00 -1.667001418325733120e-01
8.617900000000000000e+04 9.858141061085211598e-01 -1.568177964399256052e-01
8.619200000000000000e+04 1.066173153089986281e+00 -1.231516296597439802e-01
8.619300000000000000e+04 1.120998427966321431e+00 -1.560965665726910534e-01
8.619500000000000000e+04 1.061327829307262105e+00 -3.462405241362808556e-02
8.619600000000000000e+04 1.097057704255457011e+00 3.679623778757724201e-02
8.622800000000000000e+04 1.050573782886595753e+00 2.142700550058181108e-02
8.622900000000000000e+04 9.914277822216714942e-01 7.875095428738801417e-02
8.623000000000000000e+04 1.013476868566604683e+00 -4.000283467352409167e-02
8.623100000000000000e+04 1.077272174290700102e+00 -1.354160425326173811e-01
8.623200000000000000e+04 1.144591411430833983e+00 9.316607135129911788e-02
8.625600000000000000e+04 9.772408521250028901e-01 -1.394151496905736143e-01
8.625700000000000000e+04 1.169030827641522219e+00 8.296816406358192147e-03
8.626600000000000000e+04 1.057880898125671099e+00 -5.598383938310892705e-02
8.626900000000000000e+04 1.008737118824610146e+00 -2.386132094812306870e-01
8.627000000000000000e+04 1.094504950645068586e+00 -8.914303396076520003e-02
8.627600000000000000e+04 1.029943479069259871e+00 -8.542884103466128615e-03
8.627700000000000000e+04 1.063393008368323178e+00 -4.596482311994970482e-02
8.627800000000000000e+04 9.465947545721409284e-01 -7.304673892648011480e-02
8.629700000000000000e+04 9.467062313313987509e-01 2.593955300347255272e-02
8.632900000000000000e+04 9.579134796340869062e-01 -6.375891650444807934e-02
8.633000000000000000e+04 9.539776068500341877e-01 -1.481525145608833527e-01
8.633100000000000000e+04 1.042210937486472311e+00 -6.015567679084836417e-02
8.633200000000000000e+04 9.547433017875038841e-01 -7.184075365984468609e-02
8.633400000000000000e+04 9.866878199045276965e-01 -9.885561216064130130e-02
8.637200000000000000e+04 1.078117684864937198e+00 3.623595268359217775e-02
8.637700000000000000e+04 9.984324255510311774e-01 1.305380211432521226e-02
8.639000000000000000e+04 9.398893637941689860e-01 -5.568545308528906335e-02
8.639100000000000000e+04 9.681583195081610027e-01 5.683241196311107635e-02
8.643900000000000000e+04 9.542290857725396203e-01 -2.829766765610093257e-02
8.648700000000000000e+04 8.653230679472656561e-01 9.593123365256471177e-03
8.651500000000000000e+04 9.423952248991942504e-01 9.723208431630324389e-02
8.651600000000000000e+04 9.052571649056044834e-01 1.227706700215577540e-01
8.651800000000000000e+04 9.195462899621562602e-01 9.940665031365186755e-02
8.651900000000000000e+04 9.796881310448168900e-01 2.948263615155609016e-02
8.652100000000000000e+04 9.584209303114068490e-01 4.973522295853250591e-02
8.653800000000000000e+04 1.052782578566097582e+00 -6.730424508789288954e-03
8.653900000000000000e+04 9.652642814494932777e-01 6.919167568684728153e-02
8.654200000000000000e+04 1.016118643126580068e+00 -2.986687018003589961e-02
8.654600000000000000e+04 1.118146842987834955e+00 6.323519132035296253e-02
8.654800000000000000e+04 1.025238178291230762e+00 -7.787166977940374046e-02
8.654900000000000000e+04 1.086046288590977626e+00 -1.616711738213103336e-02
8.657800000000000000e+04 9.461740239851441636e-01 -3.765288640762516625e-02
8.657900000000000000e+04 1.035009916642802175e+00 -4.452170127041369524e-02
8.658000000000000000e+04 9.922440494041439019e-01 -1.222408210782638116e-01
8.658100000000000000e+04 9.766039624454864176e-01 -6.709801321628725002e-02
8.658200000000000000e+04 9.539421115799885387e-01 1.179069587472764309e-02
8.658400000000000000e+04 9.879629574910481216e-01 -1.156079716906624651e-02
8.658500000000000000e+04 1.045623485353397664e+00 3.991978834060460474e-02
8.659600000000000000e+04 9.997555574622936092e-01 2.320093406108781481e-02
8.659700000000000000e+04 9.554984565511827066e-01 -1.710962661845686489e-02
8.659800000000000000e+04 9.597451564356174192e-01 -1.444074991848721089e-02
8.660100000000000000e+04 1.020588267693222084e+00 4.938136054027542077e-03
8.660400000000000000e+04 1.049795322163526778e+00 9.844498532748545069e-03
8.669900000000000000e+04 9.068799629384458605e-01 8.227267975148098988e-02
8.689400000000000000e+04 1.036464929402973745e+00 -1.337149144595563832e-01
8.689500000000000000e+04 1.052581438065775643e+00 1.074303754813527717e-01
8.693200000000000000e+04 9.653511319890802911e-01 8.557069335213794703e-02
8.693300000000000000e+04 9.158818517228638489e-01 -7.674293710678535552e-02
8.695900000000000000e+04 9.531434903207901543e-01 2.327852112304624674e-02
8.696000000000000000e+04 1.015686187295957277e+00 -3.735218107521705300e-03
8.698100000000000000e+04 1.060013508774083846e+00 -1.127740810926203437e-02
8.706400000000000000e+04 1.057368032556236015e+00 -9.744891756924037307e-02
8.707400000000000000e+04 9.662159575088660191e-01 -6.695822965096639989e-02
8.711100000000000000e+04 1.015388452108518136e+00 -1.188770839627197318e-01
8.712300000000000000e+04 1.213085591445778100e+00 7.244041914943336047e-02
8.712400000000000000e+04 1.001710427908217182e+00 -4.338732302726140688e-02
8.712600000000000000e+04 1.046984584853600353e+00 9.480935778115359702e-03
8.712900000000000000e+04 9.696541942067131714e-01 2.450394560221885037e-02
8.714200000000000000e+04 9.922944251664453930e-01 -1.227956610757445499e-01
8.715400000000000000e+04 9.988930146334797922e-01 -7.040935382027938005e-02
8.715500000000000000e+04 1.014636364530060897e+00 1.551050443457542213e-02
8.715700000000000000e+04 9.962648373515810007e-01 -9.466729380037115782e-02
8.715800000000000000e+04 1.037300505208228918e+00 -7.300822972056705308e-03
8.716300000000000000e+04 1.168198747955327521e+00 4.509975106022249408e-02
8.718900000000000000e+04 9.585247140142044708e-01 -1.085009961648832483e-01
8.719000000000000000e+04 1.055408633100536786e+00 8.632339886755983904e-02
8.719700000000000000e+04 8.692251824774134272e-01 7.385784285450949782e-02
8.720200000000000000e+04 1.042994678976729039e+00 -1.059825781596786809e-01
8.720300000000000000e+04 9.623222567004459105e-01 3.752806188781866725e-02
8.720700000000000000e+04 1.186036062699490357e+00 9.510411861946498069e-02
8.720800000000000000e+04 1.002043045225957441e+00 -3.367795640315394273e-02
8.720900000000000000e+04 1.024580014506951908e+00 5.977389515644446205e-02
8.722800000000000000e+04 9.315969343693812910e-01 -5.041590079186485107e-02
8.723000000000000000e+04 9.653339501384869958e-01 3.199045216209157102e-04
8.723100000000000000e+04 9.615992507201501782e-01 -2.205856044877647242e-04
8.723200000000000000e+04 1.226355090633716394e+00 8.807471428720049789e-02
8.723300000000000000e+04 1.043681120146906061e+00 2.504956580618481962e-02
8.723400000000000000e+04 1.086154191129300672e+00 2.102843399155602741e-02
8.725200000000000000e+04 9.040387982219576513e-01 4.440441080484321817e-02
8.725500000000000000e+04 6.811647983412451035e-01 5.269694102303008887e-02
8.726300000000000000e+04 1.053654485732745894e+00 -3.730803035969976894e-02
8.726400000000000000e+04 9.780605431381179660e-01 -8.608834552715240174e-02
8.726500000000000000e+04 1.135358648853544983e+00 4.887902604901871173e-02
8.726600000000000000e+04 8.981156540546259004e-01 -1.817238950715989107e-02
8.726700000000000000e+04 9.917095213386176722e-01 1.634948557845765024e-02
8.726800000000000000e+04 9.302167840969141066e-01 -2.858566851547084467e-02
8.726900000000000000e+04 1.119983037464202136e+00 2.335447655233292581e-03
8.730200000000000000e+04 8.955477575338136598e-01 2.502416849694719895e-03
8.730900000000000000e+04 8.751702882291251262e-01 5.501802472815177369e-02
8.733900000000000000e+04 8.517287170098796212e-01 -7.360019375420363830e-02
8.734800000000000000e+04 5.695259297203442150e-01 2.531877290790130602e-02
8.735300000000000000e+04 9.166569402411661738e-01 -5.720670996260195790e-02
8.735500000000000000e+04 1.016756857864792307e+00 4.133951043322972585e-02
8.735800000000000000e+04 1.086471615724089679e+00 3.446113477054591617e-02
8.735900000000000000e+04 1.004018391889886397e+00 4.940200912954115925e-02
8.736100000000000000e+04 1.104016896814596471e+00 4.530271465453441365e-02
8.739200000000000000e+04 1.047235987106931443e+00 -6.471560767510431411e-02
8.739300000000000000e+04 1.032621613051711851e+00 -4.838564832844723107e-02
8.739400000000000000e+04 1.052739098573265419e+00 -3.004797147505767693e-02
8.739500000000000000e+04 1.122940123975504134e+00 3.378599140294265279e-02
8.739600000000000000e+04 1.052248331141600879e+00 -4.490018424308758055e-02
8.739700000000000000e+04 9.609238976707885627e-01 -6.721167576801437282e-02
8.739800000000000000e+04 1.061781702989159193e+00 -4.623642618068705273e-02
8.740000000000000000e+04 1.222143282803906050e+00 6.221952591054061288e-02
8.740100000000000000e+04 1.044593380119559489e+00 -2.493880408076586813e-02
8.740200000000000000e+04 9.941892707012777164e-01 -1.255183297208860640e-02
8.742700000000000000e+04 1.042056625914028700e+00 -1.039642203309716351e-01
8.742800000000000000e+04 1.041120294971003668e+00 8.204144208551348086e-03
8.743200000000000000e+04 1.015289735278072314e+00 6.091136121927172298e-02
8.743500000000000000e+04 1.105471388735526972e+00 9.365177371893118607e-02
8.757100000000000000e+04 9.882799393998112913e-01 1.086732691062816843e-02
8.757300000000000000e+04 1.046892597496414057e+00 6.571937171417942258e-02
8.757400000000000000e+04 1.110954976520852844e+00 -1.054523365585596090e-02
8.757700000000000000e+04 1.029876211362631411e+00 1.269848071239292053e-01
8.757800000000000000e+04 1.023437826014210295e+00 7.568441612294300735e-02
8.757900000000000000e+04 1.082441351696838305e+00 6.308357787163716701e-02
8.758000000000000000e+04 1.015037341081190592e+00 2.548369918417817126e-02
8.762500000000000000e+04 9.875193540534432657e-01 6.426203548957266920e-03
8.762600000000000000e+04 9.370610216470156573e-01 4.080153727498534583e-02
8.762700000000000000e+04 8.738764420592707305e-01 1.592487305847530704e-02
8.762800000000000000e+04 1.026789046981291254e+00 -1.478340175509868654e-02
8.762900000000000000e+04 1.093542800054975395e+00 1.642607587037075434e-01
8.767700000000000000e+04 1.050376526824135848e+00 2.455571819922697935e-02
8.767800000000000000e+04 1.118263196764828660e+00 -3.283285762117434808e-02
8.768000000000000000e+04 1.055838265792106156e+00 7.011724466204961870e-02
8.768100000000000000e+04 1.122089929712631218e+00 3.724962254252670718e-02
8.771200000000000000e+04 1.025180222301784294e+00 6.057639991105013416e-02
8.776200000000000000e+04 1.029766679163514276e+00 2.292747827556683438e-02
8.777300000000000000e+04 9.719959107268496545e-01 1.605178155334378021e-01
8.800200000000000000e+04 1.018181176256233611e+00 -1.714054995085536881e-01
8.801000000000000000e+04 1.196254542739924487e+00 -8.581751625669203909e-02
8.812500000000000000e+04 1.002247995104714740e+00 1.915976856193420119e-02
8.812700000000000000e+04 9.721861257690750380e-01 -6.074903514458637049e-02
8.816700000000000000e+04 9.846706438023550279e-01 -1.908629375141841777e-02
8.816800000000000000e+04 9.465306745186660153e-01 7.282916422716155525e-02
8.817000000000000000e+04 1.017695817366842670e+00 2.166894014221285719e-02
8.817100000000000000e+04 1.045941584444519679e+00 4.305728445037900615e-02
8.817200000000000000e+04 9.760517610262871013e-01 6.013676491071213992e-02
8.817300000000000000e+04 9.236684447936127640e-01 1.442670515261182673e-01
8.817400000000000000e+04 9.846556818404740286e-01 2.927260105864314468e-02
8.817500000000000000e+04 1.081971088663739922e+00 1.107083565781739470e-01
8.817600000000000000e+04 9.654981627935974586e-01 8.122708036316038382e-02
8.823700000000000000e+04 9.884084548592398933e-01 3.214835707434821315e-03
8.823900000000000000e+04 1.034740503844104431e+00 5.140538147427053256e-03
8.824300000000000000e+04 9.804451775045799344e-01 6.092962753086977185e-02
8.824400000000000000e+04 1.026572951643607734e+00 -5.280128013250144636e-02
8.824500000000000000e+04 9.970264371739003817e-01 -8.579761523590404004e-02
