9.043600000000000000e+04 1.021041311455200162e+00 -7.370772366538087816e-02
9.043700000000000000e+04 1.040401085554742089e+00 2.808662126863836067e-02
9.043800000000000000e+04 1.049497236894687990e+00 -4.602025580324221876e-02
9.043900000000000000e+04 1.013583350640482328e+00 -7.260743021443796796e-02
9.044000000000000000e+04 8.746791077989427565e-01 -4.377253835740136517e-02
9.044100000000000000e+04 9.243951606519582587e-01 2.134741688163524151e-02
9.047600000000000000e+04 9.967642498127173845e-01 1.194717292879557274e-01
9.047700000000000000e+04 9.540712567265344779e-01 -1.452441490476420391e-02
9.047800000000000000e+04 9.476570214954836979e-01 1.174987340622023375e-02
9.047900000000000000e+04 9.989492714936354378e-01 7.216041645139431582e-02
9.049300000000000000e+04 9.107941183166068377e-01 4.439660689407660260e-02
9.049400000000000000e+04 1.077918717262743131e+00 -9.235339697111678847e-02
9.049500000000000000e+04 9.118927451211601420e-01 -1.533484085232118647e-02
9.049600000000000000e+04 9.952671359099327653e-01 5.573945379603990891e-03
9.049700000000000000e+04 1.122025575813648590e+00 -3.755606461986882999e-02
9.049800000000000000e+04 9.588084586890120997e-01 1.498516286330981231e-02
9.049900000000000000e+04 1.041295168506915836e+00 -5.998114846415951787e-03
9.050100000000000000e+04 1.041825586145630478e+00 7.948245195600082968e-02
9.050200000000000000e+04 9.749362615077588057e-01 -2.893851380720671718e-02
9.050400000000000000e+04 1.164273187996003545e+00 1.186743947570650069e-03
9.052300000000000000e+04 1.044302015924095439e+00 5.226809106342562850e-02
9.052400000000000000e+04 9.766044052124950303e-01 2.098762360487589976e-02
9.052500000000000000e+04 9.242541711838467844e-01 6.454693390835537607e-03
9.052800000000000000e+04 9.842031874311449879e-01 -5.765829280405902584e-03
9.053500000000000000e+04 9.487696595183439108e-01 6.610521466390672021e-03
9.053600000000000000e+04 1.039711356859126523e+00 5.091106359810045057e-02
9.053700000000000000e+04 1.021844671144837902e+00 -6.139167999746801899e-03
9.053800000000000000e+04 9.056805394161571154e-01 -5.699103757729239578e-02
9.053900000000000000e+04 1.045893077609108435e+00 1.583949718547719709e-02
9.056400000000000000e+04 1.228049555680999161e+00 9.201334532316056414e-02
9.056500000000000000e+04 9.307726744831704702e-01 -3.166873254843546176e-02
9.056600000000000000e+04 9.033415189715233717e-01 -8.212775002108499423e-02
9.056900000000000000e+04 1.081976076161073719e+00 8.305294043598068776e-02
9.057000000000000000e+04 1.036467015324237240e+00 1.011097038747321014e-02
9.058700000000000000e+04 8.103056596984581361e-01 5.360669597282905624e-03
9.058800000000000000e+04 9.743239799033395210e-01 8.769893942127656231e-03
9.059000000000000000e+04 9.126616587812270698e-01 4.246869142855065615e-02
9.059100000000000000e+04 7.847677739762598526e-01 -1.634105293352686519e-02
9.060200000000000000e+04 9.247022643793401109e-01 7.031999494756630345e-03
9.062700000000000000e+04 1.025653049856253718e+00 1.298072148133080916e-01
9.062800000000000000e+04 8.882835253203902326e-01 3.127987858000053079e-02
9.062900000000000000e+04 1.047803491122494268e+00 -1.486724193901085497e-02
9.067500000000000000e+04 1.081759330062088686e+00 -2.753107576678004084e-02
9.067900000000000000e+04 9.839238886527199579e-01 -6.242544778727573268e-02
9.087000000000000000e+04 9.436132561508505656e-01 -4.545260485840834502e-02
9.090000000000000000e+04 9.803513201877563921e-01 1.351869011556980915e-01
9.105400000000000000e+04 9.823015662860956621e-01 6.717104961999857682e-02
9.105600000000000000e+04 1.031603382835221794e+00 8.572113581838019733e-03
9.107200000000000000e+04 6.746831822027063996e-01 4.237230412442831440e-02
9.109800000000000000e+04 9.206407551587708626e-01 3.131862951636789349e-03
9.110000000000000000e+04 1.075464604607754282e+00 -5.171172825387621019e-02
9.110100000000000000e+04 1.014235101567585451e+00 2.421442180521139048e-03
9.111200000000000000e+04 1.021554616076737920e+00 2.977477964498833479e-02
9.111300000000000000e+04 1.162711341968131418e+00 3.887219001757396403e-02
9.111400000000000000e+04 9.276044889807669724e-01 -1.853400570480115764e-02
9.111500000000000000e+04 1.048095113532277800e+00 2.378404281197050649e-02
9.113100000000000000e+04 9.237985894988016700e-01 -8.977140751642555261e-02
9.113200000000000000e+04 9.941750008755881884e-01 5.375844535970474881e-03
9.113400000000000000e+04 1.051639484581468942e+00 4.854715745978586267e-02
9.113700000000000000e+04 9.522795236641370398e-01 3.367772610033403780e-02
9.113800000000000000e+04 1.044719813605945236e+00 5.858086964399967633e-04
9.113900000000000000e+04 1.034178041624190358e+00 1.016529252584269377e-01
9.114200000000000000e+04 9.072402300049036139e-01 8.113466026339737069e-02
9.115500000000000000e+04 9.799597048244228503e-01 -3.423122732511867106e-02
9.115600000000000000e+04 1.107628696598115914e+00 -5.079750174164010534e-03
9.116100000000000000e+04 1.092507284413245072e+00 -9.956656452351633074e-03
9.116200000000000000e+04 1.015462355407663164e+00 1.348519562572364668e-02
9.116300000000000000e+04 9.116318534494286530e-01 -3.232838142021555311e-02
9.116400000000000000e+04 9.515683687329372642e-01 5.626985113046734099e-02
9.126800000000000000e+04 1.063480506603131426e+00 1.386051704422220088e-01
9.126900000000000000e+04 9.621324111632508780e-01 3.270960312471868359e-02
9.127000000000000000e+04 1.029275650736281689e+00 -1.003205761753507008e-01
9.127100000000000000e+04 1.025039397938490193e+00 4.838253830143979251e-02
9.137400000000000000e+04 1.003117220908565477e+00 -1.352103775153195783e-02
9.137700000000000000e+04 9.715784773252559292e-01 1.090312900426189738e-02
9.144000000000000000e+04 1.054916371155064203e+00 5.513442162998661439e-02
9.349000000000000000e+04 1.063274043551820203e+00 3.228329356935807914e-02
9.352500000000000000e+04 1.020451835846027944e+00 3.657112993192571798e-02
9.358800000000000000e+04 1.158743219136247227e+00 6.024345199153573194e-02
9.364900000000000000e+04 9.621367005612136980e-01 7.897443973068667133e-02
9.411600000000000000e+04 1.032902099847880173e+00 -4.337618765732162429e-02
9.411700000000000000e+04 9.789586211889658163e-01 -6.530524971246751131e-02
9.411800000000000000e+04 1.031593619264992601e+00 -1.282045240903927422e-02
9.441700000000000000e+04 1.157672026835536494e+00 -4.279894738103826035e-02
9.441800000000000000e+04 1.046140401437885448e+00 -3.388615430952945234e-02
9.442000000000000000e+04 9.112899127643669939e-01 7.950248210651100766e-03
9.449400000000000000e+04 8.645710867781277731e-01 6.302184028637218549e-02
9.449500000000000000e+04 9.423648219215731148e-01 2.546830937082064650e-02
9.453500000000000000e+04 8.659966012869320107e-01 1.297027959998014457e-01
9.497900000000000000e+04 1.103377690310137771e+00 -7.091237439407672982e-02
9.504100000000000000e+04 7.658537745663329677e-01 4.191386374177689944e-02
9.504600000000000000e+04 7.442050426728681334e-01 4.965549598772046880e-02
9.509700000000000000e+04 9.331572042972241521e-01 -2.395162501389000356e-03
9.510300000000000000e+04 8.907560721655741753e-01 2.258309210552616464e-01
9.513000000000000000e+04 1.159303603760762025e+00 -2.979411621728753068e-02
9.513800000000000000e+04 9.921909965608357584e-01 -2.637709049221929891e-02
9.514400000000000000e+04 9.984876245352609647e-01 4.147304736047176255e-02
9.514500000000000000e+04 1.070159041880060613e+00 7.644916118409030015e-02
9.514700000000000000e+04 9.503318377490997948e-01 -2.229904970735712560e-02
9.514800000000000000e+04 8.044015911250246287e-01 1.233958885930636351e-01
9.514900000000000000e+04 1.115134752793035311e+00 9.921492571634651925e-02
9.518500000000000000e+04 9.952442770094869218e-01 -1.619176848955659626e-03
9.519300000000000000e+04 1.061872223423089956e+00 8.372174799296916436e-02
9.519400000000000000e+04 9.068680297711980698e-01 -4.986671077764242427e-02
9.519500000000000000e+04 7.486270688772715953e-01 2.161871832712767422e-02
9.519600000000000000e+04 1.016733074699236905e+00 9.719478852173007999e-02
9.519700000000000000e+04 8.467539160431655221e-01 1.773737453145657339e-02
9.519800000000000000e+04 9.435054543094171242e-01 -2.012180266942989112e-03
9.522400000000000000e+04 1.034068260684150475e+00 -4.709812721325982304e-02
9.523900000000000000e+04 9.262932377167301112e-01 1.881397857356098824e-01
9.524000000000000000e+04 1.072406760664803782e+00 7.743637222481851434e-02
9.524100000000000000e+04 1.033298870344198761e+00 -2.869576570726016865e-02
9.524200000000000000e+04 8.025063050366224582e-01 9.905911037710736500e-02
9.524300000000000000e+04 1.095884140145633401e+00 8.366828159129655051e-02
9.528000000000000000e+04 1.076814665689363126e+00 2.676460421882190591e-02
9.528600000000000000e+04 6.757436584216618414e-01 -1.338600156794240992e-01
9.528700000000000000e+04 1.285837914358502365e+00 1.084715634675075119e-01
9.528800000000000000e+04 1.005190829110082840e+00 3.553684492103294928e-02
9.528900000000000000e+04 1.043794805355874100e+00 6.235577135175758134e-05
9.529000000000000000e+04 9.731284279282590433e-01 -7.796507387526499001e-03
9.529100000000000000e+04 1.073401203984590380e+00 6.381994910706648150e-02
9.529200000000000000e+04 9.410270583044455517e-01 6.985193204827322422e-02
9.529300000000000000e+04 1.038139846612762041e+00 -5.834112805597944235e-02
9.531200000000000000e+04 9.597182122374415814e-01 -9.107758984954869574e-02
9.531700000000000000e+04 9.358010443417410507e-01 -2.276603967363716868e-02
9.531800000000000000e+04 1.183902158016741479e+00 1.480273794784447150e-01
9.532000000000000000e+04 1.068279992511491194e+00 1.001780471979631798e-01
9.532100000000000000e+04 1.016475301923127406e+00 -1.117032060611032745e-01
9.532200000000000000e+04 1.096947349008118300e+00 -6.853389566671906630e-02
9.532300000000000000e+04 1.066777819101672797e+00 2.633525424804883039e-02
9.532400000000000000e+04 9.986640012142083966e-01 -1.348378531942813208e-01
9.535300000000000000e+04 1.147667089656666528e+00 -1.564773746699194435e-03
9.535400000000000000e+04 1.018191962526936001e+00 -4.414738807947748284e-02
9.535500000000000000e+04 9.766695945872502227e-01 -3.218916009393870542e-02
9.535900000000000000e+04 9.734929235088894961e-01 -5.687335472426833377e-02
9.536000000000000000e+04 9.717178914753062946e-01 1.010928694190588312e-01
9.536100000000000000e+04 1.175788962410343697e+00 1.517331479985497833e-01
9.536200000000000000e+04 1.078934715050088977e+00 3.056051815602394903e-02
9.536300000000000000e+04 1.028774220303885434e+00 9.035425176830959304e-03
9.536400000000000000e+04 1.136928614315217967e+00 2.975590426673138666e-02
9.536500000000000000e+04 9.825740086423231379e-01 7.599903153815285028e-02
9.536600000000000000e+04 1.032366873853600708e+00 -3.664910669498596535e-02
9.538500000000000000e+04 1.052547464288786427e+00 -5.339379375357704988e-02
9.538600000000000000e+04 9.916854217439859953e-01 -6.802519659160456700e-02
9.541900000000000000e+04 1.031393217451072264e+00 -1.180105355491458258e-01
9.542000000000000000e+04 1.002232927967846132e+00 1.192528504749064758e-02
9.542100000000000000e+04 1.038205353593853575e+00 -4.258164050780506582e-02
9.542500000000000000e+04 7.388277129854954328e-01 -1.933272901523353515e-01
9.548400000000000000e+04 9.818066494485069295e-01 -5.925892787859607380e-02
9.548700000000000000e+04 8.408226843705560727e-01 -8.829523583748215276e-02
9.549000000000000000e+04 1.058342464552779472e+00 -8.078487485378933741e-02
9.549100000000000000e+04 9.551296382409119046e-01 1.179775577601347020e-01
9.549300000000000000e+04 1.003568345353065494e+00 -6.018612192735158656e-02
9.549400000000000000e+04 9.871705203308169807e-01 1.014969906575833025e-01
9.549500000000000000e+04 9.412065304570556012e-01 -1.119413791591433449e-01
9.571600000000000000e+04 1.130991007657922376e+00 -1.828830840932328325e-02
9.573900000000000000e+04 7.829862846012284328e-01 1.535532214522471184e-01
9.574000000000000000e+04 7.674077367546896511e-01 1.962912994809845046e-01
9.574100000000000000e+04 1.037428938052737282e+00 -9.100657007019879313e-03
9.574200000000000000e+04 1.040034219375054469e+00 1.165464418152927818e-02
9.574300000000000000e+04 9.703207876870062476e-01 -3.176280398938927801e-02
9.574400000000000000e+04 9.821400245412383878e-01 -9.738514381954471721e-02
9.583100000000000000e+04 9.231322776008059616e-01 -1.775206683945853778e-02
9.583200000000000000e+04 1.035627667820105513e+00 -5.887248326220759914e-02
9.587100000000000000e+04 1.042988537465744825e+00 -2.321562216811281706e-02
9.594400000000000000e+04 9.958546530519565287e-01 -2.065146398010042628e-02
9.599300000000000000e+04 9.833579217753037893e-01 7.140529982430210421e-02
9.614600000000000000e+04 1.071614412744889222e+00 7.041895250661812933e-02
9.614800000000000000e+04 1.004369244941827999e+00 -9.049814551012842767e-03
9.615400000000000000e+04 1.058514704324010625e+00 3.542728195498333343e-02
9.615500000000000000e+04 8.790590860530872463e-01 2.899948604981947980e-02
9.618700000000000000e+04 9.711037822892251148e-01 -1.531984730226867378e-03
9.622100000000000000e+04 1.096193915676697328e+00 -3.675035156909618045e-02
9.622800000000000000e+04 9.641671905332336312e-01 1.192441600858253070e-01
9.622900000000000000e+04 1.017547057842113301e+00 -6.750347243474305592e-02
9.626600000000000000e+04 1.175450964118237795e+00 3.940491571979044816e-02
9.634300000000000000e+04 1.088322979402543300e+00 4.676219971872819930e-02
9.634500000000000000e+04 8.889306577800464293e-01 -1.031589116455302073e-03
9.635600000000000000e+04 8.832175386356119207e-01 -1.188373749318867023e-01
9.637000000000000000e+04 1.096725757178932392e+00 9.642280255788424070e-02
9.637100000000000000e+04 1.059330398801222817e+00 2.123118732861035973e-02
9.638700000000000000e+04 9.338985157302144291e-01 7.167739979787952388e-03
9.638800000000000000e+04 9.415432294284696857e-01 -6.222773800632591668e-02
9.638900000000000000e+04 1.036138532123638045e+00 1.312955328600899085e-01
9.640200000000000000e+04 9.992198149901808657e-01 2.943993885673898414e-02
9.640300000000000000e+04 9.476645748806836744e-01 7.584510511727440840e-02
9.646900000000000000e+04 8.994842475218385314e-01 3.355321446769591459e-02
9.647000000000000000e+04 1.044497593039275696e+00 1.240176782668964001e-01
9.647100000000000000e+04 9.644245679694496420e-01 6.858250435829127412e-02
9.651000000000000000e+04 1.262661649684285958e+00 1.692843760268078201e-01
9.651100000000000000e+04 1.039584263240066031e+00 3.668710190251952413e-02
9.660400000000000000e+04 1.079630571189856836e+00 -7.117894531642235401e-02
9.660500000000000000e+04 1.118063484607719316e+00 2.881947483861429724e-02
9.660600000000000000e+04 1.118748525218646428e+00 1.680836238894703070e-03
9.666000000000000000e+04 1.039632241618364761e+00 -2.064382180145668891e-02
9.666100000000000000e+04 9.969694528091556096e-01 -1.388261954511477159e-02
9.666300000000000000e+04 1.075823815713575993e+00 3.231131203796113599e-02
9.671500000000000000e+04 1.206578149122521593e+00 4.267137227074067202e-02
9.677600000000000000e+04 1.386599143489978925e+00 9.384753136005451191e-02
9.677700000000000000e+04 1.327360084575208266e+00 5.312686876321951607e-02
