2.826300000000000000e+04 6.443482434075217258e-01 1.384024122314657934e-01
2.826500000000000000e+04 6.389117968469429920e-01 5.790893622555667863e-02
2.827400000000000000e+04 9.606862607379822450e-01 5.637522799427328868e-02
2.827500000000000000e+04 8.891106119937199903e-01 3.444760422388737364e-02
2.827700000000000000e+04 8.895969232612364053e-01 4.352973136509281221e-02
2.827900000000000000e+04 8.461017269135533425e-01 1.567351819732021312e-01
2.828100000000000000e+04 6.778832905948898313e-01 8.701305079697722877e-02
2.828300000000000000e+04 1.024963270746750865e+00 -1.464157905866825260e-02
2.828400000000000000e+04 9.553411727406361242e-01 -3.951991246822736392e-02
2.828500000000000000e+04 8.954441110930354553e-01 -9.939042171111392779e-03
2.829500000000000000e+04 1.187221253215059225e+00 2.596172270377675867e-02
2.829700000000000000e+04 8.464288582984277332e-01 7.584293251771741240e-02
2.829900000000000000e+04 7.485522354766390718e-01 -4.555346548000650808e-02
2.830200000000000000e+04 6.966506908495591066e-01 1.961073492229193638e-01
2.830300000000000000e+04 1.020624007370021014e+00 -7.560407688502573942e-02
2.830400000000000000e+04 1.051146625045269234e+00 -5.848958069433024543e-02
2.830600000000000000e+04 1.519758271659640059e+00 1.123095529125818642e-01
2.833000000000000000e+04 1.986696545185392848e+00 1.443586952906038279e-01
2.833100000000000000e+04 9.896226843016968644e-01 2.032754549524695142e-01
2.833300000000000000e+04 1.044870978536136086e+00 -1.039752002551885962e-01
2.833700000000000000e+04 5.463951511222053803e-01 -3.411084060863014272e-02
2.833800000000000000e+04 5.730320141617518681e-01 -2.810300515551868161e-02
2.833900000000000000e+04 7.762521782019324856e-01 -9.130848202442211348e-02
2.834000000000000000e+04 7.419719762051184553e-01 2.889234844254895060e-02
2.834100000000000000e+04 6.455205310177869471e-01 3.219287947197033845e-02
2.834200000000000000e+04 5.926509656080501953e-01 1.163963877079104980e-01
2.834500000000000000e+04 5.150544195343392806e-01 4.931445625539198144e-03
2.834800000000000000e+04 7.303216342106279013e-01 2.000436145289229417e-01
2.834900000000000000e+04 6.856927658512567136e-01 1.544995336545343378e-01
2.835000000000000000e+04 7.000684541840750397e-01 2.790404746264328328e-01
2.835100000000000000e+04 4.132459487014465416e-01 -6.311187716205562959e-02
2.835200000000000000e+04 4.231959077212457676e-01 -1.356655490188965647e-02
2.835300000000000000e+04 4.081893308161541611e-01 2.343966476810211211e-02
2.839100000000000000e+04 1.107319692810650125e+00 -2.765962538617507474e-02
2.839200000000000000e+04 1.078158360206140420e+00 -6.988848596577598715e-02
2.839300000000000000e+04 1.020250272029388894e+00 6.798786909105361542e-02
2.839400000000000000e+04 1.036949191127311654e+00 -5.986432185243886067e-02
2.839500000000000000e+04 9.840947348904700576e-01 -8.318950408373171346e-02
2.839600000000000000e+04 1.009852393456974751e+00 1.559134287718736203e-03
2.839700000000000000e+04 1.391120414804338790e+00 2.990353661577455427e-03
2.839800000000000000e+04 1.194383218041183969e+00 -3.015985141021415572e-02
2.839900000000000000e+04 1.101301379624970656e+00 -3.998298660249398340e-02
2.840000000000000000e+04 1.042408616920336373e+00 -7.209181891216700534e-03
2.842300000000000000e+04 8.381237802565880690e-01 -1.686400754777728217e-02
2.842400000000000000e+04 9.519271386264325230e-01 -5.687631367465909027e-02
2.842500000000000000e+04 8.998909429619079692e-01 3.712139131038136308e-02
2.842600000000000000e+04 8.597862311021808868e-01 4.751608390625072786e-02
2.842700000000000000e+04 9.352661526303416295e-01 1.288107290217211653e-01
2.842800000000000000e+04 8.802440914152357410e-01 1.413219715934397325e-01
2.842900000000000000e+04 9.973255786953459934e-01 9.532973830377232394e-02
2.843000000000000000e+04 9.316276080955666616e-01 1.077934553034312487e-01
2.843100000000000000e+04 9.351750767390927255e-01 6.006394885378161380e-02
2.843200000000000000e+04 9.087764988175963676e-01 -1.207330617478073222e-02
2.843300000000000000e+04 9.045553981774473451e-01 -2.520387990909795858e-03
2.843500000000000000e+04 9.003531223545216955e-01 5.676867795774647590e-02
2.847200000000000000e+04 1.144353126030671852e+00 6.037420565230759012e-02
2.847300000000000000e+04 1.140737471081666898e+00 2.295979109677621921e-02
2.847400000000000000e+04 7.733649352494114115e-01 1.931825665016087545e-01
2.847600000000000000e+04 8.070319388250981607e-01 7.328668988435020626e-02
2.847700000000000000e+04 9.482035477603438789e-01 -9.686618126581796051e-02
2.847800000000000000e+04 9.664356059747140071e-01 -3.524851047440436674e-02
2.847900000000000000e+04 9.685562471715870592e-01 -1.000156718404705547e-01
2.848500000000000000e+04 1.024308323916088392e+00 2.363781813571108267e-02
2.848600000000000000e+04 9.747395663728655180e-01 -5.527777468250401338e-02
2.848700000000000000e+04 1.042894451159942726e+00 -3.605977493264745509e-02
2.848800000000000000e+04 9.938031580798682985e-01 -4.836957127329476192e-02
2.848900000000000000e+04 1.150313334407077503e+00 3.212493657250658358e-02
2.849000000000000000e+04 1.150645431105102645e+00 -2.071346409559585156e-02
2.849100000000000000e+04 1.042955944663013446e+00 6.831977953744879095e-02
2.849200000000000000e+04 1.030490114191004780e+00 -1.184914457643600379e-02
2.849300000000000000e+04 1.031197938988925422e+00 3.883132012609032124e-02
2.849400000000000000e+04 9.460698809707481782e-01 -1.092415973162048359e-01
2.849500000000000000e+04 9.832516111265766634e-01 -6.010306780570007223e-02
2.849600000000000000e+04 9.967090601809069916e-01 -3.260424367733458922e-02
2.850100000000000000e+04 1.577749968555215432e+00 9.697927494697592202e-03
2.850200000000000000e+04 1.323402258214333216e+00 -3.823199695388686259e-02
2.858300000000000000e+04 1.026124503210497974e+00 4.282941840544552542e-02
2.858700000000000000e+04 9.387258409490788491e-01 1.028514459288729366e-01
2.863000000000000000e+04 1.046489238593081295e+00 -2.591303495498230650e-02
2.863100000000000000e+04 9.020787791245949983e-01 5.962043385360990544e-02
2.866300000000000000e+04 1.000148597613457202e+00 2.388813351725941475e-02
2.878300000000000000e+04 9.174399760733684683e-01 8.457622820119979623e-02
2.878500000000000000e+04 9.082842209522525856e-01 1.609472875879214560e-01
2.878600000000000000e+04 1.005401799808770980e+00 3.797471114082602919e-03
2.878700000000000000e+04 1.067720872223681283e+00 7.316860014256906797e-02
2.880500000000000000e+04 9.068755673408982476e-01 1.152304072251044004e-01
2.880600000000000000e+04 9.395562436332184353e-01 3.999200413331757686e-02
2.880700000000000000e+04 9.164949213548152507e-01 8.755330908800519618e-02
2.880800000000000000e+04 9.404600992829065254e-01 7.452630432823341422e-02
2.880900000000000000e+04 9.447149170808778473e-01 -1.410102637586065355e-01
2.881900000000000000e+04 9.503417762425333537e-01 1.814202444779522416e-01
2.882000000000000000e+04 9.894010406920548117e-01 -9.352708702844219832e-04
2.882100000000000000e+04 9.205646920286280066e-01 -2.519457684456817559e-02
2.882200000000000000e+04 8.113005706587772536e-01 8.047496760735400878e-02
2.882300000000000000e+04 9.673111613616303117e-01 2.019848320773299719e-02
2.882700000000000000e+04 8.899124525235376781e-01 -5.145016048310514095e-02
2.882800000000000000e+04 7.847599874029612677e-01 -6.908861572910000859e-02
2.882900000000000000e+04 9.997486498532737187e-01 7.311900891186425000e-02
2.883000000000000000e+04 9.815995746732981697e-01 4.019176599031056007e-02
2.883100000000000000e+04 9.447412956026186581e-01 -8.669743479316696297e-03
2.885300000000000000e+04 8.193099946880860740e-01 -8.110405281086172091e-02
2.885400000000000000e+04 8.815167614617803737e-01 3.993398822437281559e-02
2.885500000000000000e+04 8.268820303947999051e-01 4.108823324935155508e-02
2.885600000000000000e+04 9.059926752576810127e-01 -7.854051475096851531e-03
2.888400000000000000e+04 9.132389236835983803e-01 1.236033937759188905e-01
2.888500000000000000e+04 8.967291405664538084e-01 -3.216017295973080253e-02
2.888600000000000000e+04 8.827019789534658045e-01 -4.543475818590750337e-02
2.888700000000000000e+04 8.529699795585701239e-01 9.021058938552810325e-03
2.888800000000000000e+04 8.592026397065476440e-01 5.435366317776186076e-03
2.888900000000000000e+04 8.646907823364270440e-01 1.568747328758961224e-02
2.889000000000000000e+04 7.429435608797310131e-01 -1.426801539660494007e-02
2.889100000000000000e+04 9.874434293518326022e-01 6.391843733390206728e-02
2.889300000000000000e+04 8.247028030405978427e-01 4.568386079709866460e-02
2.889400000000000000e+04 8.782094042472672335e-01 7.319153123664105809e-02
2.889500000000000000e+04 9.090459358683776747e-01 6.061958405722980142e-02
2.889600000000000000e+04 9.206388202952292543e-01 8.897208566754588599e-02
2.890700000000000000e+04 9.672505431722251412e-01 8.186221301294495031e-03
2.890800000000000000e+04 9.348498999826586608e-01 -2.416770765699297746e-03
2.890900000000000000e+04 9.808033149885976298e-01 5.101636125131413929e-02
2.891000000000000000e+04 9.551525774376032896e-01 -3.093551161008935638e-02
2.891100000000000000e+04 9.170876123028134375e-01 5.372744198013865158e-02
2.891200000000000000e+04 9.757597791878867000e-01 5.589902964064801839e-03
2.891300000000000000e+04 8.488247031627472738e-01 -5.674439976594646690e-02
2.891400000000000000e+04 8.300455142491209859e-01 -3.057799451758709541e-02
2.891500000000000000e+04 9.559681734654608132e-01 7.592504446870113055e-02
2.891600000000000000e+04 7.625095864768169918e-01 -1.067472128419595379e-01
2.891800000000000000e+04 9.720089486589166272e-01 2.857985179692239947e-02
2.891900000000000000e+04 9.578069522591307061e-01 -2.476987091378988343e-02
2.892000000000000000e+04 9.489089059470660059e-01 4.174737007319276327e-02
2.892100000000000000e+04 1.005861441442847504e+00 7.930178118942343701e-02
2.892200000000000000e+04 9.371535652750052625e-01 6.641646965382552725e-02
2.894600000000000000e+04 5.760712424452794078e-01 2.292143778426158907e-02
2.896700000000000000e+04 8.981261842891110625e-01 9.308533319055925515e-02
2.896800000000000000e+04 8.878982644897901455e-01 8.004467680109952910e-02
2.896900000000000000e+04 8.876997174229379617e-01 5.879829286230493085e-02
2.897000000000000000e+04 9.747238110053297877e-01 -4.565495845958447707e-02
2.897100000000000000e+04 9.230896355554111254e-01 1.264519604363395847e-02
2.897200000000000000e+04 9.529679730872767651e-01 2.683262846999406870e-02
2.897400000000000000e+04 9.610502969728960121e-01 6.699662060382366446e-02
2.897500000000000000e+04 9.734722192623164183e-01 1.409872630691875461e-01
2.897600000000000000e+04 9.589846223339481002e-01 1.028140536264185723e-01
2.897700000000000000e+04 9.769551155967252098e-01 7.235979348676882528e-02
2.897800000000000000e+04 1.001301190526846074e+00 -5.747962406097354218e-03
2.897900000000000000e+04 1.019827544806212627e+00 5.674168496986645854e-02
2.898000000000000000e+04 8.497713623109820480e-01 3.924081819624197776e-02
2.898100000000000000e+04 7.822432779645187573e-01 1.229544753751729419e-01
2.898900000000000000e+04 9.638940592185202272e-01 2.571664954104857861e-02
2.899000000000000000e+04 1.014372217025168554e+00 4.549175288651251953e-02
2.899200000000000000e+04 1.017268527000845024e+00 7.295028135136720493e-02
2.899300000000000000e+04 1.009732555207240257e+00 -4.318083770504789476e-02
2.899400000000000000e+04 1.084238079440610791e+00 1.376955559566722664e-02
2.899500000000000000e+04 9.220175863628150559e-01 -3.563099552495990058e-02
2.899600000000000000e+04 9.708021539634388297e-01 4.956548741862169816e-02
2.900000000000000000e+04 1.035072506172112661e+00 8.400880136260019393e-02
2.900100000000000000e+04 9.208579441910426100e-01 -3.809249381595774392e-02
2.900200000000000000e+04 9.235307000573133029e-01 -3.161557953928251230e-02
2.900300000000000000e+04 9.492903074100497163e-01 3.060686180707286250e-02
2.900400000000000000e+04 1.017783539261158721e+00 5.467484992772084218e-02
2.901900000000000000e+04 1.019913570085328791e+00 2.135502723833240801e-02
2.902000000000000000e+04 1.056244333939487134e+00 -5.400912210588813128e-02
2.902100000000000000e+04 9.197000187064724441e-01 3.284756775080308316e-03
2.902200000000000000e+04 9.584458329814332656e-01 -6.701618032589001794e-02
2.902400000000000000e+04 9.614377762517718473e-01 1.651926124807001073e-01
2.902500000000000000e+04 9.353043175305951751e-01 1.073768910963262685e-01
2.902600000000000000e+04 9.448130021131853074e-01 1.403509696630240167e-01
2.902700000000000000e+04 9.505207793187026022e-01 1.049018119477197059e-02
2.902800000000000000e+04 9.945416306727842271e-01 -2.195819570201886645e-02
2.902900000000000000e+04 9.401691094919597536e-01 -1.455013644762735009e-02
2.903000000000000000e+04 1.030426873865017745e+00 7.019428401877814139e-02
2.903100000000000000e+04 9.322912121642007444e-01 2.051027569058420236e-02
2.904200000000000000e+04 9.625164908607526382e-01 5.503498754051554254e-02
2.904300000000000000e+04 9.744060089281448844e-01 8.569036673844672436e-02
2.904400000000000000e+04 9.406296082838141448e-01 3.386988050986843718e-02
2.904500000000000000e+04 9.495980639470218421e-01 1.038211911966497036e-01
2.904700000000000000e+04 8.947272835740763819e-01 1.351900547983928558e-01
2.904800000000000000e+04 9.955458360847976307e-01 -5.668287567651745379e-02
2.904900000000000000e+04 1.070407842769610651e+00 -7.696977347099918931e-03
2.905000000000000000e+04 1.034116318697182457e+00 -9.641077248017358714e-02
2.905100000000000000e+04 1.089792006958790305e+00 -3.771504494604004110e-02
2.907000000000000000e+04 8.720736763023263505e-01 1.821240665490360955e-01
2.907100000000000000e+04 7.858847328996348969e-01 1.151430508934460778e-01
2.907200000000000000e+04 8.927030504279169776e-01 1.410114978437991551e-01
2.907300000000000000e+04 9.411928082771854331e-01 -4.348250959321237757e-02
2.907400000000000000e+04 9.012418359122849054e-01 -5.779434149123224146e-02
2.907500000000000000e+04 1.034915450164856976e+00 2.616729675711219200e-02
2.908700000000000000e+04 9.566059799888936288e-01 -2.781159328688630888e-02
2.908800000000000000e+04 8.991010724401854448e-01 1.140365898134386158e-01
2.908900000000000000e+04 9.494089201094193520e-01 -1.123756527960712882e-02
2.909100000000000000e+04 9.503088445887210023e-01 2.947662746849010612e-02
2.909200000000000000e+04 1.013068675830985477e+00 -5.353741727434473130e-02
2.909300000000000000e+04 9.604214768996500728e-01 6.113772368463350065e-03
2.909400000000000000e+04 1.096936690264548764e+00 1.093285231358505187e-02
2.909500000000000000e+04 1.063576939114033282e+00 -2.399993366179857535e-02
2.909600000000000000e+04 9.748188248118713206e-01 4.400442497894865856e-02
2.909700000000000000e+04 9.660811579968217044e-01 7.720501996641949971e-02
2.911600000000000000e+04 1.084851321949222624e+00 -3.867256528769279222e-02
2.911800000000000000e+04 9.223712623408290012e-01 5.351949002600844135e-02
2.911900000000000000e+04 9.233767091828308793e-01 1.094957413953178416e-01
2.912000000000000000e+04 1.006535329640701137e+00 3.135596222044897269e-02
2.912100000000000000e+04 1.139844108893726338e+00 -2.554709731330203487e-02
