1.838600000000000000e+04 8.397310412722012174e-01 -4.695897309349041787e-02
1.840600000000000000e+04 1.173027715744839217e+00 -8.139707023244005524e-02
1.841500000000000000e+04 1.142819844111765848e+00 -6.830906583551210609e-02
1.841600000000000000e+04 1.150302051408764070e+00 -2.797956898281627608e-02
1.841700000000000000e+04 9.639918968908320895e-01 -1.293364497212589302e-02
1.842200000000000000e+04 1.000539473969552340e+00 -5.151980843513315200e-02
1.847800000000000000e+04 2.867801923014915988e-01 3.886077177663662535e-02
1.848000000000000000e+04 8.027457739343182297e-01 6.145403090754562175e-02
1.852600000000000000e+04 7.956731911945593705e-01 -4.560028745235825132e-02
1.853600000000000000e+04 1.000000000000000000e+00 0.000000000000000000e+00
1.856100000000000000e+04 9.815954548352228137e-01 -8.117997693258546810e-02
1.856400000000000000e+04 1.036059182140435464e+00 -2.980882299793556969e-02
1.856900000000000000e+04 1.155915204006599639e+00 -4.546031755862616625e-02
1.857500000000000000e+04 1.000000000000000000e+00 0.000000000000000000e+00
1.857700000000000000e+04 1.062943516209688521e+00 -2.209082101519019292e-02
1.859800000000000000e+04 1.017497898904103470e+00 -3.902173575159756380e-02
1.860100000000000000e+04 1.045664366278507895e+00 -1.457807524987964620e-01
1.869300000000000000e+04 1.194607766869575594e+00 -9.974171422613611893e-02
1.869400000000000000e+04 1.141284469073859498e+00 -1.541740506375625097e-01
1.869500000000000000e+04 1.076120073579806435e+00 -8.918355280773984997e-03
1.869600000000000000e+04 1.000000000000000000e+00 0.000000000000000000e+00
1.872900000000000000e+04 1.092760809410369349e+00 -7.615896562309387892e-03
1.873000000000000000e+04 1.114765755586726526e+00 -9.652227925572926664e-03
1.878600000000000000e+04 1.114722709206944051e+00 -9.929942465824509457e-02
1.878700000000000000e+04 9.028142147485642699e-01 -8.983704577420176252e-02
1.887000000000000000e+04 9.182387098631554778e-01 -3.816825724559524263e-02
1.887100000000000000e+04 9.700634731704791403e-01 -7.115345616732574041e-02
1.887200000000000000e+04 7.800993998328535906e-01 1.521685353840523253e-02
1.887300000000000000e+04 1.053399551261187783e+00 2.799203726187902454e-03
1.887400000000000000e+04 8.766016665223296256e-01 3.362162255879876105e-02
1.888500000000000000e+04 9.711789015584995077e-01 -1.208545501224451632e-02
1.888600000000000000e+04 1.042137173066645994e+00 -9.592753823444163941e-02
1.888700000000000000e+04 1.170149796809394127e+00 -2.854723986497669300e-02
1.888800000000000000e+04 1.153564482474199071e+00 -4.595600008120175051e-02
1.888900000000000000e+04 9.314345674713494505e-01 -2.397271546643464646e-02
1.892800000000000000e+04 1.095791043799171360e+00 -1.666599921069828183e-01
1.893000000000000000e+04 1.073964780247199879e+00 1.501971232498894825e-02
1.894200000000000000e+04 1.023261162858965401e+00 -5.618905530555776129e-02
1.894300000000000000e+04 1.046635186420923347e+00 -1.278766788860936920e-01
1.894400000000000000e+04 6.220386800643468161e-01 9.815563312114611305e-02
1.894500000000000000e+04 9.738550910750447542e-01 -5.652651453385190011e-02
1.894600000000000000e+04 9.272977941946941582e-01 -1.364768733423370704e-02
1.894700000000000000e+04 1.035525023892914120e+00 -8.643932003172594136e-02
1.894800000000000000e+04 1.015774403118546720e+00 -1.270551820212053040e-01
1.895000000000000000e+04 1.112348221816508609e+00 -8.300708596328620903e-02
1.895100000000000000e+04 1.017200723586826783e+00 5.170755160824340793e-03
1.895200000000000000e+04 1.121447889050638080e+00 -3.427656132035880772e-03
1.898200000000000000e+04 1.000000000000000000e+00 0.000000000000000000e+00
1.899200000000000000e+04 1.019495359069111595e+00 -5.939480818892358543e-02
1.899400000000000000e+04 1.065625492247150419e+00 -1.761943007088102864e-01
1.899500000000000000e+04 1.347112605326826973e+00 -2.022419025806949378e-01
1.899600000000000000e+04 1.092259744480463146e+00 -2.998656606113681705e-02
1.899700000000000000e+04 1.159012078962181835e+00 -4.249497033866530410e-02
1.899800000000000000e+04 1.133615940565620983e+00 -1.618324430572733869e-02
1.899900000000000000e+04 1.156216671473417890e+00 -4.308706324491409778e-02
1.900200000000000000e+04 1.069840248774356350e+00 -9.416812583773852274e-02
1.900300000000000000e+04 1.080002709815358175e+00 -4.436618765821586513e-02
1.900400000000000000e+04 1.114337216672808273e+00 5.314848773536971771e-02
1.955100000000000000e+04 8.895776594193359754e-01 2.927384256733460768e-03
1.959100000000000000e+04 9.637854425509483347e-01 3.704639184700559557e-02
1.964500000000000000e+04 5.024561287605515680e-01 5.131793004939832342e-02
1.965200000000000000e+04 9.839096452712323693e-01 -2.775552270863309440e-02
1.978600000000000000e+04 4.214158056452456669e-01 -3.024224875176644706e-02
1.991700000000000000e+04 1.000000000000000000e+00 0.000000000000000000e+00
1.991800000000000000e+04 1.056220613993311241e+00 -3.990187232984468424e-02
1.991900000000000000e+04 7.709739173869959439e-01 -6.843896230576666795e-02
1.996300000000000000e+04 1.000000000000000000e+00 0.000000000000000000e+00
1.996500000000000000e+04 7.380807157393046714e-01 -3.659955645104191746e-02
1.997100000000000000e+04 6.336197051040829420e-01 4.239935404507196026e-02
1.999800000000000000e+04 1.000000000000000000e+00 0.000000000000000000e+00
2.000000000000000000e+04 9.638972234615951207e-01 1.566816449270044299e-03
2.000300000000000000e+04 9.613111907317910543e-01 -1.067153806197283783e-02
2.004500000000000000e+04 1.106102542913008246e+00 -7.474185020093040976e-02
2.004600000000000000e+04 1.000000000000000000e+00 0.000000000000000000e+00
2.004700000000000000e+04 1.048166446093252935e+00 -3.620967388175107271e-02
2.004800000000000000e+04 1.102505971385227435e+00 -7.442468207841285155e-02
2.004900000000000000e+04 1.065776193964242280e+00 -3.036199129468301547e-02
2.005000000000000000e+04 1.070719727473398164e+00 -3.532136027988402177e-02
2.005100000000000000e+04 1.017446557720512068e+00 1.004758778678696216e-02
2.007200000000000000e+04 9.461433876314543356e-01 8.114946696561002940e-03
2.007300000000000000e+04 9.268967979055189321e-01 1.932757817757983082e-02
2.007400000000000000e+04 1.065327972554425573e+00 2.401516733583116889e-02
2.007500000000000000e+04 1.043582836409550518e+00 -7.789807507781817963e-02
2.007600000000000000e+04 1.000000000000000000e+00 0.000000000000000000e+00
2.007700000000000000e+04 1.081349967358512520e+00 -6.349242775768629277e-02
2.007800000000000000e+04 1.097038584425373386e+00 -7.952139387272558202e-03
2.007900000000000000e+04 1.099285456939123495e+00 -1.135195561005519077e-02
2.008000000000000000e+04 1.074737213085604770e+00 -2.449337993194264027e-02
2.010000000000000000e+04 9.739020536456993726e-01 -2.311219000400584547e-02
2.010100000000000000e+04 1.159681780133264395e+00 -1.079567081057038191e-01
2.010200000000000000e+04 1.113113576602335231e+00 -1.267196216979885881e-01
2.010300000000000000e+04 1.124553353162144775e+00 -5.085255352813638358e-02
2.010400000000000000e+04 1.115987124552524579e+00 -2.516553404139256715e-03
2.010500000000000000e+04 1.144793964765824512e+00 -1.092484391161025470e-01
2.010700000000000000e+04 9.813360540090388939e-01 -1.026601774667265515e-01
2.010800000000000000e+04 1.028871122430549789e+00 -8.617155385057073680e-02
2.012300000000000000e+04 9.691124486120141768e-01 -1.584352383797900943e-01
2.012600000000000000e+04 1.000000000000000000e+00 0.000000000000000000e+00
2.012700000000000000e+04 1.155234931727948888e+00 -1.123341535384108497e-01
2.012800000000000000e+04 1.049942935399137856e+00 -2.033399302655775759e-02
2.014200000000000000e+04 1.064496235889382802e+00 -1.724104511763792369e-02
2.016300000000000000e+04 1.060490985326998148e+00 -3.224965983812530523e-02
2.021500000000000000e+04 1.000000000000000000e+00 0.000000000000000000e+00
2.021700000000000000e+04 1.009892420438725846e+00 -1.157569135918607300e-01
2.025000000000000000e+04 1.145334081667282122e+00 4.884784483107931091e-02
2.025100000000000000e+04 1.090853855476746181e+00 1.910963278844890131e-02
2.025200000000000000e+04 1.115268395548950853e+00 6.182228874739072871e-02
2.027400000000000000e+04 9.403021078886463213e-01 8.849980148237356070e-02
2.027500000000000000e+04 1.015134343222211299e+00 5.331149554142677188e-02
2.028100000000000000e+04 9.904517313011960145e-01 3.951090202643700589e-02
2.029000000000000000e+04 1.041362309365502226e+00 1.558190684891914979e-02
2.029100000000000000e+04 1.063304699806259634e+00 2.653922167629322107e-02
2.029700000000000000e+04 9.887626380905273349e-01 -5.185694042962120387e-02
2.029800000000000000e+04 1.000000000000000000e+00 0.000000000000000000e+00
2.029900000000000000e+04 1.032601777174862123e+00 -4.529658622237746346e-02
2.030000000000000000e+04 9.846575483685768848e-01 -1.991879267145768920e-02
2.031100000000000000e+04 8.163855154707314599e-01 2.030498827885582336e-02
2.031200000000000000e+04 9.768207974401357241e-01 -3.756324390193287871e-02
2.032000000000000000e+04 1.085190611300903551e+00 -8.651132788661060335e-02
2.032100000000000000e+04 1.038155588405557106e+00 -5.204429118879392441e-02
2.033200000000000000e+04 1.032403418576650189e+00 3.145707103002605420e-02
2.033900000000000000e+04 1.025858096616931725e+00 -9.306584127053776911e-02
2.034000000000000000e+04 1.000000000000000000e+00 0.000000000000000000e+00
2.034100000000000000e+04 1.074796955843465573e+00 -3.466503786211665161e-02
2.034200000000000000e+04 1.021866659250509013e+00 -8.561579348125301914e-02
2.034800000000000000e+04 1.142226425614617735e+00 -8.315648377549600401e-02
2.035500000000000000e+04 8.784475101709935396e-01 -3.549598367319243414e-02
2.035600000000000000e+04 9.324903608738579486e-01 3.378353408164485455e-02
2.036300000000000000e+04 9.405248178985244900e-01 -1.762110661427537806e-02
2.036400000000000000e+04 9.532586137901029044e-01 3.272385850169444443e-02
2.037900000000000000e+04 1.014314498456947877e+00 -6.801978013775467069e-02
2.038000000000000000e+04 4.458835230277138906e-01 -3.286630424361897118e-02
2.038600000000000000e+04 9.768788687392813141e-01 -2.838155910515168662e-02
2.038700000000000000e+04 9.917970349887909043e-01 -1.655441596990359782e-02
2.038800000000000000e+04 9.433771139579449905e-01 7.360311056418890330e-02
2.038900000000000000e+04 1.007752360288195481e+00 -5.654752154265925423e-03
2.040500000000000000e+04 9.091843438857727389e-01 -1.619097669447037285e-02
2.040600000000000000e+04 9.831091401066702762e-01 -5.065080849941848429e-02
2.040700000000000000e+04 1.031346689051842347e+00 -4.319491780944387932e-02
2.040800000000000000e+04 1.022152230500243952e+00 -5.847872049784224452e-02
2.041000000000000000e+04 1.093277196403244167e+00 -2.825588238145890913e-02
2.041300000000000000e+04 1.009400801991787722e+00 -3.416551703022165098e-04
2.041400000000000000e+04 9.938545731871617495e-01 1.786049891869672529e-02
2.042000000000000000e+04 1.206365768659044324e+00 -8.426053729052064567e-02
2.043900000000000000e+04 9.772257928719041420e-01 3.522022808945773215e-02
2.044000000000000000e+04 9.782316745469715746e-01 2.499433434559448011e-03
2.044100000000000000e+04 1.076773506993032647e+00 3.090849205500210278e-02
2.044200000000000000e+04 1.015761528118678036e+00 -2.214268124669891216e-02
2.044300000000000000e+04 1.046216504660993474e+00 -3.700820344407878409e-02
2.044400000000000000e+04 9.667608564116821901e-01 -3.341168656100264311e-02
2.044500000000000000e+04 1.002685284295551149e+00 4.397674580444073736e-03
2.044600000000000000e+04 9.836481834769501553e-01 5.747332085695856622e-03
2.045500000000000000e+04 1.258046182514031441e+00 -1.333001954286846535e-01
2.048100000000000000e+04 1.029770560159893211e+00 -4.009406384248193761e-02
2.048200000000000000e+04 1.074410492932537986e+00 -1.575545384490111694e-02
2.048500000000000000e+04 1.012157096372214848e+00 3.169765298173935625e-02
2.050400000000000000e+04 1.032202874668910475e+00 7.309585831723942710e-03
2.050500000000000000e+04 1.004527407732758837e+00 3.691448209186749124e-02
2.050600000000000000e+04 9.989984245502238069e-01 3.418509251746535641e-03
2.050700000000000000e+04 1.024019798462945552e+00 -3.493560851280648472e-02
2.050800000000000000e+04 9.784589901976882276e-01 -2.688614328714628715e-02
2.050900000000000000e+04 6.689283824409475443e-01 4.228787881955074421e-03
2.051300000000000000e+04 9.625162943551367478e-01 6.629246892264893665e-02
2.051500000000000000e+04 9.784269326409068546e-01 -8.766450424374950395e-05
2.051600000000000000e+04 9.511463539164317638e-01 -1.168041434779653470e-02
2.052000000000000000e+04 1.116145326685166861e+00 -1.531726702567768050e-01
2.054100000000000000e+04 9.407368017468363819e-01 -6.841361570352127996e-02
2.054300000000000000e+04 9.881831747070701777e-01 4.155389270878947355e-02
2.056100000000000000e+04 1.036647041069221231e+00 -1.774187500882471250e-02
2.056200000000000000e+04 1.110585745229162313e+00 -3.455929971958369984e-02
2.065300000000000000e+04 9.149385367049455153e-01 1.555003333296913967e-02
2.065400000000000000e+04 9.471344480607946092e-01 1.445036991221427744e-02
2.065500000000000000e+04 9.828169533878476916e-01 7.470097794720755024e-02
2.065600000000000000e+04 1.016388097806216972e+00 1.030407981892486960e-02
2.067500000000000000e+04 9.809902529138712080e-01 3.588986546541197281e-02
2.067600000000000000e+04 1.000989902449040736e+00 2.897676477970623915e-02
2.067700000000000000e+04 1.031815631062277250e+00 3.692728673297160369e-02
2.067800000000000000e+04 1.058107545969734220e+00 6.319481243924690399e-03
2.069000000000000000e+04 9.609900881823437713e-01 -3.197765895367635919e-02
2.069100000000000000e+04 9.091920091884085897e-01 9.561343219189730180e-02
2.069200000000000000e+04 1.043972993695704732e+00 5.608937204575854124e-03
2.069300000000000000e+04 9.971675101322121648e-01 5.259558832833042402e-02
2.069800000000000000e+04 1.000000000000000000e+00 0.000000000000000000e+00
2.069900000000000000e+04 9.889078374740953858e-01 1.481984629180048765e-03
2.071100000000000000e+04 9.793919087997655648e-01 2.260885913326645541e-02
2.071200000000000000e+04 1.008340674285663763e+00 3.571568493400500977e-02
2.071300000000000000e+04 9.821325354989643985e-01 -2.316874945769917260e-02
2.071400000000000000e+04 1.013953026716690520e+00 4.225829379841610639e-02
2.071500000000000000e+04 9.166289156432432250e-01 7.918916161852283114e-03
2.071600000000000000e+04 9.701463966203179856e-01 -1.730282231198317783e-02
2.073000000000000000e+04 8.787575580487937410e-01 5.314027229530020324e-02
2.073100000000000000e+04 9.545290134579350605e-01 1.143361596775954725e-01
2.073300000000000000e+04 1.074554761822239746e+00 -1.795940320915852956e-02
2.073400000000000000e+04 9.832865179428340596e-01 4.952348884971994464e-02
2.073500000000000000e+04 9.961092713473460591e-01 -7.583735594580776063e-02
2.073600000000000000e+04 1.001786513883177188e+00 3.119409338437733811e-02
2.073800000000000000e+04 9.390095515042333751e-01 -4.632194480525295838e-02
2.073900000000000000e+04 1.000000000000000000e+00 0.000000000000000000e+00
2.075600000000000000e+04 9.527101839510710990e-01 -3.004003271703370795e-02
2.075700000000000000e+04 9.853343161545805584e-01 -3.104583367278660605e-02
