4.955800000000000000e+04 1.073289295081045314e+00 -1.017123552011249960e-01
4.955900000000000000e+04 9.931589907256354044e-01 -1.426457152402024198e-01
4.956000000000000000e+04 9.903712491652952865e-01 -5.208686317587130771e-02
4.956700000000000000e+04 9.898083111715276772e-01 2.014515548159478628e-02
4.956800000000000000e+04 1.103026965471433307e+00 -1.757418972259255224e-02
4.956900000000000000e+04 1.038085066303034765e+00 1.248430514641475468e-02
4.957000000000000000e+04 1.113315163089696025e+00 6.527108273126931703e-02
4.957100000000000000e+04 1.135177669645509591e+00 3.247385196707749250e-03
4.957200000000000000e+04 1.099884707300867515e+00 7.260248144554448668e-02
4.957300000000000000e+04 1.181045860905209910e+00 7.912159739974859718e-02
4.957400000000000000e+04 1.135358914937875552e+00 5.826668226597726125e-02
4.957500000000000000e+04 1.046764422176798659e+00 -6.856302108472221712e-02
4.957600000000000000e+04 9.530759656437725047e-01 -1.166013193886439314e-01
4.957700000000000000e+04 9.734862336399219274e-01 -1.921965742385227105e-01
4.958000000000000000e+04 1.019439629279609072e+00 -1.902474934620195235e-01
4.958100000000000000e+04 1.064782162257945197e+00 -1.943617255135821897e-01
4.959000000000000000e+04 1.064003086413549015e+00 -2.495758842547762466e-02
4.959100000000000000e+04 1.115870935633813232e+00 -1.114936840980110394e-01
4.959200000000000000e+04 1.114659071718240302e+00 7.742302165390303748e-02
4.959300000000000000e+04 1.128088607090634410e+00 8.929155467562110982e-02
4.959400000000000000e+04 1.179174248468171537e+00 5.457223928590450301e-02
4.959500000000000000e+04 1.116140215917854173e+00 8.162428714770328386e-02
4.959600000000000000e+04 9.659537424319522003e-01 -9.020953883107107885e-02
4.959700000000000000e+04 9.711423545330801765e-01 -9.610225094033825188e-02
4.959800000000000000e+04 9.184440250927855542e-01 -9.881359159069509623e-02
4.959900000000000000e+04 8.219378972871248523e-01 -4.103354871988294794e-02
4.960100000000000000e+04 1.012630817497262026e+00 -1.665443448089741763e-01
4.960200000000000000e+04 1.014019040866337873e+00 -1.468142881177454673e-01
4.961400000000000000e+04 1.034880114719897826e+00 -5.840177260571626644e-02
4.961500000000000000e+04 1.091326892302735718e+00 -4.974790030868623397e-02
4.961600000000000000e+04 1.064360046527395243e+00 -7.789310022767605146e-02
4.961700000000000000e+04 1.145175639431748049e+00 4.249830237598092864e-02
4.961800000000000000e+04 1.156921959388640175e+00 3.861025099886145062e-02
4.961900000000000000e+04 1.168199475940098431e+00 6.377512986853862975e-02
4.962000000000000000e+04 1.169783951587616944e+00 7.861321586287821350e-02
4.962100000000000000e+04 1.062961582809939909e+00 4.921603918924248589e-02
4.962200000000000000e+04 1.002253100991612467e+00 -1.074639410019872787e-01
4.962300000000000000e+04 9.644976206328812474e-01 -6.965360725136044828e-04
4.962500000000000000e+04 8.810316541073662799e-01 -7.392430349706609338e-02
4.962600000000000000e+04 1.001187428829580783e+00 -1.654142081274292408e-01
4.963000000000000000e+04 1.055974067732005528e+00 -2.463096292096682571e-01
4.963200000000000000e+04 1.110175188647907429e+00 -7.121255413418106639e-02
4.964100000000000000e+04 1.004244845523462271e+00 5.054071945525388278e-04
4.964200000000000000e+04 1.075937523671546048e+00 -6.617466181373043987e-02
4.964300000000000000e+04 1.163115222484550237e+00 1.258025696550782446e-01
4.964400000000000000e+04 1.093901903430648082e+00 1.217266998272331507e-01
4.964500000000000000e+04 1.116239929779042628e+00 7.211227462219918505e-02
4.964600000000000000e+04 1.172353809521168966e+00 1.531605555376181482e-01
4.964700000000000000e+04 1.080307378257229223e+00 1.412739902031628358e-01
4.965900000000000000e+04 1.056938028168577182e+00 -7.817864383861802824e-02
4.966000000000000000e+04 1.153870809934242736e+00 -7.796950796226348457e-02
4.966100000000000000e+04 1.076129263621859344e+00 1.391403274217123398e-01
4.966200000000000000e+04 1.135364234280067608e+00 1.208487225783942132e-01
4.966300000000000000e+04 1.103912980779461872e+00 1.146768080484503322e-01
4.966400000000000000e+04 1.160883744950043095e+00 1.442387546515775942e-01
4.966500000000000000e+04 1.155317254724721687e+00 1.017874360804927880e-01
4.966600000000000000e+04 9.883163374938386259e-01 -6.818311674201367467e-02
4.966700000000000000e+04 9.974568006294108891e-01 -7.832448665575722502e-02
4.966800000000000000e+04 1.012432516980804609e+00 -9.112626234494097810e-02
4.966900000000000000e+04 9.445878376407286225e-01 -7.211571649845771592e-02
4.967000000000000000e+04 1.012025876619897735e+00 -5.228356772373615735e-02
4.967200000000000000e+04 9.968858132248408221e-01 -1.681200192948000827e-01
4.967300000000000000e+04 1.002390651169148716e+00 -2.273268277954462180e-01
4.968400000000000000e+04 1.082807727239915030e+00 -7.451525641855435977e-02
4.968500000000000000e+04 1.119863912699439856e+00 -6.973748080658070947e-02
4.968600000000000000e+04 1.062855936070841167e+00 9.758381721120107377e-02
4.968700000000000000e+04 1.093314926120080299e+00 8.514247706077124334e-02
4.968800000000000000e+04 1.084676290844043045e+00 5.860002129827493467e-02
4.968900000000000000e+04 1.187263852991609303e+00 9.867040084001925393e-02
4.969000000000000000e+04 1.083919591629106227e+00 9.417788880848033950e-02
4.969100000000000000e+04 1.098194331735863338e+00 7.021002084078272268e-03
4.969200000000000000e+04 1.023217369360786000e+00 -1.167314185624227091e-01
4.969300000000000000e+04 1.060179231873904060e+00 -7.926795398806757431e-02
4.969800000000000000e+04 1.088608251964301665e+00 -1.287728452583415950e-01
4.971100000000000000e+04 9.685711022603658016e-01 -2.483020506843505379e-03
4.971300000000000000e+04 9.751823680738644917e-01 -9.297947130236135227e-02
4.971500000000000000e+04 1.163001408713316476e+00 -1.217275947036932163e-02
4.971600000000000000e+04 1.316050716113565944e+00 5.636250693048167060e-02
4.971700000000000000e+04 1.093735731067153383e+00 -3.138720273367402031e-02
4.971800000000000000e+04 1.037721915327194599e+00 -6.004784937449429705e-02
4.972000000000000000e+04 1.012742770357529132e+00 -1.246383735358694705e-01
4.972200000000000000e+04 1.009805163730278732e+00 -1.315958969046148175e-01
4.972300000000000000e+04 1.076457557822587008e+00 -8.117250108537037157e-02
4.972400000000000000e+04 1.070178549124282785e+00 2.641623906485298344e-03
4.972500000000000000e+04 9.512833669302540596e-01 5.237941595277061102e-02
4.973200000000000000e+04 1.151978936845233559e+00 1.492001005404815228e-01
4.973300000000000000e+04 1.140859512193701741e+00 1.201423851723874003e-01
4.973400000000000000e+04 1.143980630733995030e+00 1.461073220534934713e-01
4.973500000000000000e+04 1.122366403941052138e+00 9.193954769522168224e-02
4.973600000000000000e+04 9.570758710770370659e-01 -1.228356246013505848e-01
4.973700000000000000e+04 1.085105770188180330e+00 -7.485338118200893232e-02
4.973800000000000000e+04 9.990928402273731024e-01 -8.607180153742427509e-02
4.973900000000000000e+04 1.010937146662687525e+00 -1.556655800827536629e-01
4.974100000000000000e+04 9.649756486916654108e-01 -4.445624361429445504e-02
4.974200000000000000e+04 9.614364801876232880e-01 5.649590905283008620e-04
4.974300000000000000e+04 9.790646019282592816e-01 2.844566689673009088e-02
4.975300000000000000e+04 1.171041716100318375e+00 1.201875480599780555e-01
4.975400000000000000e+04 1.124345174399403291e+00 9.015673675730881409e-02
4.975500000000000000e+04 9.802175902662141338e-01 -7.712373995511702385e-02
4.975700000000000000e+04 1.037950806995896702e+00 -2.869889085895487718e-02
4.976100000000000000e+04 1.082974989810078448e+00 -6.166605046079954439e-02
4.976200000000000000e+04 1.024679676055889832e+00 -1.282834404124785777e-01
4.976300000000000000e+04 1.007353272915970432e+00 -8.438947540737370967e-02
4.977000000000000000e+04 1.126507321128669803e+00 7.120418897325313246e-02
4.977100000000000000e+04 9.501943770470169248e-01 -1.684854571963146086e-01
4.977200000000000000e+04 9.713168495804599401e-01 -1.468714314680837074e-02
4.977600000000000000e+04 1.010211816151114217e+00 -1.534664319379749065e-01
4.977700000000000000e+04 1.047399507838887800e+00 -2.062135510707361064e-01
4.977800000000000000e+04 1.030304077481926761e+00 -3.048540302180366424e-02
4.977900000000000000e+04 1.075790201899822662e+00 -4.968078191557308287e-02
4.979500000000000000e+04 1.117820603751732644e+00 -2.480938129244083246e-01
4.981000000000000000e+04 1.069557306791629969e+00 -4.277851194633419674e-02
4.981100000000000000e+04 1.137423960621057439e+00 2.643841137897176216e-02
4.981200000000000000e+04 9.706876388457402749e-01 -9.565927877519722622e-02
4.981300000000000000e+04 8.615435121385607298e-01 -1.836667357865800487e-01
4.981700000000000000e+04 9.923993210667089171e-01 -7.614920471228435461e-02
4.982800000000000000e+04 1.035556472016611940e+00 5.055676148299238781e-02
4.982900000000000000e+04 9.818117301409340358e-01 -9.287381496649248225e-02
4.983200000000000000e+04 1.013668442633671063e+00 -3.105582021617846883e-02
4.985000000000000000e+04 1.064573892284588430e+00 -1.022202142952840370e-02
4.985100000000000000e+04 9.539461391702862558e-01 -1.202375420316365712e-01
4.985200000000000000e+04 8.621653944598588470e-01 1.494322944353848777e-02
4.989800000000000000e+04 8.630523146493794817e-01 -8.502302417498197595e-02
4.995900000000000000e+04 1.158873343249381849e+00 9.871645272389456549e-02
4.996000000000000000e+04 9.362316566513092519e-01 -7.088990644456641399e-02
4.998400000000000000e+04 1.101285478218280378e+00 7.292440903501165583e-02
4.998500000000000000e+04 9.427881538219644586e-01 -9.975387424678022752e-02
4.998600000000000000e+04 1.039801354576174841e+00 -6.377707712454729061e-02
4.999600000000000000e+04 1.056983531638393536e+00 -5.645781645726544867e-02
4.999700000000000000e+04 1.100111596391516677e+00 4.466873160274060367e-02
4.999800000000000000e+04 9.437300130281670585e-01 -2.133949619630423344e-01
4.999900000000000000e+04 1.148187315330817970e+00 -5.925729692467200140e-03
5.000900000000000000e+04 1.010911494195567029e+00 -6.608749599631577598e-03
5.004600000000000000e+04 1.006649877425586537e+00 -3.549255792357648015e-02
5.004900000000000000e+04 1.006204815321003920e+00 -6.441401321650538914e-02
5.005000000000000000e+04 1.070755444455834704e+00 -4.817458381029424141e-02
5.005600000000000000e+04 9.879657919858613191e-01 -1.312965776771850834e-01
5.005700000000000000e+04 1.004430343081780475e+00 -1.855019819470759834e-01
5.006400000000000000e+04 9.748640937094381620e-01 -1.006653803386526880e-01
5.006500000000000000e+04 1.039256531598943489e+00 -4.075886812993871622e-02
5.006600000000000000e+04 1.017799212072263204e+00 -4.198637059210463124e-02
5.006900000000000000e+04 1.043734087914185427e+00 -1.208405153063610432e-01
5.007000000000000000e+04 1.027886534184338840e+00 2.098544073908285845e-02
5.008900000000000000e+04 9.763879580002224889e-01 -2.840404714668232078e-01
5.011200000000000000e+04 8.300986650821137181e-01 -1.117467108113538998e-01
5.011600000000000000e+04 8.497855724726872673e-01 -5.292512699174131002e-02
5.011700000000000000e+04 9.614144539040813120e-01 -1.354619363523145055e-02
5.011800000000000000e+04 1.015206064551678278e+00 -8.592367462248069743e-04
5.011900000000000000e+04 1.004102673810040702e+00 -1.164605547852610584e-01
5.013000000000000000e+04 9.333241783035497452e-01 1.794326092323428670e-02
5.013100000000000000e+04 1.064982437451838182e+00 -9.576282385388118490e-02
5.013200000000000000e+04 9.339777065189930338e-01 -6.921005738415458852e-02
5.016400000000000000e+04 6.532848730656545255e-01 -3.232556878438544445e-02
5.016500000000000000e+04 8.045562340595723283e-01 -3.043107932734103252e-03
5.018000000000000000e+04 8.659432452242992184e-01 -7.654593138952917042e-02
5.029500000000000000e+04 1.212100518871736199e+00 1.406234108516959680e-01
5.030400000000000000e+04 1.177126081823256509e+00 1.092902446997235516e-01
5.030500000000000000e+04 1.086043635718901168e+00 8.679576194242472065e-02
5.030600000000000000e+04 1.394726375502504112e+00 1.772285149512466129e-01
5.030700000000000000e+04 1.093458774449472815e+00 2.754742290959621281e-02
5.030800000000000000e+04 1.259568605041301970e+00 1.135503035837971825e-01
5.030900000000000000e+04 1.119492533003207946e+00 -6.245890746996828058e-02
5.031000000000000000e+04 9.941838114734082854e-01 -8.647542158255858147e-02
5.032000000000000000e+04 1.171752068090624377e+00 1.403436277718318193e-01
5.032100000000000000e+04 8.922902222821581519e-01 -9.068698440539944838e-03
5.032300000000000000e+04 1.017553543327091692e+00 9.125341020827260063e-02
5.032400000000000000e+04 1.014129344006886813e+00 1.860314256960968193e-02
5.032500000000000000e+04 1.019092048611861978e+00 -4.138990158929243407e-02
5.032600000000000000e+04 8.909121123841625689e-01 -1.696323655281842951e-02
5.032700000000000000e+04 9.884657679835402444e-01 -1.063535157995337682e-01
5.032800000000000000e+04 1.101948019251358213e+00 5.217096668684789718e-02
5.033700000000000000e+04 9.297571483512551138e-01 -1.278739857134143787e-01
5.034300000000000000e+04 1.084478258420790153e+00 -8.655406057620437799e-02
5.034400000000000000e+04 1.049613183238427006e+00 -3.603045392421891369e-02
5.034500000000000000e+04 1.137106699845491731e+00 2.490260656838426748e-02
5.034600000000000000e+04 1.078665852235365152e+00 -1.028001818414657487e-01
5.035300000000000000e+04 1.089798225952855359e+00 -1.799201935278644526e-01
5.035500000000000000e+04 9.536603448570277752e-01 6.514242446514063520e-03
5.035700000000000000e+04 1.039756377496050987e+00 6.018428038414229408e-02
5.036000000000000000e+04 1.166706214713946199e+00 9.269010521862834640e-02
5.036200000000000000e+04 9.940722377942894372e-01 -1.178402240368575382e-01
5.036300000000000000e+04 1.014790770112466767e+00 -1.234836531823186312e-01
5.040100000000000000e+04 9.173403408346272325e-01 -2.833203870659746493e-02
5.044800000000000000e+04 1.038597515364848345e+00 -1.301294782612816836e-01
5.044900000000000000e+04 1.145747407408743923e+00 -4.805777269901073678e-02
5.045000000000000000e+04 8.416848788538248138e-01 -2.120365038316265882e-03
5.045600000000000000e+04 9.727019236678043912e-01 -1.539724627905834087e-01
5.045900000000000000e+04 1.014724772768895500e+00 -1.819377073192952332e-01
5.046000000000000000e+04 9.837798629061986766e-01 -2.056520675457419733e-01
5.046100000000000000e+04 9.390307497812691029e-01 -2.498727085913258761e-01
5.047100000000000000e+04 9.154450665038784685e-01 -1.940940514490381852e-01
5.047300000000000000e+04 9.004611108451133772e-01 1.503471172069767783e-02
5.047400000000000000e+04 1.061926315684720734e+00 -5.172193557586750312e-02
5.048000000000000000e+04 1.025944625619151784e+00 -1.627852636318536106e-01
5.048500000000000000e+04 1.013351407313390462e+00 -7.642309151521715915e-02
5.048600000000000000e+04 1.030495715004908774e+00 -5.908371638398303427e-02
5.052100000000000000e+04 1.194439051227579096e+00 6.484745402399053060e-02
5.067800000000000000e+04 1.001503405766712707e+00 -8.238683697214643775e-02
5.126400000000000000e+04 8.782689211663680107e-01 -9.714892485667167565e-02
5.131700000000000000e+04 8.694157520657564975e-01 6.656807654140085850e-02
