2.202400000000000000e+04 1.043117448718499540e+00 7.949799408817280477e-02
2.202500000000000000e+04 9.776631131111237494e-01 1.961094389963801976e-01
2.202600000000000000e+04 8.688383398828393167e-01 3.242969766736944481e-01
2.202700000000000000e+04 9.769145782318731097e-01 2.199757797934260850e-01
2.202800000000000000e+04 9.897637027614364369e-01 7.529118921377746243e-02
2.202900000000000000e+04 9.674786020161795230e-01 -5.870670811434133135e-02
2.203000000000000000e+04 9.959713603112182456e-01 4.866672293513851950e-03
2.203100000000000000e+04 9.666142061452676071e-01 1.657746886989892865e-02
2.203200000000000000e+04 1.074636504635604339e+00 -1.581489854598572276e-02
2.203300000000000000e+04 1.038836831286100937e+00 -3.192796557654078299e-02
2.203400000000000000e+04 1.186917540400748372e+00 -7.906832025388653429e-02
2.204100000000000000e+04 1.291199932936413663e+00 3.830029746903174104e-02
2.204400000000000000e+04 1.197918619793620243e+00 -5.367913079086070183e-02
2.204500000000000000e+04 1.106535815553594704e+00 1.847858759063791823e-01
2.204600000000000000e+04 1.125205780094216790e+00 2.087666803792000980e-01
2.204700000000000000e+04 1.107552101793984667e+00 1.609649082533335940e-01
2.204800000000000000e+04 1.185929581278720280e+00 9.511685249236170869e-02
2.204900000000000000e+04 1.087566784072613091e+00 2.858573852829059125e-02
2.205000000000000000e+04 1.088751315371579764e+00 1.325720713073974544e-01
2.205200000000000000e+04 1.126788891673397686e+00 5.999014827297082658e-02
2.205300000000000000e+04 9.896469358348227718e-01 -5.138384299913414249e-02
2.205500000000000000e+04 1.100103490887690771e+00 -1.431928863597824453e-01
2.206100000000000000e+04 9.840246905076216466e-01 3.223275664099269772e-02
2.206200000000000000e+04 1.061937457969145626e+00 6.555405541384305701e-02
2.206300000000000000e+04 1.004599188179356561e+00 7.885705771961214194e-02
2.206400000000000000e+04 9.504548948457578472e-01 1.723517330224860478e-01
2.206600000000000000e+04 5.634974526099758574e-01 5.815182098788324039e-02
2.206700000000000000e+04 7.736609283370650125e-01 8.701056832187119283e-02
2.206800000000000000e+04 3.770109395248534834e-01 1.323034688644208201e-01
2.207000000000000000e+04 9.275895307285172420e-01 2.073968736709514565e-02
2.207100000000000000e+04 9.503439648609287582e-01 1.094431247875897462e-01
2.207200000000000000e+04 9.585953021639695981e-01 7.469954854918565978e-02
2.207300000000000000e+04 8.676218008384064539e-01 1.325283361498936878e-02
2.208300000000000000e+04 9.846309895382598931e-01 7.187898723190906669e-02
2.208700000000000000e+04 9.834842279074865745e-01 1.801349149147336570e-01
2.208800000000000000e+04 9.437822913436572092e-01 7.791458569944248458e-02
2.208900000000000000e+04 1.027482715017912662e+00 1.649381369936244179e-01
2.209000000000000000e+04 6.519370462389149079e-01 4.983237911044986757e-02
2.209100000000000000e+04 6.434655202093015891e-01 8.199083200370965718e-02
2.209200000000000000e+04 9.196644544856114045e-01 3.164204341944564236e-01
2.209300000000000000e+04 9.575697460189542820e-01 1.786394717231766238e-01
2.209400000000000000e+04 8.872545955366479831e-01 1.461664721378061194e-01
2.209500000000000000e+04 9.524446764233065466e-01 -2.337245149978798425e-02
2.209600000000000000e+04 8.700417534179241130e-01 1.607173145394408531e-01
2.209700000000000000e+04 9.384950541755018305e-01 6.130960080438764559e-02
2.209800000000000000e+04 1.007974034636474503e+00 3.777636324695386044e-02
2.210600000000000000e+04 1.160936932951295519e+00 8.515526720402913363e-02
2.210900000000000000e+04 1.112303412742059905e+00 3.872175502607268921e-02
2.211000000000000000e+04 1.002907911017099751e+00 5.540707311929215367e-02
2.211300000000000000e+04 1.086417388444774312e+00 1.548576023368801458e-01
2.211400000000000000e+04 1.062903420774973240e+00 2.209998359354989061e-01
2.211500000000000000e+04 1.115154868108590547e+00 1.239336102842862747e-01
2.211700000000000000e+04 1.017496875727696759e+00 3.521733592140158936e-02
2.211800000000000000e+04 1.041602793413850758e+00 9.995370531744186826e-02
2.211900000000000000e+04 1.076650013297497210e+00 2.128815955207709679e-02
2.212100000000000000e+04 1.151109184330594282e+00 3.273176848640446668e-02
2.212300000000000000e+04 1.567108890583640779e+00 2.253592346752347070e-02
2.213300000000000000e+04 1.020036445521196544e+00 -1.412701994701919816e-01
2.213900000000000000e+04 1.026966288784215697e+00 8.529381647381059639e-02
2.214000000000000000e+04 1.033811692930913573e+00 2.134206960361018091e-02
2.214100000000000000e+04 9.451831935917298644e-01 -5.598721641278539551e-02
2.214200000000000000e+04 1.010377015132301715e+00 -3.592927802065765119e-02
2.214300000000000000e+04 9.461167762423807748e-01 5.118840176299181699e-02
2.214400000000000000e+04 1.065101673721831732e+00 1.032759493246094076e-02
2.214500000000000000e+04 1.326763279851559174e+00 2.887277113506909326e-02
2.215300000000000000e+04 1.126311501566816364e+00 9.777805009597982655e-03
2.215600000000000000e+04 1.078329274842739327e+00 1.750611618339138476e-01
2.215700000000000000e+04 1.023883807351376296e+00 2.356536436831123682e-01
2.215800000000000000e+04 1.069763928171832745e+00 -8.135733285242464224e-03
2.215900000000000000e+04 1.002551302062574923e+00 8.234984237198657298e-02
2.216100000000000000e+04 1.090120419949082819e+00 2.143121835570189343e-02
2.216200000000000000e+04 9.775633415160278616e-01 4.311513107733979527e-02
2.217100000000000000e+04 8.977267904260521902e-01 2.326209120298104449e-01
2.217200000000000000e+04 8.945610702758620691e-01 2.708975376481342345e-01
2.217300000000000000e+04 9.367212329877525612e-01 1.352225808384033834e-01
2.217400000000000000e+04 8.865113178497953106e-01 6.611994714791123717e-02
2.217500000000000000e+04 9.557007888076258784e-01 7.228822045668169272e-02
2.217600000000000000e+04 9.659566704692343908e-01 5.233152748044907210e-02
2.217700000000000000e+04 8.462631246292307008e-01 1.532980997059207873e-02
2.218300000000000000e+04 9.340295111147806084e-01 2.422073152171099752e-01
2.218400000000000000e+04 8.920742226191997748e-01 2.775175648842955756e-01
2.218500000000000000e+04 9.422614587096254102e-01 1.944088016574733735e-01
2.218600000000000000e+04 8.789861240399911013e-01 1.321928206320611143e-01
2.219000000000000000e+04 9.091193206847434372e-01 5.208768710282198761e-02
2.219300000000000000e+04 8.548820221784715345e-01 7.786552327062154499e-02
2.219400000000000000e+04 7.452649197694970473e-01 -1.668870534840046771e-01
2.220200000000000000e+04 9.706894011804266809e-01 2.583884140153991926e-01
2.220300000000000000e+04 1.028046486666628123e+00 1.374128031837361374e-02
2.220400000000000000e+04 1.087073286808130979e+00 7.933830200058374083e-02
2.220500000000000000e+04 1.182917263457120560e+00 -6.092087953586958898e-02
2.220700000000000000e+04 1.409131187284616615e+00 -1.789532576457338736e-02
2.220800000000000000e+04 2.107934489527590660e+00 -1.906544194425272010e-02
2.221800000000000000e+04 1.184422692584681025e+00 9.108347200152995884e-03
2.222100000000000000e+04 2.481323668042374031e+00 7.891802390577198900e-02
2.223100000000000000e+04 1.079468440500829907e+00 -4.028281888106183956e-03
2.223200000000000000e+04 1.211788806991556111e+00 7.296461987840181795e-03
2.224000000000000000e+04 8.003738498931515233e-01 -1.756537057334238774e-02
2.232600000000000000e+04 9.189733077379934612e-01 1.119463395118267535e-01
2.232700000000000000e+04 1.001431122387365535e+00 9.030221981603257786e-02
2.234200000000000000e+04 1.032519685320754776e+00 1.175580585818934570e-01
2.234300000000000000e+04 8.125325490766194259e-01 4.979896397841582917e-02
2.234400000000000000e+04 9.530781923071844908e-01 2.089296206148613388e-01
2.234500000000000000e+04 9.136426688250670614e-01 2.104808381818238927e-01
2.236000000000000000e+04 9.851164765436773996e-01 8.665577628939739874e-02
2.236200000000000000e+04 9.630978049120016982e-01 9.605598436222843872e-02
2.236400000000000000e+04 9.061568252846090576e-01 -8.033647797804472322e-04
2.237400000000000000e+04 9.954114575380963448e-01 1.802456846209979091e-01
2.237600000000000000e+04 9.402751464735771281e-01 6.694661383819439093e-02
2.237700000000000000e+04 1.047988801985463736e+00 1.393252644031834353e-01
2.237800000000000000e+04 8.968479228998014197e-01 4.512474129846378267e-03
2.237900000000000000e+04 1.009797869665759240e+00 1.042897826303033765e-01
2.238000000000000000e+04 9.451314876809099319e-01 -1.392915849846641796e-01
2.238600000000000000e+04 1.077442490251556251e+00 1.638095428043639945e-02
2.238800000000000000e+04 1.034289296390868751e+00 1.516029811193770060e-01
2.238900000000000000e+04 1.120777133507524725e+00 -1.059507426839317173e-02
2.239000000000000000e+04 1.132497684900622081e+00 1.949845770019424662e-02
2.239100000000000000e+04 1.038136380439159678e+00 1.705625862915293722e-01
2.239200000000000000e+04 1.056151933488444605e+00 1.215966425868993533e-01
2.239300000000000000e+04 9.745937540270968036e-01 -2.246605890663384147e-02
2.239400000000000000e+04 1.081282096575851392e+00 -2.678237682150580445e-02
2.239500000000000000e+04 1.021797764206034520e+00 -3.029895860693253111e-03
2.239600000000000000e+04 1.026408082486059303e+00 -1.801041375323875551e-02
2.240700000000000000e+04 1.524716659578918998e+00 -1.270432507824187651e-01
2.241000000000000000e+04 1.411563812597384171e+00 4.348134005945778618e-02
2.241200000000000000e+04 1.512562472198627495e+00 1.125702754550907993e-02
2.241300000000000000e+04 1.419899655718504627e+00 1.255325032671948393e-01
2.241400000000000000e+04 1.293378936363315912e+00 1.649535994602757960e-01
2.241500000000000000e+04 1.514069923125739958e+00 -2.058715962222701368e-02
2.241600000000000000e+04 1.455345428725302259e+00 -3.148027295846982793e-02
2.242800000000000000e+04 3.702184183252017036e+00 -3.940908559030145003e-02
2.243000000000000000e+04 2.187974000934223007e+00 -4.591530147301633308e-02
2.243200000000000000e+04 1.866159236090104923e+00 2.381474006586138323e-02
2.243400000000000000e+04 1.452941550862686615e+00 1.688361571127922622e-01
2.243500000000000000e+04 1.379395168628537949e+00 1.254281766078389759e-01
2.243600000000000000e+04 1.321175481735037627e+00 1.984612404242164785e-01
2.243800000000000000e+04 1.488920386185835332e+00 8.493658379248607282e-02
2.244000000000000000e+04 1.624706224481541339e+00 -3.001747684726326429e-02
2.244100000000000000e+04 1.459193267605279676e+00 9.739867520119241395e-02
2.245100000000000000e+04 1.309974272271700046e+00 6.872057222103208907e-02
2.245200000000000000e+04 1.308538304272813368e+00 6.404195821791454357e-02
2.245300000000000000e+04 1.389870561324023202e+00 -2.926873907235061356e-03
2.245400000000000000e+04 1.429429435167958617e+00 -6.619742907321775338e-02
2.245500000000000000e+04 1.477554023668187888e+00 -3.654426280282328104e-02
2.245600000000000000e+04 1.339333645471749712e+00 -3.671746933686208247e-02
2.245700000000000000e+04 1.214025339225579314e+00 7.129209952362981773e-02
2.245800000000000000e+04 1.162472168325425548e+00 1.287573146209468056e-01
2.245900000000000000e+04 1.073623044366093238e+00 1.651375807663142958e-01
2.246000000000000000e+04 1.275380157893201583e+00 3.015768191199748316e-02
2.246200000000000000e+04 1.254510436238792659e+00 -8.937323718101844450e-02
2.246300000000000000e+04 1.301199300947832871e+00 -5.683004484452810340e-02
2.246400000000000000e+04 1.307105186326607882e+00 -2.731844374232803366e-02
2.246500000000000000e+04 1.247135735452261862e+00 -1.854291473412733593e-03
2.247500000000000000e+04 1.594321771715603075e+00 -2.978677219348134161e-02
2.247600000000000000e+04 1.528986547762077430e+00 -1.882549133597406776e-02
2.247700000000000000e+04 1.614929734493106617e+00 4.645630850690793401e-02
2.247800000000000000e+04 1.868296458533853288e+00 -7.979580985279240146e-02
2.248000000000000000e+04 1.761641992363886189e+00 -2.249843170801542336e-02
2.248100000000000000e+04 1.609396833595662324e+00 -1.983548957518083827e-03
2.248300000000000000e+04 1.514412704967752266e+00 -3.927847868789301894e-02
2.248400000000000000e+04 1.330780082089092486e+00 3.971663817144010372e-02
2.248500000000000000e+04 1.492449608744271572e+00 4.066492382383087717e-02
2.248900000000000000e+04 1.672431069293043970e+00 -1.739187397898653287e-02
2.249000000000000000e+04 1.601815538148239515e+00 -4.043916833911864739e-02
2.249100000000000000e+04 1.303358239117524686e+00 1.046703162529086378e-01
2.249200000000000000e+04 1.352862154798295302e+00 4.103828953048610506e-02
2.250000000000000000e+04 2.073437771109448935e+00 1.120657260635850826e-02
2.250100000000000000e+04 1.742064590389263090e+00 3.136699181350799392e-02
2.250200000000000000e+04 1.337420787759924456e+00 1.866961995498585269e-01
2.250300000000000000e+04 1.328552036828743788e+00 -7.300369005313191162e-02
2.250400000000000000e+04 1.317914638713516551e+00 9.318260109242963718e-02
2.250500000000000000e+04 1.371493897480789315e+00 1.451305896647638038e-03
2.250600000000000000e+04 1.120099365228009125e+00 2.212515108250222295e-01
2.250700000000000000e+04 1.133112899504025384e+00 7.541716366199731347e-02
2.250800000000000000e+04 1.003248928437718623e+00 2.064709564679458875e-01
2.250900000000000000e+04 1.147759562815011680e+00 -5.855774923391239561e-02
2.251100000000000000e+04 1.195676171371885976e+00 3.319444476032147595e-02
2.251200000000000000e+04 1.160187046983660375e+00 3.124183530649302099e-02
2.251300000000000000e+04 1.009630626045499913e+00 2.299166208243766107e-01
2.251400000000000000e+04 1.122359711152909778e+00 7.619277324055065415e-02
2.252300000000000000e+04 1.083066662849595962e+00 1.317236999503456907e-01
2.252400000000000000e+04 1.172525205284746797e+00 4.491899167751937927e-02
2.252500000000000000e+04 1.148774337732000550e+00 -3.884159815536153415e-02
2.252600000000000000e+04 1.013091392025382564e+00 2.387980862711767682e-01
2.252700000000000000e+04 1.003936980821488190e+00 1.854087499304467035e-01
2.252800000000000000e+04 1.281544057153847005e+00 8.249924748671330632e-02
2.252900000000000000e+04 1.263310882924768341e+00 3.718101216412401239e-02
2.253200000000000000e+04 1.177661245420980052e+00 -5.301083782513170417e-02
2.253300000000000000e+04 1.121239089275020362e+00 1.142705207508382531e-01
2.253400000000000000e+04 1.093066990088783275e+00 6.412068373293713930e-02
2.253500000000000000e+04 1.024950428555863047e+00 8.798890050757497694e-02
2.254600000000000000e+04 1.285225492463512698e+00 -2.870390485675283765e-02
2.254800000000000000e+04 1.390033028280440508e+00 4.191145724377194799e-03
2.254900000000000000e+04 1.090213246045493412e+00 6.180363376062840419e-02
2.255000000000000000e+04 1.090602051357370428e+00 1.794339342670728255e-02
2.255100000000000000e+04 9.666140978073811674e-01 2.825020194464268330e-01
2.255200000000000000e+04 1.061355589263629495e+00 2.474019151779962289e-01
2.255300000000000000e+04 1.184178601146402832e+00 -7.894882536286233939e-04
2.255400000000000000e+04 1.061188378166918689e+00 -9.071778737488514488e-02
2.255500000000000000e+04 1.164961931583839316e+00 2.981064841872609061e-02
2.255600000000000000e+04 1.168316216707807387e+00 3.347410250579588992e-02
