5.270400000000000000e+04 1.020257471424472095e+00 -1.199032276526461049e-01
5.270500000000000000e+04 9.545275885914810132e-01 -1.394358811779132790e-01
5.270600000000000000e+04 1.060758121884735061e+00 -1.199306618008167541e-01
5.270700000000000000e+04 9.840631778804221907e-01 -6.123784225659407998e-02
5.270800000000000000e+04 1.025918433590401024e+00 -3.802173839711789349e-02
5.270900000000000000e+04 9.999366614092637384e-01 2.192945369893323573e-02
5.271900000000000000e+04 9.362303699470835294e-01 -1.671645366395909868e-02
5.272000000000000000e+04 9.374114280209606687e-01 -7.462737785510406563e-02
5.272200000000000000e+04 9.607780114185293652e-01 -3.082343960716576320e-02
5.272300000000000000e+04 1.031679001337362678e+00 -8.505083029882064272e-02
5.272400000000000000e+04 1.026708853868854021e+00 -2.733464135823759217e-02
5.274500000000000000e+04 9.872208752629034745e-01 -1.716861643617515198e-01
5.274600000000000000e+04 1.022836663701126358e+00 -1.047142778025028365e-01
5.274700000000000000e+04 9.895789092063189685e-01 -1.453954156481653270e-01
5.274800000000000000e+04 1.137770226487109460e+00 -9.332795736429573552e-02
5.274900000000000000e+04 9.827706210142730381e-01 -8.367346170111578108e-02
5.275000000000000000e+04 1.009252583333304143e+00 -3.900221358268733673e-02
5.275100000000000000e+04 1.021026874384915351e+00 -9.140747936050058753e-02
5.275200000000000000e+04 1.264052162626998266e+00 6.375142763615301855e-02
5.278000000000000000e+04 8.557996277492418979e-01 5.823766229375280240e-02
5.278100000000000000e+04 9.221069313376928367e-01 1.268685368996465557e-01
5.282400000000000000e+04 9.453924092532957069e-01 -3.699537258377196686e-02
5.282500000000000000e+04 7.629551839551119707e-01 -6.802696679071276731e-02
5.284400000000000000e+04 1.032154466625883060e+00 -3.552158502626028697e-02
5.284500000000000000e+04 9.911844542366849975e-01 -1.504848389071338985e-02
5.315400000000000000e+04 1.129489612217859262e+00 4.986486298677447748e-02
5.315500000000000000e+04 1.129685927316932403e+00 -1.127306355565387865e-02
5.315600000000000000e+04 9.661730216871136090e-01 -1.368762650302615680e-02
5.315700000000000000e+04 1.026949379525885497e+00 5.845152042009137822e-02
5.315800000000000000e+04 1.037926280355986330e+00 -4.751712095316574375e-02
5.315900000000000000e+04 9.861590914221080029e-01 -2.929906360732163761e-02
5.316000000000000000e+04 9.631000326805728706e-01 8.881242689815957957e-04
5.318300000000000000e+04 1.123728962517675178e+00 -7.658700168635980410e-02
5.318400000000000000e+04 9.964269361836934902e-01 -6.006391353330350208e-02
5.318500000000000000e+04 1.075442736206051020e+00 -4.229210064829066335e-02
5.318600000000000000e+04 1.041537669899714080e+00 -7.533274786306672077e-02
5.318700000000000000e+04 1.065474801987636333e+00 -7.887678760748235984e-02
5.318800000000000000e+04 9.846754378171095334e-01 3.675153487581520745e-02
5.319000000000000000e+04 9.697500522969431103e-01 -6.795639989364875289e-02
5.319100000000000000e+04 9.629801251739167345e-01 4.534911105567858425e-02
5.321400000000000000e+04 1.059369875210235179e+00 -1.015369055021273503e-01
5.321500000000000000e+04 1.086416578264248090e+00 1.043898746543790307e-01
5.322000000000000000e+04 8.934643406792571740e-01 -7.969648846638241468e-03
5.324200000000000000e+04 1.228062542603739482e+00 -8.282547511665867834e-02
5.324300000000000000e+04 1.330607461756428966e+00 -1.996343996138014339e-03
5.326300000000000000e+04 1.193169071880774146e+00 3.070220054489746289e-03
5.326400000000000000e+04 1.182110550790739456e+00 -4.050509829743357409e-02
5.326500000000000000e+04 1.087212519810436984e+00 -7.576078507989919553e-02
5.326600000000000000e+04 1.078868289097312028e+00 -1.028101597239903520e-01
5.326700000000000000e+04 1.072528900523954221e+00 -1.681863744739623689e-01
5.326800000000000000e+04 1.116741729971352237e+00 -2.457996641584691763e-02
5.326900000000000000e+04 1.061968259942992265e+00 -6.882760063080077539e-02
5.327000000000000000e+04 1.166411607298299069e+00 -5.043333738263719446e-02
5.328600000000000000e+04 1.154549436214500790e+00 3.125423278584205100e-02
5.328700000000000000e+04 1.214333400065739754e+00 -3.967100398727094190e-02
5.330600000000000000e+04 1.171058791243047237e+00 2.746850369792255830e-02
5.330700000000000000e+04 1.041424048527828550e+00 -3.229877621075783606e-02
5.332100000000000000e+04 1.264163256850547201e+00 4.963591020440029714e-03
5.332200000000000000e+04 1.239651956566842683e+00 5.940515127244570814e-02
5.332300000000000000e+04 1.107240447306822029e+00 6.651727662438233768e-02
5.332400000000000000e+04 1.083793655500797204e+00 -2.633329778394015788e-02
5.333800000000000000e+04 1.229539074891733863e+00 1.433958565642742995e-02
5.333900000000000000e+04 1.143896637689655327e+00 -4.954141343530940600e-02
5.334000000000000000e+04 1.137489949989819671e+00 1.662088398098775927e-02
5.335200000000000000e+04 1.019587016608115571e+00 -1.029894056568699534e-01
5.335300000000000000e+04 9.970586178513926034e-01 -7.228264668242713464e-02
5.336600000000000000e+04 6.714744361713080867e-01 -1.576720583539041043e-01
5.336700000000000000e+04 8.544468638137807659e-01 -7.754802368493028675e-02
5.339700000000000000e+04 1.224897455122924583e+00 -6.928855570440883155e-03
5.365000000000000000e+04 1.077809398565629406e+00 3.343936709278988017e-03
5.365100000000000000e+04 1.251472261762671234e+00 1.463334869534690941e-05
5.365200000000000000e+04 9.312800140602354171e-01 -9.328069590492643615e-02
5.365300000000000000e+04 1.000179027370832419e+00 -1.351436832021600809e-01
5.365400000000000000e+04 1.159326829911577095e+00 -2.516885491416074889e-03
5.365500000000000000e+04 1.048359970224523652e+00 9.097209164080058766e-03
5.365600000000000000e+04 1.088781237468126051e+00 3.724060889184194201e-02
5.365700000000000000e+04 1.046439472390559011e+00 -4.694282735187492450e-02
5.365800000000000000e+04 1.059081252561509201e+00 -1.566413571257715409e-01
5.365900000000000000e+04 1.043688725284279029e+00 3.187453287097221505e-02
5.367500000000000000e+04 1.049805400209472328e+00 -2.576581061214662516e-02
5.367600000000000000e+04 8.326652267421351672e-01 -2.374703498286002690e-01
5.367700000000000000e+04 9.100191652450301261e-01 -8.377120888535044552e-02
5.367800000000000000e+04 1.021247131617274650e+00 -1.487791223561965581e-01
5.367900000000000000e+04 9.652656904256945447e-01 -1.172163564210589454e-01
5.368000000000000000e+04 1.028560451041975465e+00 -5.305968823668176515e-02
5.368100000000000000e+04 1.088189462630731130e+00 -8.756640683115737844e-02
5.368200000000000000e+04 9.856291384088600172e-01 -1.239452567395524785e-01
5.368500000000000000e+04 1.121121739647769289e+00 3.454738976757563973e-02
5.368600000000000000e+04 8.885321737023635924e-01 8.852374176830204999e-02
5.370300000000000000e+04 1.034403140199638305e+00 -6.562421409483039370e-02
5.370400000000000000e+04 1.101348071889642677e+00 -1.804954616314980165e-01
5.370500000000000000e+04 1.140639177165338136e+00 3.129160597363360441e-02
5.370600000000000000e+04 1.064488531281009731e+00 -1.465887502645095708e-01
5.370700000000000000e+04 1.085311023736380109e+00 -1.019556925889267829e-01
5.370800000000000000e+04 1.128313862340822427e+00 -6.619198098710837863e-03
5.370900000000000000e+04 1.179467162739146424e+00 4.488192672621901802e-02
5.371000000000000000e+04 9.598463017243344941e-01 -1.917523485475666201e-01
5.371100000000000000e+04 9.527087805631782036e-01 -8.272664849795871578e-02
5.371200000000000000e+04 1.209580030605239775e+00 6.116892837823931922e-02
5.371300000000000000e+04 1.088740054028710658e+00 6.296819931231406597e-02
5.372900000000000000e+04 1.111535729043705789e+00 -3.331059390164888001e-02
5.373000000000000000e+04 1.046552010401071708e+00 -1.018946335697769878e-01
5.373100000000000000e+04 9.753788996156829150e-01 -4.513338072217248226e-02
5.373200000000000000e+04 1.047410841019989158e+00 -1.656648167120108039e-01
5.373300000000000000e+04 9.753872330876157681e-01 -1.223309718373215838e-01
5.373400000000000000e+04 1.128991428515190965e+00 4.049783029261092016e-02
5.373500000000000000e+04 1.068525013652206646e+00 -1.124445720714693266e-02
5.373600000000000000e+04 9.820964920620799399e-01 -9.498128776036507404e-02
5.373700000000000000e+04 1.017333287995409563e+00 -1.286294315579108727e-01
5.373800000000000000e+04 9.135199294398893555e-01 -2.752691840647563115e-01
5.373900000000000000e+04 1.182985800104721097e+00 6.157361401444417723e-03
5.376300000000000000e+04 1.044589000140019319e+00 -1.138086315101518309e-01
5.376400000000000000e+04 1.084739800623979677e+00 -1.310450310141324411e-02
5.376700000000000000e+04 1.126106200872669660e+00 -6.434164159324878840e-02
5.376800000000000000e+04 7.738696100273045886e-02 -6.970384422142053560e-02
5.376900000000000000e+04 1.005831974888947933e+00 -8.522661231715614183e-02
5.384400000000000000e+04 1.188277364476450604e+00 5.227661168424584809e-02
5.387400000000000000e+04 1.072139776541916278e+00 -6.440764873582137395e-02
5.387500000000000000e+04 1.109853231403456153e+00 -2.135910799830430251e-02
5.387600000000000000e+04 1.000879123083083577e+00 -4.410109860317146940e-02
5.387700000000000000e+04 1.078020656253331433e+00 -1.170338395177057261e-01
5.387800000000000000e+04 1.010518230193945488e+00 -1.595949677929914268e-01
5.387900000000000000e+04 1.117000548580872277e+00 4.027276040954914926e-02
5.388000000000000000e+04 9.911204703393239335e-01 -1.812310428347265953e-02
5.389300000000000000e+04 8.929742273950591613e-01 -1.574891997887018502e-01
5.390800000000000000e+04 1.129007725129498318e+00 4.018592342180467292e-02
5.390900000000000000e+04 1.282519181592383317e+00 -7.417117589190151683e-02
5.391700000000000000e+04 1.083224018782177334e+00 4.025159048530060901e-02
5.400600000000000000e+04 9.839788470604502457e-01 -1.283538874450186260e-02
5.400700000000000000e+04 1.047412104057948712e+00 -1.530405285216736300e-02
5.403400000000000000e+04 1.154313956734631885e+00 -1.955220163258720653e-02
5.403500000000000000e+04 1.126734732769366865e+00 -7.532462112406800026e-02
5.403600000000000000e+04 1.095750278601032468e+00 -5.989241447306839494e-02
5.403700000000000000e+04 9.850756631964827648e-01 -1.146850131533360684e-01
5.403800000000000000e+04 1.047001659265735851e+00 -1.580360931240701317e-01
5.403900000000000000e+04 9.897089387326967191e-01 -6.793954510219027410e-02
5.404000000000000000e+04 1.020254682068552077e+00 -7.223334589152904939e-02
5.404100000000000000e+04 9.404078059481600915e-01 -9.406643229428716946e-02
5.405300000000000000e+04 1.087547009782390939e+00 -1.505660691542488362e-02
5.405400000000000000e+04 1.056032886675374316e+00 -3.431667271823208437e-02
5.405500000000000000e+04 1.091010734099867818e+00 -3.039532980236483994e-02
5.405600000000000000e+04 9.993888070282083147e-01 -1.776974493262864496e-01
5.405700000000000000e+04 1.088155001539179434e+00 -6.424903790885458377e-02
5.405800000000000000e+04 1.016470327733493884e+00 -2.002369538589716669e-01
5.405900000000000000e+04 9.745073498557720315e-01 -8.691716760841285139e-02
5.406100000000000000e+04 1.025624838354281199e+00 -8.741353269291422812e-02
5.406200000000000000e+04 1.037408112945464200e+00 -1.970530010188684122e-02
5.407800000000000000e+04 1.095642354357486470e+00 2.467540604819527198e-03
5.407900000000000000e+04 1.069334461592206686e+00 -1.474257125426155501e-01
5.408000000000000000e+04 9.593543766246686033e-01 -1.426360269867337771e-01
5.408100000000000000e+04 1.112111750188309767e+00 -1.773775184819560702e-01
5.408200000000000000e+04 1.048065291579866276e+00 -1.732489506998557693e-01
5.408300000000000000e+04 1.008461447925462995e+00 -1.838819781324597946e-01
5.408400000000000000e+04 9.973906409634856196e-01 -6.678260550172189502e-02
5.408500000000000000e+04 1.155629809340727343e+00 4.791767973003588366e-02
5.408600000000000000e+04 1.193134865276890499e+00 1.217212432309042018e-02
5.408700000000000000e+04 1.071835641001896766e+00 4.267170510986164483e-02
5.408800000000000000e+04 1.006977500350101362e+00 -8.951815489672791670e-02
5.409700000000000000e+04 9.854769063226138659e-01 -9.336855630489815372e-02
5.409800000000000000e+04 9.744146151858555926e-01 -9.258088763701718960e-02
5.411700000000000000e+04 9.451502096382331519e-01 -4.492012992459690213e-02
5.411800000000000000e+04 9.218932750172025292e-01 -1.188179144959709832e-02
5.412100000000000000e+04 9.697601806387734502e-01 2.635859179557914142e-02
5.412200000000000000e+04 1.065889251609805966e+00 -7.290019546703123757e-03
5.412300000000000000e+04 1.252313242330357124e+00 5.990323797171743375e-02
5.412400000000000000e+04 1.031670903506255677e+00 3.138185496614315229e-02
5.412500000000000000e+04 9.495224295139963466e-01 -1.002965632480938701e-01
5.412600000000000000e+04 9.496770015872564308e-01 3.249932225387221901e-02
5.414100000000000000e+04 1.132774243287438365e+00 4.469117415073052546e-02
5.414200000000000000e+04 1.028894747212867999e+00 -9.783952579492830731e-03
5.414300000000000000e+04 1.007625924923668981e+00 2.895014802338027882e-02
5.414400000000000000e+04 8.410803485581082040e-01 -3.012842724817354004e-02
5.414800000000000000e+04 8.871316532173825209e-01 -1.207314303137683453e-01
5.414900000000000000e+04 9.428550208728303517e-01 -3.464728439271745619e-02
5.415000000000000000e+04 8.671119376935100265e-01 -2.364019850710646214e-03
5.415100000000000000e+04 9.037809207777387499e-01 3.322970385756580936e-02
5.415200000000000000e+04 8.318994276294077173e-01 -3.829295093731784755e-02
5.417100000000000000e+04 9.225801413470635648e-01 -2.947363236436060380e-02
5.417200000000000000e+04 1.049165725950052419e+00 2.114943757625753484e-02
5.417300000000000000e+04 8.038981083522911408e-01 -3.373824247976869861e-02
5.417400000000000000e+04 8.216068835718758345e-01 -9.952057187912941028e-02
5.417500000000000000e+04 1.049792458866318778e+00 5.343963628992982884e-02
5.417600000000000000e+04 9.510263122744017084e-01 -5.024317885999631667e-02
5.417700000000000000e+04 1.129340589735811973e+00 -2.051085705642508028e-02
5.417800000000000000e+04 1.160320712704453250e+00 4.231741498443544747e-02
5.417900000000000000e+04 1.068807899308288123e+00 -6.466402915824056782e-03
5.418000000000000000e+04 1.057634539898929305e+00 -7.593294818899629095e-02
5.418100000000000000e+04 1.007052604012071972e+00 3.332352568474933330e-02
5.418200000000000000e+04 1.245449738019263286e+00 1.316985670553251497e-01
5.418300000000000000e+04 1.044502501762809565e+00 -2.303337658031920365e-02
5.418400000000000000e+04 1.004868333594264085e+00 -4.387493836063504488e-02
5.418500000000000000e+04 1.041066423578554945e+00 5.319573278106282804e-02
5.418600000000000000e+04 1.020301946773784385e+00 -3.440718334868553274e-02
5.420900000000000000e+04 8.297664506380068028e-01 3.474318330711894526e-02
5.421000000000000000e+04 8.596014805119415181e-01 5.803714200761031505e-02
5.421400000000000000e+04 1.106662884058005059e+00 9.055778191459386284e-02
5.421500000000000000e+04 1.152553990284487240e+00 -2.876391686061043756e-02
5.421700000000000000e+04 1.138276250908020204e+00 -7.203241746110336519e-02
5.421800000000000000e+04 1.060655111812787155e+00 9.432927881869310888e-03
5.421900000000000000e+04 9.692467860989505413e-01 3.257171138335979502e-03
