3.046800000000000000e+04 1.056326575703871340e+00 7.548132578078015076e-02
3.048400000000000000e+04 1.085010397521718017e+00 1.759230732564711144e-02
3.049000000000000000e+04 9.300024806947938538e-01 -9.055770241091262718e-02
3.049100000000000000e+04 1.162717956231097416e+00 -3.050573241007305259e-02
3.049200000000000000e+04 9.872852334789959938e-01 2.520317895622539717e-02
3.049800000000000000e+04 1.142883496714334646e+00 1.061977018270161416e-01
3.049900000000000000e+04 1.096474151181219270e+00 1.388718760339411884e-01
3.052500000000000000e+04 1.056055009253794363e+00 -2.108368729606223749e-02
3.052600000000000000e+04 1.573223893803949336e+00 -1.450892357233605767e-01
3.052800000000000000e+04 1.109604613029891329e+00 8.011233716313962555e-03
3.052900000000000000e+04 1.042649296239404055e+00 -9.187698457542207986e-02
3.053000000000000000e+04 1.059351107029525618e+00 -1.264203329760021643e-01
3.053100000000000000e+04 1.062723711035861829e+00 -3.898584190511005659e-02
3.053200000000000000e+04 1.103728785303669468e+00 3.849974190271254759e-02
3.053300000000000000e+04 1.111724429285337656e+00 4.405725433768047788e-02
3.053400000000000000e+04 1.074228212146073336e+00 8.429336920027086233e-02
3.055000000000000000e+04 1.067201637402960479e+00 -2.889755279723786596e-02
3.055100000000000000e+04 1.059419524930223844e+00 9.442578199784854021e-02
3.055200000000000000e+04 1.108165470233877681e+00 -1.041225928083189811e-01
3.055300000000000000e+04 9.716170252624561909e-01 -1.548427455685858489e-01
3.055400000000000000e+04 1.009512828917860983e+00 -3.288328658335040039e-02
3.055500000000000000e+04 1.041010200741497416e+00 -1.224301309764718772e-02
3.055700000000000000e+04 1.036390436798052317e+00 7.784040490732867246e-02
3.055800000000000000e+04 1.039770150012894412e+00 5.581319051836326761e-02
3.055900000000000000e+04 1.052173969550005639e+00 8.510649228136747679e-02
3.056000000000000000e+04 1.071985671545343077e+00 4.437070584634322107e-02
3.056100000000000000e+04 1.068003366680228661e+00 6.375723170733917089e-02
3.059400000000000000e+04 1.046350230973629225e+00 5.866670694356866667e-02
3.059600000000000000e+04 1.122660731526738509e+00 -1.802064032895198675e-01
3.059700000000000000e+04 1.077483520837404063e+00 3.467785788855639456e-02
3.059800000000000000e+04 1.022938146967638851e+00 -2.261884250630550111e-02
3.059900000000000000e+04 1.039626414361981777e+00 4.048809849537600425e-02
3.060000000000000000e+04 1.051092211179329716e+00 1.044669462034080176e-01
3.060100000000000000e+04 1.099566957689878111e+00 6.756641572418532748e-02
3.060200000000000000e+04 1.079542687540059775e+00 1.009447826481478933e-01
3.060300000000000000e+04 1.052792758681333263e+00 8.707376880421850707e-02
3.088900000000000000e+04 1.049791251798352976e+00 -4.836080164547879034e-02
3.089100000000000000e+04 1.086413232226355774e+00 5.867191660146158644e-02
3.089200000000000000e+04 1.037462622516504229e+00 1.040563260161440351e-01
3.089300000000000000e+04 1.165419395527206303e+00 -1.314207791269595138e-01
3.089400000000000000e+04 1.068318162372315028e+00 5.862012755779902849e-03
3.090300000000000000e+04 1.027306796624625651e+00 -1.248743106444694939e-01
3.090400000000000000e+04 1.019599599443670401e+00 -1.283048151087611347e-03
3.090500000000000000e+04 9.345398104572062437e-01 -7.353484210138583332e-02
3.090600000000000000e+04 1.138935662374867652e+00 9.500738098154322409e-02
3.092000000000000000e+04 1.003940402139839483e+00 1.621584271395516974e-01
3.092100000000000000e+04 1.060806574016845971e+00 -7.350836511581940180e-02
3.092400000000000000e+04 1.115472849504192787e+00 3.361625493567358541e-02
3.094400000000000000e+04 1.032162712946782079e+00 7.650211707730379673e-02
3.094500000000000000e+04 1.053121540325213878e+00 7.303935122032685634e-02
3.094600000000000000e+04 1.063862073888968807e+00 -1.228193018702557378e-02
3.094700000000000000e+04 1.214649883275415343e+00 -1.002448980074635426e-01
3.094800000000000000e+04 1.097205140934766288e+00 1.157608925946572442e-01
3.094900000000000000e+04 1.075898227113002870e+00 -6.930997733157972206e-03
3.095000000000000000e+04 9.699010586681767743e-01 3.179164669240609753e-02
3.095100000000000000e+04 1.034001921418196135e+00 5.597924622358163571e-02
3.095200000000000000e+04 1.051595260091719108e+00 8.339240644949173775e-02
3.096900000000000000e+04 9.634924438424197213e-01 6.418387761641507205e-02
3.102300000000000000e+04 1.304239215915142802e+00 -1.252804307559381991e-01
3.102500000000000000e+04 1.097036680203590686e+00 1.139552653363150141e-02
3.102600000000000000e+04 1.087821432952364109e+00 2.548023262193791633e-02
3.102700000000000000e+04 1.192570059004291583e+00 1.047924048452099910e-01
3.102900000000000000e+04 1.147411500606658530e+00 9.174109586751272305e-02
3.104300000000000000e+04 9.561344146984250558e-02 -3.337947704997400178e-02
3.104400000000000000e+04 9.173494931201175984e-01 -1.285521954508725972e-01
3.104500000000000000e+04 1.083067124239641466e+00 -3.479289142629971715e-02
3.110300000000000000e+04 7.784367703080274925e-01 3.408403946609230017e-02
3.110400000000000000e+04 8.714878673491376349e-01 -8.119536807348362584e-02
3.128600000000000000e+04 1.111297099968634017e+00 6.966952028534555141e-02
3.128900000000000000e+04 9.096548895667957435e-01 -1.830751419105558497e-01
3.130100000000000000e+04 1.510328218023790914e+00 4.036912529617106560e-02
3.131300000000000000e+04 1.046018863877577365e+00 7.362068157264603507e-02
3.131400000000000000e+04 1.142481940013823083e+00 1.854994392617520804e-01
3.131500000000000000e+04 1.125825039405161654e+00 3.884946507730501625e-02
3.131700000000000000e+04 9.459362670505823134e-01 -5.216436708678879111e-03
3.131800000000000000e+04 1.068289300879431636e+00 3.836130671414232640e-02
3.131900000000000000e+04 9.911777217896576841e-01 1.059697030779999660e-01
3.132200000000000000e+04 1.024639692906742061e+00 6.342999090133170925e-02
3.132300000000000000e+04 1.009096211369198581e+00 -4.900008064713021194e-02
3.132400000000000000e+04 9.938144463504445802e-01 1.186120531493568692e-01
3.132500000000000000e+04 1.369574657509998072e+00 1.854200424931811142e-01
3.132600000000000000e+04 1.002299891494113027e+00 3.455811073969582842e-02
3.135000000000000000e+04 1.014674083883323252e+00 1.794889620877313241e-01
3.135100000000000000e+04 1.160664945451753249e+00 1.780916137218782613e-01
3.135200000000000000e+04 1.119433425494643641e+00 1.016851307569478363e-01
3.135300000000000000e+04 1.252576627169518009e+00 2.502808003709914089e-02
3.136000000000000000e+04 1.061660102246190007e+00 6.500272742824481087e-02
3.138000000000000000e+04 9.924513398278016485e-01 -6.072367651033529559e-03
3.138100000000000000e+04 9.650857470288776163e-01 4.815999586343695793e-02
3.141600000000000000e+04 1.059012371304420608e+00 3.678970831720904805e-02
3.141700000000000000e+04 9.904117768326822224e-01 -1.524558210023876578e-02
3.142100000000000000e+04 1.313061697512043935e+00 1.841806268320901330e-01
3.142200000000000000e+04 1.004769965341914428e+00 3.902381263497255171e-03
3.145200000000000000e+04 9.113486835766170246e-01 6.182241382499013144e-02
3.145600000000000000e+04 1.099203440636558504e+00 5.351218716038177135e-03
3.145700000000000000e+04 1.142983000825441575e+00 2.505977792923472572e-02
3.145800000000000000e+04 1.063991105268911497e+00 6.552238992932100936e-02
3.145900000000000000e+04 9.543622183545584781e-01 -4.775581950271045456e-02
3.146300000000000000e+04 1.035320997658216502e+00 4.380285486083287591e-03
3.146400000000000000e+04 1.029593604239046334e+00 3.906255332109271478e-02
3.149200000000000000e+04 9.376841033758633870e-01 -1.468241691453964770e-01
3.149700000000000000e+04 1.188467867409445988e+00 1.796508282142897719e-02
3.149800000000000000e+04 9.934695662392333260e-01 -4.120764858468687480e-02
3.150000000000000000e+04 1.002320697530508786e+00 1.949621957502985919e-02
3.150100000000000000e+04 9.831228012051096421e-01 -5.648592136502193078e-02
3.150400000000000000e+04 1.314810947707646394e+00 1.736616598995846250e-01
3.150500000000000000e+04 9.953799902932258803e-01 4.090053243241153352e-02
3.152900000000000000e+04 9.947641197932076684e-01 -6.536728267563272909e-02
3.153000000000000000e+04 1.204001897432971147e+00 7.085731833667942292e-02
3.153100000000000000e+04 1.082400664806984159e+00 2.742729326703613121e-02
3.153200000000000000e+04 9.224705013347802574e-01 6.117891866094623404e-03
3.157500000000000000e+04 1.015250365113819608e+00 2.721140991347854518e-02
3.157600000000000000e+04 9.457249993824746737e-01 -4.881322984471830884e-02
3.159100000000000000e+04 1.058216338374083021e+00 1.317316366189993926e-01
3.159200000000000000e+04 9.283903553404282416e-01 1.204786961791075306e-02
3.161700000000000000e+04 1.032635917309430829e+00 -5.915428474639662648e-02
3.161800000000000000e+04 1.000000031129095968e+00 -3.002218019990526149e-02
3.161900000000000000e+04 1.066876632814781622e+00 9.728864821601394819e-02
3.166000000000000000e+04 1.026097900928951034e+00 2.037611219176949096e-02
3.166300000000000000e+04 8.562758500009849394e-01 -1.557254034878880269e-02
3.166700000000000000e+04 9.847852613259721055e-01 -2.913230207918528908e-02
3.166800000000000000e+04 1.031097460632702356e+00 5.085969459888981664e-02
3.169300000000000000e+04 9.799205663197385618e-01 5.633623452086188726e-02
3.169400000000000000e+04 9.772387179923108791e-01 5.209639143338031658e-02
3.169700000000000000e+04 1.297561706580453667e+00 2.230097754682494049e-01
3.169800000000000000e+04 9.785058830042829836e-01 1.653288014279109472e-02
3.170000000000000000e+04 1.055864944832435315e+00 4.965068237863209250e-02
3.172300000000000000e+04 1.002994726364170308e+00 -5.465203972769790836e-02
3.172400000000000000e+04 9.645587718426463786e-01 -2.416289956312718534e-02
3.172600000000000000e+04 1.033315556045253381e+00 1.046137576742913189e-01
3.175300000000000000e+04 9.768216942798881863e-01 -7.717455414296425092e-03
3.175400000000000000e+04 1.041673017929428235e+00 -1.195259193687435266e-02
3.175500000000000000e+04 1.012253413381200895e+00 8.592552676894784844e-03
3.175600000000000000e+04 1.061438199675894811e+00 8.347626356492907074e-02
3.175800000000000000e+04 1.029890836097829832e+00 3.899164742980305159e-02
3.175900000000000000e+04 1.058313477589409413e+00 9.021479914542998579e-02
3.176000000000000000e+04 1.049415628627544894e+00 4.021647597971987620e-02
3.176100000000000000e+04 1.015562535376560493e+00 3.963728680119163461e-02
3.178400000000000000e+04 1.013049034569915463e+00 3.788118820531439362e-02
3.178500000000000000e+04 1.062921273749941831e+00 7.526407033259095714e-02
3.179800000000000000e+04 1.001055958369085230e+00 3.993856166721217182e-02
3.179900000000000000e+04 7.894713997655437021e-01 -1.428973831625285351e-01
3.211500000000000000e+04 8.844310832295569913e-01 1.029731413106322185e-01
3.211600000000000000e+04 1.112556862321474549e+00 4.796012766612883088e-02
3.231700000000000000e+04 1.028844379150040123e+00 1.562994257600389125e-01
3.231800000000000000e+04 1.080757701197971210e+00 1.099503337424325156e-01
3.231900000000000000e+04 1.021545151950464581e+00 1.047062215687006442e-01
3.232000000000000000e+04 1.119074573388931793e+00 1.074839060165111854e-01
3.234000000000000000e+04 1.033106066659293942e+00 -1.851664915301153708e-03
3.234300000000000000e+04 1.010800062871735294e+00 1.535677574327904138e-01
3.234400000000000000e+04 1.057827946058180091e+00 -1.060745751315735064e-01
3.234500000000000000e+04 1.013478550882863871e+00 2.647848907536731917e-04
3.234600000000000000e+04 9.940552972430309886e-01 8.418799072912495907e-02
3.234700000000000000e+04 1.071212131536333212e+00 7.793912384623809253e-02
3.234800000000000000e+04 1.075141973405342677e+00 1.231639534889600596e-01
3.236600000000000000e+04 1.004994873720336024e+00 -4.919212983472418671e-02
3.236800000000000000e+04 1.004817082076806978e+00 1.249684684981342830e-01
3.236900000000000000e+04 1.102228995460307726e+00 1.478975247891632372e-01
3.237000000000000000e+04 1.072732683280723798e+00 5.448279282709898169e-02
3.237100000000000000e+04 1.090873486178307372e+00 3.606312031633551740e-02
3.237200000000000000e+04 1.000586563933193451e+00 -5.923670996950504419e-02
3.237300000000000000e+04 1.046564409769164206e+00 4.541158099459110392e-02
3.239800000000000000e+04 1.067077924161536018e+00 -6.057730974081582641e-03
3.239900000000000000e+04 1.013142645576969869e+00 9.046176577449341338e-02
3.240000000000000000e+04 1.144825981314743446e+00 1.470810843195274054e-01
3.240100000000000000e+04 1.073571332821479096e+00 7.304884482076841323e-02
3.240200000000000000e+04 1.088427122462275243e+00 1.034059397966777677e-01
3.240500000000000000e+04 1.108271126669721607e+00 1.935566184261376110e-01
3.240600000000000000e+04 1.027166229007856924e+00 6.227310053891486896e-02
3.240700000000000000e+04 1.047435508870433463e+00 6.826269253695771422e-02
3.240800000000000000e+04 1.131495917894330017e+00 1.617511676441152069e-01
3.242500000000000000e+04 1.149542424484137904e+00 5.113390195019713175e-02
3.242600000000000000e+04 1.056456049267577191e+00 3.563094953673511672e-02
3.242700000000000000e+04 1.165803823008630724e+00 4.815228854062859193e-02
3.242800000000000000e+04 1.178848924354876537e+00 1.949236876721255340e-01
3.242900000000000000e+04 1.098152817175832796e+00 -1.946789208880644537e-02
3.243000000000000000e+04 1.109982664693881294e+00 5.736939598390389250e-03
3.243800000000000000e+04 1.105899137048405256e+00 1.322420264732554196e-01
3.244000000000000000e+04 1.063792999818477192e+00 7.720183052177784222e-02
3.244100000000000000e+04 1.051398115583720649e+00 -2.207025691129654854e-02
3.244200000000000000e+04 1.026564284482946343e+00 9.381289372614570396e-03
3.244900000000000000e+04 1.094131571266420799e+00 -2.958587935810471151e-02
3.245000000000000000e+04 1.084940636603393349e+00 -5.880243722415161300e-02
3.245100000000000000e+04 1.174194676194984188e+00 8.207049096289263657e-02
3.245200000000000000e+04 1.237770527280670052e+00 1.553420730580808151e-01
3.245300000000000000e+04 1.062674715868458408e+00 -3.479549588543426331e-02
3.245400000000000000e+04 1.110123299400848751e+00 1.757762231931122437e-02
3.245800000000000000e+04 1.082315310944750752e+00 1.139383658817487710e-01
3.245900000000000000e+04 1.101962689881931245e+00 -8.001576005151264659e-03
3.246300000000000000e+04 9.997316242207632264e-01 8.452535031264107879e-02
3.246400000000000000e+04 1.074568973739101985e+00 5.034542685974305321e-02
3.246500000000000000e+04 1.085038008409628940e+00 1.596378702225013102e-01
3.246600000000000000e+04 9.514176597004584401e-01 -1.609777677479645383e-02
3.246700000000000000e+04 9.688261587819375631e-01 9.361527226325414702e-03
3.246800000000000000e+04 7.951602352841398158e-01 -4.265740300895205957e-03
3.248100000000000000e+04 1.032532313234822308e+00 -1.954273253404628305e-02
3.248200000000000000e+04 1.165779218094496361e+00 7.780453161467235090e-02
3.248300000000000000e+04 1.108932544126529862e+00 7.943554580385073227e-02
3.248400000000000000e+04 1.210695817448025791e+00 6.141626034104876591e-02
3.248500000000000000e+04 1.077861575572941488e+00 8.472692137054783912e-02
