6.668200000000000000e+04 1.122931524420410554e+00 1.635078293656639647e-01
6.669600000000000000e+04 1.034922572134402197e+00 -1.005740703231444572e-01
6.669700000000000000e+04 1.115590935071741896e+00 -5.762054373099831373e-02
6.669800000000000000e+04 1.081710995562777500e+00 -1.614432791649296831e-02
6.669900000000000000e+04 1.056569464329598640e+00 -1.785900007615957574e-01
6.670000000000000000e+04 9.839507973695083010e-01 -4.736018341898202977e-02
6.670100000000000000e+04 9.886313240897194321e-01 6.754071392266617138e-04
6.670200000000000000e+04 1.009410705396533103e+00 -6.814288127372898629e-02
6.670300000000000000e+04 1.045919738091965367e+00 5.267121272112900571e-02
6.670400000000000000e+04 1.026551212040600181e+00 -7.091406330085313348e-02
6.670500000000000000e+04 9.835323049022184350e-01 -6.743879558048906930e-02
6.672600000000000000e+04 1.096887793822260759e+00 -7.172244455728664370e-02
6.672700000000000000e+04 1.052540908909142647e+00 -9.388515862714390259e-02
6.672800000000000000e+04 1.116050808953069406e+00 -3.224441070614867538e-02
6.673000000000000000e+04 1.045080454579433882e+00 -1.011013842752878783e-01
6.673100000000000000e+04 9.676369331267337115e-01 -6.214377009505776123e-02
6.674600000000000000e+04 9.921153804487274908e-01 -4.585322216205463958e-02
6.674700000000000000e+04 1.069438251942512297e+00 -3.722428908132237313e-02
6.674800000000000000e+04 9.741227301638311076e-01 -1.600382960666387466e-01
6.674900000000000000e+04 9.657624944173819337e-01 -8.580659890235811660e-02
6.675000000000000000e+04 1.064079685992926461e+00 -1.075654303584275273e-01
6.675100000000000000e+04 9.882356562529880373e-01 1.874258658284674341e-03
6.675200000000000000e+04 1.037605007208838970e+00 5.541740656105917373e-02
6.675300000000000000e+04 1.076513230705334445e+00 -2.561894235304214285e-02
6.675400000000000000e+04 1.030415256852483141e+00 -3.294077713163105076e-02
6.678900000000000000e+04 1.165064940813955285e+00 -1.752470969179423799e-01
6.679000000000000000e+04 1.065414253107094700e+00 -2.470258412956669730e-02
6.679100000000000000e+04 1.133529419089466028e+00 -8.574936952416976899e-02
6.679200000000000000e+04 1.031826270365041598e+00 -2.139360270211509429e-01
6.679300000000000000e+04 1.062420847047808703e+00 -7.921642552890428846e-02
6.679400000000000000e+04 1.072703319423130353e+00 -8.503198027642978885e-02
6.679500000000000000e+04 1.008450882722304653e+00 -1.004900060899071787e-04
6.679600000000000000e+04 1.076994432520727019e+00 4.460386987506081286e-02
6.679700000000000000e+04 1.153254579180185813e+00 -6.567505013339641762e-02
6.679800000000000000e+04 1.020437125999219319e+00 -8.246340981408786797e-02
6.679900000000000000e+04 1.036763199038183370e+00 -4.644107143539977917e-02
6.680500000000000000e+04 1.073782123232747132e+00 -8.866243125259894164e-02
6.680600000000000000e+04 1.087218896824654557e+00 -5.387387312165958786e-02
6.680700000000000000e+04 9.552678726984600299e-01 1.270324860159141034e-01
6.680800000000000000e+04 1.044455321035018702e+00 -1.730345934809970204e-02
6.680900000000000000e+04 1.008847280539837854e+00 3.365028013329027234e-02
6.681000000000000000e+04 9.757958099004440111e-01 2.804645119866093148e-02
6.681100000000000000e+04 9.514201582080856756e-01 -7.311834128776741569e-03
6.681200000000000000e+04 1.000270231200578008e+00 1.057502805582460209e-01
6.681300000000000000e+04 9.315294688767264963e-01 3.077078612867082189e-02
6.681400000000000000e+04 9.948265936511704322e-01 -8.535668425973264029e-02
6.681500000000000000e+04 9.469680185798615701e-01 -3.400152812256555801e-02
6.682500000000000000e+04 1.117644337363173479e+00 -1.020331877475349480e-01
6.682600000000000000e+04 1.100057325848148748e+00 1.994903258135472673e-02
6.682700000000000000e+04 1.063853368081327133e+00 3.064179156313413463e-02
6.682800000000000000e+04 1.122922521313641120e+00 9.482225651863178395e-02
6.682900000000000000e+04 1.092024824841461905e+00 -4.623378794878355014e-02
6.683000000000000000e+04 1.130059382819660119e+00 -1.654624821273359067e-02
6.683100000000000000e+04 1.035081731631628976e+00 -3.510689181421298294e-02
6.683200000000000000e+04 1.064613976358982805e+00 9.169119215590472438e-02
6.683300000000000000e+04 1.002333408092160649e+00 -2.084759927740117980e-02
6.683400000000000000e+04 1.021254520203243032e+00 -7.783672140794721528e-02
6.683500000000000000e+04 1.037992556057307780e+00 1.505923049816679932e-02
6.684700000000000000e+04 1.025903817542748175e+00 3.350872570588555102e-03
6.684800000000000000e+04 1.056047324804605170e+00 -3.847148700916446645e-02
6.684900000000000000e+04 1.172156736816881040e+00 4.202250718166619659e-02
6.685000000000000000e+04 1.114442119334535741e+00 1.144533308575389902e-02
6.685100000000000000e+04 1.013127053323342519e+00 1.969324663217685706e-02
6.685200000000000000e+04 1.077025815058667124e+00 -8.448242319630473729e-02
6.685300000000000000e+04 1.050151319026958685e+00 3.859811536534446530e-02
6.685400000000000000e+04 1.065309148489273161e+00 -5.606252586178205044e-02
6.685500000000000000e+04 1.056983163652654767e+00 -6.373471759941483350e-02
6.685600000000000000e+04 9.878120676385733212e-01 -1.259705077602878143e-02
6.688500000000000000e+04 1.046870223801053212e+00 7.785496567526883904e-02
6.688600000000000000e+04 9.641217169694772382e-01 7.481093031479946198e-02
6.688700000000000000e+04 9.066567238909940540e-01 9.558779388590372961e-02
6.688800000000000000e+04 9.179444296081261667e-01 3.756651281825395400e-02
6.688900000000000000e+04 9.888486882473975781e-01 1.907238392471026778e-01
6.689000000000000000e+04 9.484343777470495285e-01 -4.426554436672515414e-02
6.689100000000000000e+04 9.777417803467913782e-01 -3.067854792295202429e-02
6.689200000000000000e+04 1.031706626015355788e+00 4.153386770946040918e-02
6.690500000000000000e+04 9.623558470083621863e-01 -5.426407380618474691e-02
6.690600000000000000e+04 9.969174960923928852e-01 -2.208232018801318391e-02
6.690700000000000000e+04 1.118728860168298533e+00 -8.873461550373577464e-03
6.690800000000000000e+04 9.983668084925934050e-01 -6.744062273621875825e-02
6.690900000000000000e+04 1.034438107893568048e+00 2.899467859268278769e-02
6.691000000000000000e+04 1.058159722506885947e+00 1.360610517930325447e-01
6.692500000000000000e+04 1.028285475037756136e+00 -4.137001772036046771e-02
6.692600000000000000e+04 9.589426245225182166e-01 -6.469057142365491897e-02
6.692700000000000000e+04 9.732050233751557977e-01 -7.562473259274768433e-02
6.692800000000000000e+04 9.123770837973842474e-01 -3.966506953672848529e-02
6.693800000000000000e+04 8.903477736769265238e-01 2.370356387580475552e-02
6.693900000000000000e+04 8.353568165361672238e-01 -1.450553078399107604e-02
6.694000000000000000e+04 9.210275863365128268e-01 -1.042206496539497054e-02
6.695000000000000000e+04 1.195636261530914402e+00 -4.333372049804754683e-02
6.697700000000000000e+04 9.382590617830665058e-01 -3.160678080981031007e-02
6.699300000000000000e+04 9.546175202474946886e-01 1.173125930093649009e-02
6.699400000000000000e+04 9.873966424127308406e-01 9.683727617425191836e-02
6.703500000000000000e+04 9.180398150146749092e-01 3.079502188764622964e-02
6.703600000000000000e+04 9.043013587327596303e-01 9.238380824337787123e-02
6.707200000000000000e+04 8.877636301180945599e-01 -5.174586238896257406e-02
6.707300000000000000e+04 9.047071148282543884e-01 5.090341426369372931e-03
6.710000000000000000e+04 1.094511659859218389e+00 -1.156022633132842148e-01
6.711900000000000000e+04 1.031514789248793917e+00 -4.199264182275547902e-02
6.712400000000000000e+04 9.569351320416384921e-01 4.983509039888667572e-03
6.714500000000000000e+04 1.041591411626796582e+00 -1.044388452697447706e-01
6.715000000000000000e+04 1.050110619251678035e+00 3.905259885467814857e-02
6.716600000000000000e+04 1.066042614724031834e+00 -9.212143573292903842e-02
6.716700000000000000e+04 1.092483246577821143e+00 -4.423777544781257176e-02
6.716800000000000000e+04 1.046873968993729198e+00 3.056611227742254966e-02
6.716900000000000000e+04 1.169403966512337245e+00 -9.009578693752455514e-02
6.717000000000000000e+04 1.071771329134850737e+00 -7.348916132391879186e-02
6.717100000000000000e+04 1.103997099919162395e+00 -1.094424375347750333e-01
6.717200000000000000e+04 1.018757476170216947e+00 -1.291914740354973765e-02
6.719400000000000000e+04 1.002714566071082114e+00 -7.812033633057879900e-02
6.719800000000000000e+04 1.021262896201185599e+00 -1.066669563558703127e-02
6.719900000000000000e+04 1.129559297906434168e+00 -8.805606513251491851e-02
6.720000000000000000e+04 1.062223989587053774e+00 -5.677558010552865436e-02
6.720100000000000000e+04 1.066391064893413176e+00 -4.053893761461923456e-02
6.720200000000000000e+04 1.154577429602162031e+00 3.155656635326796466e-02
6.720300000000000000e+04 1.158483738770666793e+00 3.691095416143363398e-03
6.722000000000000000e+04 9.058656497347153946e-01 -1.266460745348496342e-01
6.722100000000000000e+04 8.238625217562765002e-01 -3.602100960673220581e-02
6.722600000000000000e+04 9.230772381312685182e-01 -1.752615671545459941e-02
6.730900000000000000e+04 8.305581306884575188e-01 1.679028799297242747e-02
6.731200000000000000e+04 1.055876170441018225e+00 -4.698728868863490116e-02
6.731300000000000000e+04 1.032945843712572032e+00 -7.288098570405966703e-02
6.731400000000000000e+04 1.042082403477110342e+00 2.329671994437964785e-02
6.731500000000000000e+04 1.049715052531428050e+00 6.872530836343055533e-03
6.731600000000000000e+04 1.106362817552697830e+00 -1.571578702776497971e-02
6.732500000000000000e+04 8.506522954876157838e-01 -4.877188520509166680e-02
6.736700000000000000e+04 1.048339859765911264e+00 -2.506806516322606856e-02
6.736800000000000000e+04 1.109822623264160368e+00 -4.184326320542573058e-02
6.736900000000000000e+04 1.114796655995544006e+00 -1.355285171931201564e-02
6.737000000000000000e+04 1.128102840519803474e+00 2.577597829550686351e-02
6.737100000000000000e+04 9.982481892488213049e-01 -2.912854104134818267e-02
6.737200000000000000e+04 9.965818715425387442e-01 -1.372659438487994037e-02
6.737300000000000000e+04 9.294415582401330811e-01 -2.923387637978316217e-02
6.737400000000000000e+04 9.159860879024617208e-01 -2.925379249492703754e-02
6.737500000000000000e+04 9.172695984566203720e-01 3.052139072463769601e-02
6.737600000000000000e+04 9.096762650428589225e-01 2.355791042798118656e-02
6.740500000000000000e+04 1.020853967741717216e+00 -4.912258519643155838e-04
6.740600000000000000e+04 9.989155040973978217e-01 3.921987737606571350e-02
6.740700000000000000e+04 1.016067953764597576e+00 2.887470190012745436e-02
6.740800000000000000e+04 1.037236809347254818e+00 4.925185014012811030e-02
6.740900000000000000e+04 1.071998280333254172e+00 2.291693381995804288e-02
6.741000000000000000e+04 9.891604738962924692e-01 -6.131257119753413809e-02
6.741100000000000000e+04 9.509997213427022755e-01 -3.234146048778057531e-02
6.741200000000000000e+04 8.977295664937744446e-01 5.275392489166012139e-02
6.741300000000000000e+04 9.118890189040651517e-01 6.920587979618106345e-02
6.741400000000000000e+04 9.240856094800993237e-01 5.103970187363970901e-02
6.741500000000000000e+04 8.773929217128195734e-01 1.469830632343693821e-01
6.742500000000000000e+04 9.563022170166062264e-01 5.383784395568654707e-02
6.742600000000000000e+04 9.345944359953757274e-01 4.658436928605300814e-02
6.742700000000000000e+04 9.278800998097772590e-01 1.221225599902188257e-02
6.742800000000000000e+04 8.999461053743197381e-01 1.526660988949791742e-01
6.742900000000000000e+04 8.262767333434147821e-01 9.798318607421363513e-02
6.743000000000000000e+04 7.730034429137431218e-01 9.563344600206627466e-02
6.745000000000000000e+04 1.052379658339476665e+00 7.544292604179268780e-02
6.745100000000000000e+04 1.196153157407263024e+00 -1.697233151121414069e-02
6.745200000000000000e+04 9.063358802408012505e-01 2.735129016686997996e-02
6.745300000000000000e+04 9.049166560083197197e-01 9.837714586427831476e-02
6.745400000000000000e+04 9.144519455096232763e-01 -2.665703354875031614e-02
6.745500000000000000e+04 9.077485663950377592e-01 2.281003980581165491e-01
6.745600000000000000e+04 9.340585882872585177e-01 -1.781173079793440389e-02
6.747100000000000000e+04 9.670060907897195523e-01 8.697607792576599051e-02
6.747200000000000000e+04 9.312535570040683108e-01 3.082573450289148934e-02
6.747300000000000000e+04 9.621206273131363007e-01 5.044974890471468076e-02
6.747400000000000000e+04 8.936064164062836879e-01 5.645295403046637905e-02
6.749000000000000000e+04 9.589583814363513703e-01 6.617228177775490248e-04
6.749100000000000000e+04 1.011092965054222637e+00 -2.878249733716901904e-02
6.749200000000000000e+04 9.427571172717935655e-01 -6.152909686346455173e-03
6.749300000000000000e+04 9.702291801196083476e-01 6.325487345088798286e-02
6.750500000000000000e+04 8.766203397288339083e-01 7.142749762826561787e-03
6.750600000000000000e+04 9.542424418965257393e-01 -2.488289977011868062e-02
6.750700000000000000e+04 8.800510780938413102e-01 7.678081489262766901e-02
6.845300000000000000e+04 1.060265136289701760e+00 -6.633832617416973720e-02
6.845400000000000000e+04 1.160577042649848289e+00 -6.023378590396108109e-03
6.845500000000000000e+04 1.141087839035498375e+00 -5.497240826387255613e-02
6.845600000000000000e+04 1.183303046132877068e+00 3.464426908710047798e-02
6.845700000000000000e+04 1.123346978761207815e+00 1.248906392606918547e-01
6.847400000000000000e+04 7.122611856281211296e-01 2.674909612453481578e-01
6.847700000000000000e+04 6.604766046723756778e-01 3.758409495989598059e-02
6.848400000000000000e+04 9.764698666928701698e-01 8.882987444169430924e-02
6.848500000000000000e+04 1.110324137858960780e+00 -4.334835545080059638e-02
6.848600000000000000e+04 1.122680002304221603e+00 -9.409404587110346829e-02
6.848700000000000000e+04 1.096991046216307719e+00 7.308532450169639982e-02
6.848800000000000000e+04 1.136371186044547565e+00 9.455747156447208424e-02
6.849100000000000000e+04 1.142246892742607267e+00 6.706505972834736484e-02
6.849200000000000000e+04 1.108329840083844164e+00 1.130667285015662105e-01
6.849300000000000000e+04 1.129466891359967029e+00 1.010324710881502636e-01
6.849400000000000000e+04 1.136329009624816644e+00 3.950153155030323299e-02
6.849500000000000000e+04 1.145897617988216100e+00 1.104905702219340091e-01
6.849600000000000000e+04 9.717594171353626242e-01 3.732388921011233623e-02
6.849700000000000000e+04 1.135027349292689669e+00 6.164815983907270813e-02
6.851700000000000000e+04 9.243468631819176107e-01 1.137581175840866599e-01
6.851800000000000000e+04 1.045720844953724527e+00 1.397254761002352796e-01
6.851900000000000000e+04 1.080467820698693737e+00 6.042766468632791710e-02
6.852000000000000000e+04 1.144205695884072504e+00 1.009088686112643019e-01
6.852100000000000000e+04 1.154776936397566844e+00 2.110139861118104088e-01
6.852200000000000000e+04 1.057481660071772689e+00 -2.696136274209243525e-02
6.852300000000000000e+04 1.012482732120841167e+00 1.439900402242364208e-01
6.852400000000000000e+04 1.008001446693505887e+00 1.195595849006940437e-01
6.852500000000000000e+04 1.074141596945212607e+00 1.111337726451965269e-01
6.852600000000000000e+04 1.114870501431558525e+00 1.089485339569501443e-01
