8.500000000000000000e+04 1.068214419391092296e+00 1.530047194928396137e-01
8.500100000000000000e+04 1.040061037507955310e+00 -3.284898050806329267e-02
8.500200000000000000e+04 1.071064387719002031e+00 6.508201979836020223e-02
8.500300000000000000e+04 1.065862759104246882e+00 5.432875552033138156e-02
8.500900000000000000e+04 1.228683081014179557e+00 1.179046076292411399e-01
8.501000000000000000e+04 1.055055495181626668e+00 3.521919023955492195e-02
8.501100000000000000e+04 1.045097382501402716e+00 2.162560767098290967e-02
8.557500000000000000e+04 9.751281573636596534e-01 1.278440900430115844e-02
8.557600000000000000e+04 9.066428373106663052e-01 -3.743274424706989623e-02
8.567000000000000000e+04 9.141962130407662590e-01 8.264377623527104783e-03
8.582500000000000000e+04 9.167573492945245706e-01 1.274436553084117296e-01
8.585000000000000000e+04 9.746448909229642465e-01 -6.751360992131424932e-02
8.585400000000000000e+04 9.876507577866231458e-01 -1.083069086958424708e-03
8.585500000000000000e+04 1.182753575675513202e+00 -6.069836109294846765e-02
8.587900000000000000e+04 9.475001452734487239e-01 -2.575707982403408272e-02
8.588300000000000000e+04 1.058085029429283619e+00 -6.656448768471624755e-02
8.588400000000000000e+04 1.073255709169466110e+00 -4.267265628018948598e-02
8.588600000000000000e+04 9.130011267237070349e-01 8.871124797493516734e-03
8.588700000000000000e+04 1.373585118733156918e+00 9.341407880123688001e-02
8.590600000000000000e+04 1.081561585389783309e+00 3.050829847144917450e-02
8.590800000000000000e+04 1.076876877892616546e+00 2.705998649218912394e-02
8.590900000000000000e+04 1.219507514077990296e+00 -1.489473376383323167e-01
8.594000000000000000e+04 1.090600747196321496e+00 -1.449952763335114192e-01
8.594200000000000000e+04 9.596893755374142909e-01 7.458222127326217740e-03
8.594300000000000000e+04 9.710605426242310267e-01 3.090331029822921197e-02
8.594400000000000000e+04 1.081023083366578152e+00 -1.102947983468761939e-02
8.594600000000000000e+04 1.230662349212212181e+00 4.018128814720586806e-02
8.595200000000000000e+04 7.812852071180942382e-01 7.696499204942945649e-02
8.601800000000000000e+04 9.159371873650632434e-01 -4.412578905893103920e-03
8.605500000000000000e+04 8.593147725488308186e-01 1.503030249115378317e-02
8.608300000000000000e+04 1.025969049743954642e+00 -6.931151789529134757e-03
8.608400000000000000e+04 1.150043056688391685e+00 -1.232367117541724021e-04
8.611300000000000000e+04 1.091928602923139424e+00 1.048242635445568866e-01
8.611400000000000000e+04 1.052358985758092169e+00 -1.332995864382012507e-02
8.611700000000000000e+04 1.116400504278860950e+00 2.732913998882411169e-02
8.613200000000000000e+04 7.779036352887089834e-01 5.656516809913905708e-02
8.613700000000000000e+04 9.669120428350421736e-01 1.852753342981907584e-03
8.613800000000000000e+04 9.724283255698209505e-01 7.182313079014865376e-02
8.613900000000000000e+04 9.669549229817859803e-01 7.702575164754316139e-02
8.614100000000000000e+04 9.525488414562532924e-01 -3.690680264343348949e-02
8.614200000000000000e+04 1.019493537414934758e+00 -8.199610805009560285e-03
8.617700000000000000e+04 1.011754040023275847e+00 1.195595037932110499e-01
8.617800000000000000e+04 1.190753616730380049e+00 8.107566840170671307e-02
8.617900000000000000e+04 1.056659699681524955e+00 -4.803805538735756928e-03
8.619200000000000000e+04 1.131653114201392807e+00 3.089403485556881448e-02
8.619300000000000000e+04 1.138265016673837282e+00 -3.756000762845050633e-02
8.619500000000000000e+04 1.027216869844522540e+00 -4.883844301420067757e-02
8.619600000000000000e+04 1.055123634644450803e+00 1.838342883744844419e-02
8.622800000000000000e+04 1.082785372090876219e+00 5.545671290089628641e-02
8.622900000000000000e+04 1.021180876320323394e+00 1.137357260791293789e-01
8.623000000000000000e+04 1.030195167539506018e+00 -5.372212546746209932e-02
8.623100000000000000e+04 1.073968161949605982e+00 -1.447399476063237211e-01
8.623200000000000000e+04 1.192304561873676505e+00 6.085631591222002285e-02
8.625600000000000000e+04 1.038089507736944528e+00 -6.373483529997704677e-02
8.625700000000000000e+04 1.223968598748359504e+00 7.626733786253873980e-04
8.626600000000000000e+04 1.134425896266944900e+00 1.594814446051686860e-02
8.626900000000000000e+04 1.191256030961302725e+00 -4.350255322200834163e-02
8.627000000000000000e+04 1.156406100611475196e+00 -2.110681190593128795e-02
8.627600000000000000e+04 1.065783030352377425e+00 2.474235292513017603e-02
8.627700000000000000e+04 1.086167342314026785e+00 -5.925550324884658326e-02
8.627800000000000000e+04 9.786318514820943060e-01 -4.591271510157615005e-02
8.629700000000000000e+04 1.005715691930748390e+00 8.876568078424326713e-02
8.632900000000000000e+04 1.082021882728563478e+00 9.081597463045743002e-02
8.633000000000000000e+04 1.026825486094621098e+00 -2.912761607522162954e-02
8.633100000000000000e+04 1.104150987033114761e+00 -2.777697484989936211e-02
8.633200000000000000e+04 9.750582794795636943e-01 -8.438335534964315487e-02
8.633400000000000000e+04 1.021218984826981035e+00 -7.209627149551235681e-02
8.637200000000000000e+04 1.125797720464282392e+00 -9.545348717775925876e-03
8.637700000000000000e+04 1.065803688780327496e+00 6.222943919199643015e-02
8.639000000000000000e+04 1.015522149930210949e+00 8.859547291314683048e-03
8.639100000000000000e+04 1.019788478476352234e+00 1.182041161217948014e-02
8.643900000000000000e+04 1.026267208726604041e+00 -2.194473360486867003e-02
8.648700000000000000e+04 8.683700966333165461e-01 3.749545377048653372e-02
8.651500000000000000e+04 9.530776095341513265e-01 1.274266325330328520e-01
8.651600000000000000e+04 9.030624504748639980e-01 1.534954956623987843e-01
8.651800000000000000e+04 9.152488166574715978e-01 1.297307119594405256e-01
8.651900000000000000e+04 9.973804375623496199e-01 5.801300872258202679e-02
8.652100000000000000e+04 9.712858245821071046e-01 7.940063146254287829e-02
8.653800000000000000e+04 1.072952354805266850e+00 3.855583435457188290e-02
8.653900000000000000e+04 9.768151178811769197e-01 7.613095743518202840e-02
8.654200000000000000e+04 1.004063495450853383e+00 -2.326669688394610372e-03
8.654600000000000000e+04 1.118962217581687124e+00 6.882267854277430985e-02
8.654800000000000000e+04 1.017364073890332232e+00 -8.983826413616888273e-02
8.654900000000000000e+04 1.049832800099502972e+00 -3.144417068866228043e-02
8.657800000000000000e+04 9.483198412552853451e-01 -9.755544901675069352e-03
8.657900000000000000e+04 1.030087331106551929e+00 -1.720139488877603026e-02
8.658000000000000000e+04 1.015003469791015300e+00 -1.661613758805423335e-02
8.658100000000000000e+04 1.012060274422061479e+00 5.805643631744043104e-02
8.658200000000000000e+04 9.554847959835078841e-01 4.568281177753578948e-02
8.658400000000000000e+04 9.598964360833814879e-01 -2.722412711422516826e-02
8.658500000000000000e+04 1.050781953453456818e+00 7.427684904709314084e-02
8.659600000000000000e+04 1.031426499478669934e+00 5.189398447779602214e-02
8.659700000000000000e+04 9.595874097125357549e-01 1.069473731720493176e-02
8.659800000000000000e+04 9.630173305616902546e-01 1.332291398794773277e-02
8.660100000000000000e+04 1.042050223138652587e+00 1.108493721657487045e-02
8.660400000000000000e+04 1.098470844042797490e+00 1.600654752445121801e-02
8.669900000000000000e+04 9.292278746861765137e-01 1.120226171307083934e-01
8.689400000000000000e+04 1.019881420915306203e+00 -1.757281502104650062e-01
8.689500000000000000e+04 1.055366175198485745e+00 6.354697754012372801e-02
8.693200000000000000e+04 9.072738870476255713e-01 -1.135164867612819539e-01
8.693300000000000000e+04 1.036696930382748905e+00 5.156075127289931614e-02
8.695900000000000000e+04 9.664961944029619723e-01 3.139075306324652648e-02
8.696000000000000000e+04 1.069865109372468037e+00 9.070381803046587144e-02
8.698100000000000000e+04 1.036357324845715633e+00 -2.649774899378797011e-02
8.706400000000000000e+04 1.089657925783271031e+00 -6.637687811437549545e-02
8.707400000000000000e+04 1.077113900822592063e+00 8.646866645844472621e-02
8.711100000000000000e+04 1.080564245904310328e+00 -6.248775888011051660e-03
8.712300000000000000e+04 1.238063732318955612e+00 1.021096660316871685e-01
8.712400000000000000e+04 9.944844729348961687e-01 -1.605674523586420738e-02
8.712600000000000000e+04 1.035828641922424964e+00 3.748607557263380907e-02
8.712900000000000000e+04 9.695344889339913008e-01 3.093645322526234268e-02
8.714200000000000000e+04 1.094719193364757537e+00 4.674362965874619136e-02
8.715400000000000000e+04 1.011995570469579775e+00 -4.343413605037959452e-02
8.715500000000000000e+04 1.007183673539258306e+00 4.377024058695437592e-02
8.715700000000000000e+04 9.890987921719737175e-01 -6.805061119528352243e-02
8.715800000000000000e+04 1.020333195651940583e+00 -2.289869905733613042e-02
8.716300000000000000e+04 1.155628776513782485e+00 -8.766925381476083426e-03
8.718900000000000000e+04 1.062591971413330949e+00 6.818698291075772633e-02
8.719000000000000000e+04 1.065142110756889693e+00 6.959027033372242044e-02
8.719700000000000000e+04 8.500074210654852136e-01 -5.614534350792273892e-02
8.720200000000000000e+04 1.040275073770333014e+00 -7.484474935066096069e-02
8.720300000000000000e+04 9.419394448522784291e-01 1.962584906767917206e-02
8.720700000000000000e+04 1.175944508579679360e+00 7.451345833661403295e-02
8.720800000000000000e+04 9.998893746919467196e-01 -4.877322995386708837e-04
8.720900000000000000e+04 1.033647227139555591e+00 1.254305870145603352e-01
8.722800000000000000e+04 9.425926605942794856e-01 -2.309104085261718883e-02
8.723000000000000000e+04 9.512138497927250524e-01 2.822889988630603725e-02
8.723100000000000000e+04 9.484611419920598863e-01 2.769627962625879902e-02
8.723200000000000000e+04 1.203011948945764908e+00 6.797325369144746610e-02
8.723300000000000000e+04 1.045830185935519463e+00 5.933317232086972315e-02
8.723400000000000000e+04 1.049920430184772435e+00 3.324474566521262199e-03
8.725200000000000000e+04 8.976982823518534493e-01 7.405026899836011922e-02
8.725500000000000000e+04 6.874558456517149141e-01 5.979382794309508892e-02
8.726300000000000000e+04 1.062679684509682643e+00 -4.339820753176796414e-03
8.726400000000000000e+04 9.765125277935523540e-01 -5.419412962499375874e-02
8.726500000000000000e+04 1.163348039135734702e+00 7.815805270804765392e-02
8.726600000000000000e+04 8.898714795634662389e-01 9.926467721475155243e-03
8.726700000000000000e+04 9.903145450435468788e-01 -9.843936285494408675e-04
8.726800000000000000e+04 9.185579052511954057e-01 -4.316275049270165698e-02
8.726900000000000000e+04 1.137564726467984011e+00 4.840165694745526825e-02
8.730200000000000000e+04 8.788092514826399970e-01 3.015238260664996131e-02
8.730900000000000000e+04 8.121193943515595537e-01 -1.496242497300570920e-02
8.733900000000000000e+04 9.478744407799716276e-01 1.293929623847520360e-01
8.734800000000000000e+04 6.313756062158695226e-01 1.124873560159063840e-01
8.735300000000000000e+04 9.084327227058514032e-01 -3.001748317078787795e-02
8.735500000000000000e+04 1.015500268096653391e+00 4.799353233062579605e-02
8.735800000000000000e+04 1.087274682261228476e+00 6.880586585776289621e-02
8.735900000000000000e+04 9.869238745810106073e-01 3.031009520129924681e-02
8.736100000000000000e+04 1.102055164111334307e+00 9.528704593858433602e-02
8.739200000000000000e+04 1.063896392222894560e+00 -3.757028868231569729e-02
8.739300000000000000e+04 1.025993357194599831e+00 -2.140106248889130439e-02
8.739400000000000000e+04 1.055829555161197808e+00 -2.623409707472980530e-03
8.739500000000000000e+04 1.142008593085465540e+00 6.778657950831247503e-02
8.739600000000000000e+04 1.059800518491923249e+00 -1.206056685153827912e-02
8.739700000000000000e+04 9.720569532088026987e-01 -4.020670053776402575e-02
8.739800000000000000e+04 1.067725155670715242e+00 -1.848987368045417953e-02
8.740000000000000000e+04 1.202385539850151730e+00 -1.052931461332365110e-03
8.740100000000000000e+04 1.020394486975713555e+00 -8.700248536928729959e-02
8.740200000000000000e+04 1.034637851744962589e+00 -2.674740337917939220e-02
8.742700000000000000e+04 1.054485499663593728e+00 2.370345473481454395e-03
8.742800000000000000e+04 1.037688858329692154e+00 1.518227923674552761e-02
8.743200000000000000e+04 9.925297260924985654e-01 4.126624868913544159e-02
8.743500000000000000e+04 1.064210406417164689e+00 7.841575472593499685e-02
8.757100000000000000e+04 9.695239805830608848e-01 3.901211673375459127e-02
8.757300000000000000e+04 1.041079168158160817e+00 7.238370826432652394e-02
8.757400000000000000e+04 1.105065614919686245e+00 -3.769542678156624031e-03
8.757700000000000000e+04 7.924947739718420925e-01 -4.328401824125060332e-02
8.757800000000000000e+04 1.096278174849100395e+00 1.078991210444113363e-01
8.757900000000000000e+04 1.053513017813788144e+00 4.848343294660374669e-02
8.758000000000000000e+04 1.015582923777053059e+00 4.305474405449440101e-02
8.762500000000000000e+04 9.737947786052899568e-01 3.988589313121779223e-02
8.762600000000000000e+04 9.240408453964311652e-01 7.521042757608327467e-02
8.762700000000000000e+04 8.516804291752106959e-01 -1.466345057501606750e-03
8.762800000000000000e+04 1.049182543611038687e+00 7.855332769403892967e-02
8.762900000000000000e+04 1.052861350814030317e+00 1.170893821581494715e-01
8.767700000000000000e+04 1.040256889911977511e+00 5.868386305173423773e-02
8.767800000000000000e+04 1.087960162235324990e+00 -4.790647535188263806e-02
8.768000000000000000e+04 9.484037117612837964e-01 -7.518767466682830386e-03
8.768100000000000000e+04 1.066419419793379397e+00 5.862019843190064208e-03
8.771200000000000000e+04 1.044158374035184078e+00 8.571300763787544075e-02
8.776200000000000000e+04 1.040096384005437580e+00 9.730634903087771737e-02
8.777300000000000000e+04 9.362648419295889202e-01 1.295984092281827760e-01
8.800200000000000000e+04 1.254415287899273812e+00 9.058327670806121112e-02
8.801000000000000000e+04 1.266579272634971609e+00 -4.566313623953349027e-02
8.812500000000000000e+04 9.900464009996878811e-01 5.291871895085484973e-02
8.812700000000000000e+04 9.312284810342309482e-01 -7.446935125052212001e-02
8.816700000000000000e+04 9.945663979147914002e-01 8.963917032522696407e-03
8.816800000000000000e+04 9.353540555851548310e-01 1.026512840200453081e-01
8.817000000000000000e+04 9.970004353703442179e-01 4.980059611592455721e-02
8.817100000000000000e+04 1.044895876338931329e+00 7.767638034934655489e-02
8.817200000000000000e+04 9.661050554197990747e-01 9.523176584738149431e-02
8.817300000000000000e+04 8.860776499049388688e-01 1.213859006895219861e-01
8.817400000000000000e+04 9.536007445335005217e-01 1.190190488366785378e-02
8.817500000000000000e+04 1.032371444458190402e+00 1.639838915957173363e-02
8.817600000000000000e+04 9.728574989163432107e-01 6.600785115179295948e-02
8.823700000000000000e+04 9.798329480841961869e-01 3.662422433989488690e-02
8.823900000000000000e+04 1.026413401754897592e+00 3.919316207535722407e-02
8.824300000000000000e+04 9.526389846332994349e-01 4.196119427338447505e-02
8.824400000000000000e+04 9.960763494509105032e-01 -6.672813208410591224e-02
8.824500000000000000e+04 9.737765470543764401e-01 -9.721655422784396261e-02
