7.982700000000000000e+04 1.237251964831519446e+00 4.127077824301750297e-02
7.982800000000000000e+04 1.130117435598636755e+00 -1.156454484038354075e-01
7.982900000000000000e+04 1.078807858583399781e+00 -1.051199934484683685e-01
7.983000000000000000e+04 1.091900570490415223e+00 -1.357476487812721982e-02
7.983100000000000000e+04 1.216061216869315897e+00 -1.117541394161481599e-01
8.012200000000000000e+04 8.235199773679391377e-01 -2.464714721005437786e-02
8.012400000000000000e+04 7.907118077395102196e-01 1.174492048923531963e-02
8.012900000000000000e+04 8.231686284158188371e-01 -4.012127382109652307e-02
8.013200000000000000e+04 7.504806733252974427e-01 1.808522835402494658e-02
8.013400000000000000e+04 8.246991737276955226e-01 -5.505758447357637919e-02
8.015800000000000000e+04 8.124415067016238501e-01 -1.638952202012084955e-02
8.016100000000000000e+04 8.383224989313032838e-01 -9.086903201429472055e-02
8.016300000000000000e+04 8.962174166904104400e-01 -8.435556915514817733e-02
8.016500000000000000e+04 7.654601072548397056e-01 -3.664353113271140439e-02
8.016700000000000000e+04 8.201869831660327792e-01 -9.338376569480351386e-02
8.017000000000000000e+04 8.604837623166754490e-01 1.164813651654603155e-02
8.019000000000000000e+04 9.776090646190976896e-01 -1.855167899110373234e-02
8.019100000000000000e+04 8.611733198294064806e-01 -6.936530397492184086e-02
8.032800000000000000e+04 8.462935222392524715e-01 -9.957654058844239708e-02
8.032900000000000000e+04 8.452506729044109157e-01 -4.227691888531230624e-02
8.036500000000000000e+04 5.096723425587255107e-01 4.886703470079178761e-03
8.036900000000000000e+04 9.922228066447614792e-01 2.248931614811977009e-01
8.037000000000000000e+04 8.859959760275024632e-01 2.265002453537077742e-01
8.037100000000000000e+04 8.423493329980887845e-01 2.288602628728849189e-02
8.037200000000000000e+04 8.923349378346672189e-01 -2.348750741714221782e-02
8.040800000000000000e+04 8.322370078845797714e-01 6.818697640027604479e-02
8.041100000000000000e+04 9.737856567821910891e-01 8.740250363400936529e-02
8.041500000000000000e+04 8.558623389422292949e-01 3.609290054916335783e-02
8.041600000000000000e+04 8.114452587636803438e-01 7.710839457705440103e-02
8.041700000000000000e+04 8.398409222993613588e-01 -9.137111424684371541e-02
8.053900000000000000e+04 8.659017529321948459e-01 9.319399423307983543e-02
8.056000000000000000e+04 9.728963240432145776e-01 3.143433959662277344e-01
8.056100000000000000e+04 8.021122894334647979e-01 1.806641415148305674e-01
8.056200000000000000e+04 8.470404149578838471e-01 1.500731824493931332e-01
8.056400000000000000e+04 7.836059979188090274e-01 1.072279406003567859e-01
8.056600000000000000e+04 8.224000893850897942e-01 -5.826922602205352603e-02
8.056800000000000000e+04 8.215838897198967095e-01 -5.857993956235951760e-02
8.059500000000000000e+04 8.771234855373148953e-01 1.312817360696198754e-02
8.059900000000000000e+04 9.052716311503240521e-01 8.334073036983123683e-02
8.060200000000000000e+04 8.069597081286106199e-01 1.253012610883275958e-02
8.061600000000000000e+04 8.298185039250837169e-01 3.604393300073793771e-02
8.072200000000000000e+04 9.690119103096346276e-01 -1.804724171489149875e-02
8.072400000000000000e+04 9.567902850803228221e-01 3.084972371374299083e-02
8.074300000000000000e+04 8.936360950920649859e-01 1.087142691802719802e-01
8.074500000000000000e+04 9.173065454299349497e-01 1.015542506494754131e-02
8.074900000000000000e+04 8.884239312304502700e-01 7.148027777871186761e-02
8.075400000000000000e+04 8.480216998326172151e-01 3.834539104976639190e-02
8.076500000000000000e+04 5.446465021954252084e-01 3.408110904912147604e-02
8.076600000000000000e+04 5.680367245115640618e-01 -8.709319265255473230e-02
8.076700000000000000e+04 8.485844526340676763e-01 5.459398923142187027e-02
8.076800000000000000e+04 8.745050476854434596e-01 1.239726324039958083e-01
8.079700000000000000e+04 9.095995564222392193e-01 7.373492377479817783e-02
8.080000000000000000e+04 8.454531930924139571e-01 -4.255919143170697888e-02
8.080300000000000000e+04 8.746361611228193889e-01 4.291100279302721004e-02
8.080600000000000000e+04 8.924839445850720754e-01 4.607932246629441869e-02
8.080700000000000000e+04 8.460589338418529337e-01 1.647398839127106607e-01
8.086100000000000000e+04 7.813245154464840692e-01 3.548102091727420304e-02
8.090500000000000000e+04 8.505681130698282688e-01 3.746949340235506548e-02
8.090700000000000000e+04 8.855919348568571658e-01 2.559380953435920134e-02
8.091900000000000000e+04 8.706656139309383313e-01 6.048227621394926257e-02
8.092000000000000000e+04 8.609193691106472590e-01 -3.623099055037783123e-02
8.092100000000000000e+04 7.767376001665197149e-01 4.378480831672500531e-03
8.092200000000000000e+04 8.059860492358371653e-01 1.374103576263926291e-02
8.095100000000000000e+04 8.914795462204174736e-01 5.391331951261005978e-02
8.095200000000000000e+04 9.114602147297109491e-01 5.398392059911980012e-02
8.095500000000000000e+04 8.513683729273455736e-01 7.374031674032341735e-03
8.095700000000000000e+04 9.046946941477905790e-01 2.123033487516805262e-01
8.095900000000000000e+04 8.420412748916997758e-01 -4.162897670183134113e-02
8.096000000000000000e+04 8.574375068554198620e-01 2.018772079233589756e-02
8.096300000000000000e+04 8.663206427267013954e-01 8.425405434666508042e-02
8.096600000000000000e+04 9.509217103204445909e-01 2.508191182399651109e-01
8.096800000000000000e+04 8.765865991023832349e-01 1.736873012448757886e-02
8.097000000000000000e+04 9.095461533859902081e-01 3.268548579148930489e-02
8.097300000000000000e+04 8.564764823893670220e-01 -2.031097235133228623e-02
8.097400000000000000e+04 8.353512671211403839e-01 1.116323952935597934e-02
8.097500000000000000e+04 8.519467416141853766e-01 2.203738327247586198e-02
8.099700000000000000e+04 8.976957680867825307e-01 1.593772430956024583e-03
8.099800000000000000e+04 8.140979453888651518e-01 -1.326650638335294743e-02
8.100300000000000000e+04 1.029583574957698922e+00 2.217549632819423855e-01
8.100400000000000000e+04 9.429017806767167054e-01 2.340905415069047535e-01
8.100500000000000000e+04 9.460776888459359046e-01 2.280754118783434314e-01
8.100600000000000000e+04 8.716543192779350191e-01 1.932287541506863549e-01
8.100700000000000000e+04 8.613684418369700335e-01 -1.557722912057800391e-02
8.100800000000000000e+04 8.684078045713911065e-01 -1.427466734690516041e-02
8.100900000000000000e+04 8.999244307929104014e-01 3.175496370661449325e-02
8.101000000000000000e+04 8.959935102959319941e-01 1.883885395579604771e-01
8.102400000000000000e+04 9.207239977244939810e-01 -4.245922071115774965e-02
8.102500000000000000e+04 9.817560577594977023e-01 1.339279378858973524e-01
8.102700000000000000e+04 1.009602196652605643e+00 1.808667930391349155e-01
8.102900000000000000e+04 9.470316994376846154e-01 1.522599654223084908e-01
8.103000000000000000e+04 9.439847676832342493e-01 1.966613806400917541e-01
8.103100000000000000e+04 9.436260554944964074e-01 1.198035856413492695e-01
8.103300000000000000e+04 8.638588993646594272e-01 1.510361352066906804e-01
8.103500000000000000e+04 8.666657073057602023e-01 1.072963041408762780e-01
8.104300000000000000e+04 8.951224898678888930e-01 4.358632010814009194e-02
8.106200000000000000e+04 7.997463889179056151e-01 3.198760496020192079e-02
8.106400000000000000e+04 9.682540578752909521e-01 4.156066403530689346e-02
8.106600000000000000e+04 8.700896402960309750e-01 1.837745417385626412e-01
8.108600000000000000e+04 7.869919350800940183e-01 -2.405428544422942572e-02
8.108900000000000000e+04 8.648934075159145918e-01 3.518798938346914124e-02
8.109300000000000000e+04 8.398788583421478160e-01 4.617423466126818754e-02
8.109500000000000000e+04 8.230694094920155690e-01 1.097162407294034886e-01
8.109800000000000000e+04 8.419538163436643963e-01 1.777608231237123582e-01
8.110200000000000000e+04 9.147678882920183829e-01 1.593435482935556813e-01
8.110700000000000000e+04 9.184221882774926682e-01 2.170043899178802638e-01
8.111100000000000000e+04 9.022730592549119688e-01 1.398616336457101650e-01
8.111300000000000000e+04 8.849582435560890969e-01 3.006070298544990388e-02
8.111500000000000000e+04 8.795798562508833074e-01 1.295530304976464098e-01
8.111600000000000000e+04 8.761508805065683081e-01 1.635954066205374535e-01
8.111700000000000000e+04 9.139444439757677952e-01 1.327797954623144150e-01
8.113300000000000000e+04 8.966346002851208752e-01 -2.169200041580420998e-02
8.113400000000000000e+04 8.555501368212696800e-01 -6.309856202028267351e-03
8.113500000000000000e+04 8.630301225123023778e-01 -3.700582658406554454e-02
8.113600000000000000e+04 7.369593313525095724e-01 -1.340149512503300278e-01
8.113900000000000000e+04 9.607086994149877102e-01 2.330667247444863921e-01
8.114000000000000000e+04 9.640121949197788531e-01 1.867761833586731590e-01
8.114100000000000000e+04 9.362629651788315632e-01 1.842206366385174821e-01
8.114200000000000000e+04 9.490657500989864159e-01 1.852056803716309041e-01
8.114300000000000000e+04 8.718018135659796330e-01 9.032103233643815066e-02
8.114400000000000000e+04 8.252547287020657318e-01 -8.097119800680092905e-02
8.114500000000000000e+04 8.939525968722078497e-01 4.238383023531852589e-02
8.114600000000000000e+04 8.757628639834154072e-01 1.975490373362237539e-01
8.114700000000000000e+04 9.192966310040139311e-01 1.692764654540558911e-01
8.114800000000000000e+04 9.919103765952684837e-01 2.525770978132029637e-02
8.116200000000000000e+04 7.626623646993792027e-01 3.015664573589240186e-02
8.116400000000000000e+04 8.141950258123284989e-01 2.273057189716150978e-03
8.117200000000000000e+04 9.344116669049606916e-01 1.619352412961017340e-01
8.117400000000000000e+04 8.943099606306607052e-01 1.506717080082545790e-01
8.118000000000000000e+04 7.917110121907474651e-01 -7.785539176910678816e-02
8.118200000000000000e+04 8.701620077794880448e-01 -1.157688200057966493e-02
8.118400000000000000e+04 9.046665790102027538e-01 -5.166380324895927106e-02
8.118600000000000000e+04 9.369908711007727264e-01 -5.455034731354559130e-02
8.118800000000000000e+04 9.300224451188316976e-01 -4.248677265419646687e-02
8.118900000000000000e+04 8.796085143139756868e-01 -9.652020962567633977e-02
8.119000000000000000e+04 9.945711664646098571e-01 7.685167449479539392e-02
8.123200000000000000e+04 7.726719117616409616e-01 -3.937411164716950185e-02
8.123300000000000000e+04 8.537658643238567047e-01 -8.954530948272025614e-02
8.123400000000000000e+04 8.350338406401026647e-01 -1.305838878060357894e-02
8.123500000000000000e+04 9.055126135339668370e-01 -1.437714942241015773e-02
8.123600000000000000e+04 9.553981676994487415e-01 1.906258257821141500e-01
8.123700000000000000e+04 8.646189625570865900e-01 2.425749731300560486e-01
8.129500000000000000e+04 8.584882776718811837e-01 1.512049221998348902e-01
8.144300000000000000e+04 8.154516407582256265e-01 8.878433004828263642e-02
8.152700000000000000e+04 9.298056622369191837e-01 7.714292476156235645e-02
8.154300000000000000e+04 8.570505839171230766e-01 2.493663928962236431e-01
8.166600000000000000e+04 8.614480580393152342e-01 3.611357715119518919e-02
8.166700000000000000e+04 7.580682368047786390e-01 3.676616487822650936e-02
8.166900000000000000e+04 8.973032484320487834e-01 1.518539683368689830e-01
8.167000000000000000e+04 9.551606474952032411e-01 2.764677727387997996e-01
8.167200000000000000e+04 8.720293684853357430e-01 3.785562626718277923e-02
8.167400000000000000e+04 8.176718027445519787e-01 -3.513090964572414959e-02
8.167600000000000000e+04 7.559091353338819319e-01 7.029719413999674371e-02
8.167800000000000000e+04 7.683883606028243385e-01 4.691057101418701775e-03
8.168200000000000000e+04 7.811749585248848327e-01 7.545324564923452590e-03
8.173100000000000000e+04 7.573638563318912942e-01 8.046466631860410557e-02
8.173600000000000000e+04 8.690068458425439513e-01 1.940529435494718624e-01
8.173800000000000000e+04 1.010352017944071257e+00 2.472973578462881183e-01
8.174200000000000000e+04 7.564778433206555963e-01 2.937613628658636289e-02
8.174400000000000000e+04 8.393202562461558047e-01 -2.115445014504166790e-02
8.174500000000000000e+04 8.643679127020069686e-01 4.490498831422216203e-02
8.174700000000000000e+04 8.991695125743704997e-01 -4.091009357945774028e-02
8.175000000000000000e+04 8.267077725529612398e-01 -2.612478786728166663e-02
8.175200000000000000e+04 8.373620097622566094e-01 4.420179046266782541e-02
8.179400000000000000e+04 7.465762908734402403e-01 6.635305576140720918e-02
8.179500000000000000e+04 7.999781962321368400e-01 1.801868828191548200e-01
8.179800000000000000e+04 8.292521276675174358e-01 2.565156651907973817e-01
8.180000000000000000e+04 7.500879192230968107e-01 -3.944717597006277415e-02
8.180400000000000000e+04 8.430325985928616150e-01 -5.608095880044729198e-02
8.180500000000000000e+04 9.168560772468744569e-01 3.268651139210750900e-01
8.180600000000000000e+04 9.440015540661217397e-01 2.874105647799565788e-01
8.180700000000000000e+04 9.086399665317851371e-01 1.988855243936949457e-01
8.185800000000000000e+04 9.000621206973247190e-01 2.040849146297547823e-01
8.186100000000000000e+04 7.919560374690388649e-01 -4.812996914171605023e-02
8.186300000000000000e+04 7.082010436464795111e-01 -2.379026961748451074e-03
8.186500000000000000e+04 7.525993560452519660e-01 -3.679589551364764038e-02
8.186600000000000000e+04 9.153739270306755493e-01 2.735586293352071929e-01
8.186700000000000000e+04 8.935080261016423719e-01 3.133657581885033738e-01
8.186800000000000000e+04 8.963897534675646650e-01 2.066434635142365972e-01
8.209700000000000000e+04 8.853363931026168032e-01 3.001966756525720759e-01
8.210100000000000000e+04 8.680483256351217980e-01 2.940107433789782565e-01
8.210400000000000000e+04 9.152087023638040275e-01 1.986218755606229680e-01
8.211400000000000000e+04 7.440564383818987215e-01 6.027587882971022909e-02
8.211500000000000000e+04 8.116873204666016361e-01 5.213302292426939821e-02
8.211800000000000000e+04 6.027741365072563084e-01 3.107869847226445992e-01
8.247500000000000000e+04 8.297411019603042615e-01 7.790536534939394853e-02
8.247600000000000000e+04 8.692296735958671139e-01 3.184168029703873248e-01
8.247700000000000000e+04 8.429801530038648627e-01 2.182273605244441361e-01
8.270300000000000000e+04 5.869207354561852830e-01 -1.883964355670478610e-02
8.270400000000000000e+04 8.365854722141025102e-01 3.613836542270162933e-01
8.270500000000000000e+04 8.667850240853549604e-01 1.945206122307969188e-01
8.285600000000000000e+04 8.739067290458087944e-01 2.607743674860718563e-01
8.285700000000000000e+04 9.209570181734170191e-01 1.225664217234276598e-01
8.292800000000000000e+04 8.576972209698987548e-01 5.751347734472095352e-02
8.292900000000000000e+04 8.070839018495004069e-01 1.366054294867342575e-02
8.293500000000000000e+04 7.829945667490817440e-01 -6.003923331479645367e-03
8.293600000000000000e+04 8.645667485555686982e-01 2.369786107984468704e-02
8.293800000000000000e+04 8.527199700569969565e-01 2.500862165691447592e-02
8.294000000000000000e+04 8.303865714852041169e-01 9.055401362860053885e-03
8.294200000000000000e+04 8.327035115361760553e-01 1.718549217894578193e-02
8.294400000000000000e+04 8.174608492540671456e-01 5.104217770405657106e-02
