4.713200000000000000e+04 1.083952757256913646e+00 1.313244616551053831e-02
4.713300000000000000e+04 1.013400050876148040e+00 -8.389040666014532799e-02
4.713400000000000000e+04 1.053235582998208963e+00 -1.613042673871616789e-02
4.713500000000000000e+04 1.043570706108435830e+00 -7.885300194705198440e-02
4.713600000000000000e+04 1.124049315353308875e+00 3.890517077367332960e-02
4.713700000000000000e+04 1.036663253679200203e+00 -1.607911122066849052e-01
4.716900000000000000e+04 9.432089161565985203e-01 -1.016575875430867498e-02
4.717800000000000000e+04 1.076596905726023179e+00 -5.482199357311262622e-02
4.717900000000000000e+04 1.116672611244462043e+00 -4.042670926997302128e-02
4.718000000000000000e+04 9.904813562262433368e-01 -9.752866920230926842e-03
4.718100000000000000e+04 1.063974233635219813e+00 -4.546756521914343402e-02
4.718200000000000000e+04 1.029470995035137060e+00 -6.248217603942641044e-03
4.718300000000000000e+04 1.105015310152177133e+00 1.146260376333069556e-02
4.718400000000000000e+04 1.078100055086858466e+00 -9.506722732997452407e-02
4.718500000000000000e+04 9.317528556996561573e-01 3.115666424888091993e-02
4.721600000000000000e+04 1.014527811980633576e+00 7.421574303585565247e-02
4.721700000000000000e+04 9.660901328158592039e-01 1.131767263292304537e-01
4.722300000000000000e+04 9.949783762300714596e-01 -1.184806969694595924e-01
4.722400000000000000e+04 1.068567652924959477e+00 4.024330172990295273e-03
4.722500000000000000e+04 1.054626659354459317e+00 -5.756672492384498629e-02
4.722600000000000000e+04 1.279340543402861963e+00 1.013644158246284656e-02
4.722700000000000000e+04 1.061976137463829684e+00 -6.590916488908155069e-02
4.722800000000000000e+04 9.881835899512551036e-01 -7.987258488155912078e-03
4.722900000000000000e+04 1.059965228971419648e+00 -1.620838034429515073e-01
4.723000000000000000e+04 1.023470246693713115e+00 -8.596914924896731369e-02
4.724700000000000000e+04 9.962928327937508044e-01 1.555800251074033747e-01
4.724800000000000000e+04 9.971808468153123828e-01 -3.043239733180738010e-02
4.725400000000000000e+04 9.920895881048162890e-01 -8.525473260536702014e-02
4.725500000000000000e+04 1.099805935825727499e+00 -6.916390236625989674e-02
4.725600000000000000e+04 1.223438890744685148e+00 2.358990736065238666e-02
4.725700000000000000e+04 1.157204961622521733e+00 -4.027121445588192905e-03
4.725800000000000000e+04 1.028957514466705359e+00 -6.857824922429588133e-02
4.725900000000000000e+04 1.096839054096611532e+00 -1.085773218149377189e-01
4.726100000000000000e+04 1.050181751090417004e+00 1.018434803498635167e-02
4.726200000000000000e+04 9.779260756234281482e-01 -1.372402223220593187e-01
4.726300000000000000e+04 1.014877348273167224e+00 -1.149205031553687389e-01
4.726400000000000000e+04 1.025575227045347981e+00 -4.214332538119965749e-02
4.726600000000000000e+04 9.868061558602831962e-01 -1.483154935635016582e-02
4.728400000000000000e+04 1.249012103985035482e+00 8.467812250566833510e-02
4.728500000000000000e+04 1.312068731054466308e+00 6.777573967209093997e-02
4.728600000000000000e+04 1.159884343142379537e+00 4.475778110970897450e-02
4.728700000000000000e+04 1.069901876236749594e+00 -6.481784670169617180e-02
4.728800000000000000e+04 1.269932440708746446e+00 7.373928485231701080e-02
4.728900000000000000e+04 1.045181325274462170e+00 -1.091685112906261024e-01
4.729200000000000000e+04 1.125851990348056830e+00 -2.033434544958220153e-02
4.729300000000000000e+04 1.083097934245604632e+00 -1.568367608487849785e-01
4.729400000000000000e+04 1.050427326909267212e+00 -5.645754676869170485e-02
4.729500000000000000e+04 1.069577028220332737e+00 -2.635522566705332179e-02
4.729600000000000000e+04 1.066513429464277518e+00 -2.733861084873493233e-02
4.731000000000000000e+04 9.368958172612980029e-01 8.172478329457177892e-02
4.732000000000000000e+04 1.043504254386322661e+00 -1.578787373274777306e-01
4.732100000000000000e+04 9.891796697484387391e-01 -4.596476060180707673e-02
4.732500000000000000e+04 1.033403429177392807e+00 5.615400792497378391e-02
4.732600000000000000e+04 9.747348576147565336e-01 -1.023281310548161543e-01
4.732700000000000000e+04 1.017674858702196206e+00 -2.637393033013971794e-02
4.732900000000000000e+04 9.946010485340042173e-01 -5.348356490944556479e-02
4.733000000000000000e+04 9.071130997394597495e-01 -1.014977252804458163e-01
4.737500000000000000e+04 1.108301509698203402e+00 6.845048171924882074e-02
4.737700000000000000e+04 1.068190880402677179e+00 -3.644902017356927565e-02
4.737800000000000000e+04 1.082000385133204068e+00 7.071052642080560835e-02
4.737900000000000000e+04 1.039768893713064024e+00 -9.347003947429391446e-02
4.738000000000000000e+04 1.061598150381299011e+00 7.597786107473769590e-02
4.738100000000000000e+04 9.640935231045334453e-01 -1.430984882052211693e-01
4.738200000000000000e+04 9.590242171549909767e-01 -1.904515413255585821e-01
4.738300000000000000e+04 1.076562950182102130e+00 -8.453048995004092125e-02
4.738400000000000000e+04 9.834806863723993819e-01 -9.975280892714138981e-02
4.738600000000000000e+04 1.102758201854489473e+00 -4.424463372108603659e-02
4.741400000000000000e+04 9.295137515390569094e-01 -9.241937781983952660e-02
4.741500000000000000e+04 9.861987444979665174e-01 5.845374492972351538e-02
4.741600000000000000e+04 1.004817372576592538e+00 3.914866294242776851e-02
4.741700000000000000e+04 1.130892099077671409e+00 4.330901790153802999e-02
4.741800000000000000e+04 1.023673868130511089e+00 -8.291735612415340739e-02
4.741900000000000000e+04 1.094134942974361868e+00 3.012163001036094120e-02
4.742000000000000000e+04 1.043360300398945117e+00 -1.809036517685978229e-01
4.742100000000000000e+04 1.095127848764777756e+00 -1.178102981278396078e-01
4.742200000000000000e+04 1.083442228799121887e+00 -5.311056030464925831e-02
4.742300000000000000e+04 9.821083704807807013e-01 -5.208591307741284454e-02
4.745400000000000000e+04 9.985877995396825746e-01 -6.030815633317758440e-02
4.745500000000000000e+04 1.048517862255747390e+00 -3.334091642041787235e-02
4.745600000000000000e+04 1.018923810642337502e+00 4.784354234992587579e-02
4.745700000000000000e+04 1.030877642155291651e+00 3.588866668483205874e-02
4.745800000000000000e+04 1.112936588165366114e+00 -6.237325095451438234e-02
4.745900000000000000e+04 1.046298221378615168e+00 8.791346380188332088e-02
4.746000000000000000e+04 8.589980475713200336e-01 -6.111459201974234895e-02
4.746100000000000000e+04 1.056985380488528081e+00 3.494856495093447840e-02
4.746200000000000000e+04 1.018243452033639862e+00 1.748025605689125170e-02
4.746300000000000000e+04 1.123213000305684606e+00 4.803700705360109541e-02
4.746600000000000000e+04 1.121784840177378673e+00 -3.124497652247183385e-02
4.749600000000000000e+04 9.896901357878041816e-01 -9.198396339412762135e-02
4.749700000000000000e+04 9.811702982173854393e-01 -1.106105247703768613e-01
4.749800000000000000e+04 1.077047095286738809e+00 -2.368372669026231475e-02
4.749900000000000000e+04 1.062695307716653659e+00 7.653916377286340555e-02
4.750000000000000000e+04 1.107527948438754573e+00 -3.927305888936283296e-02
4.750100000000000000e+04 1.049404003064030588e+00 -3.170170956778763788e-02
4.750200000000000000e+04 1.020424207829236707e+00 -2.442737097191859108e-02
4.750300000000000000e+04 1.040340867679587555e+00 7.229345891608131812e-03
4.750400000000000000e+04 1.050147856837973626e+00 -4.679757889666893989e-02
4.750500000000000000e+04 1.099790492319165258e+00 -1.514919938120240766e-03
4.751700000000000000e+04 1.021375278776579743e+00 -4.411610473249166081e-02
4.751800000000000000e+04 9.620245857222166075e-01 1.250142974200905144e-01
4.751900000000000000e+04 1.045852996361904097e+00 1.105410300870191161e-02
4.752000000000000000e+04 1.047106475601104147e+00 -4.185422716457619374e-02
4.752100000000000000e+04 1.010866108312147515e+00 -3.319292674614481020e-02
4.752200000000000000e+04 1.096041088747332637e+00 -6.251797478651388573e-02
4.752300000000000000e+04 1.085108001028899594e+00 -3.596774812146788514e-02
4.752400000000000000e+04 9.995838861032807499e-01 2.218578237727858796e-03
4.752500000000000000e+04 1.062020939851058055e+00 2.163266026465909472e-02
4.754300000000000000e+04 1.035754467274392132e+00 -1.874932420466898439e-02
4.754400000000000000e+04 1.035626653114603668e+00 1.550392006455126280e-02
4.754500000000000000e+04 9.847376307094872772e-01 -4.469715628922876771e-02
4.754600000000000000e+04 1.083091228386550142e+00 -8.948773678498858630e-02
4.754700000000000000e+04 1.058410283828471687e+00 -3.923459424528239620e-03
4.754800000000000000e+04 9.726408155525286814e-01 4.511686425075536397e-03
4.755000000000000000e+04 1.022736932973550061e+00 2.009501498818606555e-02
4.756000000000000000e+04 9.692074763620179834e-01 -5.978883580287683297e-02
4.756100000000000000e+04 1.083682289425588641e+00 -1.270555197327000452e-01
4.756200000000000000e+04 1.052196542936893131e+00 -1.649496388735886485e-02
4.756300000000000000e+04 1.119490154142602334e+00 2.827920002478875872e-02
4.756400000000000000e+04 1.122035763981040990e+00 1.157318398411237743e-02
4.757400000000000000e+04 9.314135308156614723e-01 -5.207440723258806997e-02
4.757500000000000000e+04 1.062007818983000673e+00 -1.824609068336834061e-02
4.757600000000000000e+04 1.106193283821079065e+00 9.735169975206028892e-02
4.758100000000000000e+04 1.087683618246779060e+00 7.863238237193363733e-03
4.758200000000000000e+04 8.980770083153077898e-01 4.621525347068666800e-02
4.774100000000000000e+04 1.119678811322746714e+00 2.345782530449969788e-02
4.774200000000000000e+04 1.112567803344729711e+00 -6.045864383908368389e-03
4.774300000000000000e+04 1.117172651947188511e+00 -1.312966018521456203e-02
4.774400000000000000e+04 1.102206170693046827e+00 1.493121285063751802e-02
4.774700000000000000e+04 1.027138578225641696e+00 -1.222010920461384376e-01
4.775100000000000000e+04 1.000493110310755052e+00 -2.634547215589217936e-02
4.775200000000000000e+04 1.117566871625718994e+00 -3.442484533216075282e-02
4.775300000000000000e+04 1.037626284228881701e+00 -3.077051164443269163e-02
4.780200000000000000e+04 1.117547662764397431e+00 6.911122189155485818e-02
4.780300000000000000e+04 1.018819846567457166e+00 -5.117082299613830848e-02
4.780400000000000000e+04 1.030752608173676865e+00 -5.841024433401743876e-02
4.780500000000000000e+04 1.070152259168085873e+00 -7.492919604383950494e-02
4.780600000000000000e+04 1.050733894928634227e+00 -1.102490026467475293e-01
4.780700000000000000e+04 1.025619202276994102e+00 -8.471835012643869067e-02
4.780800000000000000e+04 9.744137413635689526e-01 6.483075419524784305e-04
4.780900000000000000e+04 9.983521288410673877e-01 -1.459030766389961264e-01
4.781000000000000000e+04 1.119382592699022183e+00 6.312328338630919522e-02
4.781100000000000000e+04 1.065574208211486740e+00 4.781620023420450898e-04
4.781200000000000000e+04 1.059796484077701662e+00 -3.748859204325784289e-02
4.781300000000000000e+04 1.093556005576591383e+00 -1.042133984308361155e-01
4.781400000000000000e+04 9.896111733214676409e-01 -1.058276687241549441e-01
4.781500000000000000e+04 1.045950239555437644e+00 -6.932423655540877194e-02
4.782700000000000000e+04 1.042950782328119663e+00 -6.648108418462106428e-02
4.782800000000000000e+04 1.019549559446045972e+00 -1.362648039944739514e-02
4.782900000000000000e+04 1.081330378818537552e+00 -1.182052042298992051e-01
4.783000000000000000e+04 1.044943381290340145e+00 -1.174342167572072632e-02
4.783100000000000000e+04 9.593764973432985510e-01 -5.969397668825246472e-02
4.783200000000000000e+04 9.581212900113346143e-01 -4.584094218521929387e-02
4.783300000000000000e+04 9.401376001657243409e-01 -6.861126551414352404e-02
4.783400000000000000e+04 9.704277670952400348e-01 -7.768215578429206458e-02
4.783500000000000000e+04 1.074838256692628002e+00 5.709583979204978926e-02
4.783600000000000000e+04 1.036551887057277188e+00 -4.761611564941260755e-02
4.783700000000000000e+04 1.061029309390556730e+00 -4.236739196051434592e-02
4.783800000000000000e+04 1.057365126834349134e+00 -6.153130379221959101e-02
4.783900000000000000e+04 1.039541768488832174e+00 -3.002419639343229668e-02
4.784000000000000000e+04 9.458487490575431256e-01 9.410385465668534566e-02
4.784100000000000000e+04 1.081215660700267200e+00 -8.299318232649774418e-02
4.785500000000000000e+04 9.646166836595360117e-01 -9.476917618690121337e-02
4.785600000000000000e+04 1.010982493799818416e+00 -3.444487104287893842e-02
4.785700000000000000e+04 1.031680011980763201e+00 1.853604294427576432e-02
4.785800000000000000e+04 1.055283066871440578e+00 -2.920770350318530051e-02
4.785900000000000000e+04 1.055693915175161202e+00 -9.970900533766008378e-02
4.786000000000000000e+04 9.656037097041380024e-01 -1.411368125065707579e-01
4.786100000000000000e+04 1.017807387150284626e+00 -5.981260685510604580e-02
4.786200000000000000e+04 1.038131701433827381e+00 -6.291030248047363438e-02
4.786300000000000000e+04 9.658417184011851564e-01 -1.242086876471312600e-02
4.786400000000000000e+04 1.008004755237124517e+00 -6.407866723537251723e-04
4.786500000000000000e+04 1.292465558754900767e+00 -2.794489819824684876e-02
4.786600000000000000e+04 1.058031703433589765e+00 -8.079168548800477745e-02
4.786700000000000000e+04 1.113203869054077311e+00 -4.208147681769116438e-02
4.786800000000000000e+04 1.002030766265525674e+00 -7.382389571661326921e-02
4.786900000000000000e+04 1.117692632761877691e+00 6.635757154060155372e-02
4.787000000000000000e+04 1.028516145382934122e+00 2.604676716981229462e-02
4.788600000000000000e+04 9.123060541629195441e-01 -9.505300417194334495e-02
4.788700000000000000e+04 9.070538896817940122e-01 -7.295110698519384484e-02
4.788800000000000000e+04 9.974490390979207088e-01 -8.044987248708478089e-02
4.788900000000000000e+04 1.058791950935502157e+00 -3.984427721655837279e-02
4.789000000000000000e+04 1.000073224353704937e+00 -3.731091680724162724e-02
4.789100000000000000e+04 9.909894276265912572e-01 -7.426419312185157662e-02
4.789200000000000000e+04 1.099842347989924418e+00 -3.151647603126982167e-02
4.789300000000000000e+04 1.077624825013537624e+00 -1.552092988534170548e-02
4.789400000000000000e+04 1.028027986332245458e+00 -4.103660037504232999e-02
4.789600000000000000e+04 1.068972639678381187e+00 -6.596748005775515677e-02
4.789700000000000000e+04 9.391374297993818621e-01 -3.127681786928839143e-03
4.789800000000000000e+04 1.129024820404914919e+00 -1.397373613044769307e-02
4.789900000000000000e+04 1.070828124035892559e+00 -2.371008970515989592e-02
4.790000000000000000e+04 1.032638114733555046e+00 -2.255558059185758940e-02
4.791100000000000000e+04 1.050404249705484627e+00 -6.818166908640775625e-02
4.791200000000000000e+04 1.075281998423116558e+00 -5.165461380591347684e-02
4.791300000000000000e+04 1.003653365980587298e+00 -1.607353523059247280e-01
4.791400000000000000e+04 1.063473186441322715e+00 -5.239665450185195666e-02
4.791500000000000000e+04 1.048357347603580791e+00 -1.059330709529642672e-01
4.791600000000000000e+04 9.469578157966618281e-01 -5.609092025986091301e-02
4.791700000000000000e+04 1.029081250825417904e+00 -5.629273045538912140e-02
4.791800000000000000e+04 9.704387216109278125e-01 -7.494142162949851693e-02
4.791900000000000000e+04 1.055971073847662867e+00 -7.033272691671289822e-02
