1.082610000000000000e+05 9.808800152876209211e-01 1.489913453598224434e-02
1.082650000000000000e+05 9.410760530514467037e-01 6.813256022898012652e-03
1.082960000000000000e+05 9.457638551206869471e-01 1.223277288490768611e-01
1.082980000000000000e+05 9.182890163902671654e-01 -7.549594371558448688e-05
1.083020000000000000e+05 7.726297811278886041e-01 -5.959506484747136013e-02
1.084180000000000000e+05 8.973091916923314759e-01 1.509443738161043436e-01
1.084200000000000000e+05 9.083504553901746714e-01 7.253692071140474540e-02
1.084810000000000000e+05 8.368892009406160293e-01 -7.469059131346890423e-02
1.084830000000000000e+05 8.730014322202369614e-01 4.945955688301745951e-02
1.084850000000000000e+05 9.298783036638262889e-01 4.138447850334876083e-02
1.085470000000000000e+05 1.044537670511617167e+00 5.825354840640131066e-02
1.086130000000000000e+05 8.721447442000395123e-01 4.066880684711762783e-02
1.086500000000000000e+05 1.062066970373858998e+00 5.111382731531268625e-02
1.088090000000000000e+05 1.101045383030082148e+00 5.355261835018080424e-02
1.088100000000000000e+05 1.090966922277558870e+00 9.453419982542909938e-02
1.088130000000000000e+05 9.304263027620034432e-01 -3.104156282116718457e-02
1.088880000000000000e+05 1.013159423003945792e+00 -1.804046169773964106e-02
1.088890000000000000e+05 9.860309079179349068e-01 -3.584687205763018719e-02
1.088910000000000000e+05 9.872849023525210876e-01 -5.585321532568129910e-02
1.089000000000000000e+05 1.031655082935659884e+00 2.736153294843042538e-02
1.089010000000000000e+05 1.061426036873794887e+00 2.084599042219296289e-02
1.089650000000000000e+05 1.018218506867186512e+00 3.457326456987013658e-02
1.089660000000000000e+05 1.085866837779467575e+00 -7.921977112543061861e-02
1.090010000000000000e+05 9.797867081085603891e-01 9.522981952723563043e-04
1.090020000000000000e+05 9.982083307500461133e-01 -3.431053618980294678e-02
1.090330000000000000e+05 1.081653661407056877e+00 -1.335489024085318929e-02
1.090340000000000000e+05 9.961732469540236501e-01 -4.270788948234370552e-02
1.090350000000000000e+05 1.028152756699377557e+00 -6.506146480187671721e-02
1.090670000000000000e+05 9.762988769272546996e-01 3.172380287439736934e-02
1.090680000000000000e+05 9.432400598265232583e-01 -1.941046225070117842e-02
1.090690000000000000e+05 1.063364035104928496e+00 4.468206541975592444e-02
1.091510000000000000e+05 1.236408543288860074e+00 5.393753772212321607e-02
1.091520000000000000e+05 1.011039153129238644e+00 -9.356648552327753374e-03
1.092050000000000000e+05 1.042423306249760317e+00 2.150615929903965107e-02
1.092060000000000000e+05 1.238289943710974006e+00 1.448875893256930669e-01
