3.585700000000000000e+04 9.130441272495525284e-01 7.388665778438617548e-02
3.585800000000000000e+04 8.648720323947447497e-01 -1.827938700635907757e-02
3.585900000000000000e+04 7.740798428142470211e-01 -6.084658481103485950e-02
3.586000000000000000e+04 8.417607024962817652e-01 -9.013913648053557826e-02
3.586100000000000000e+04 8.309229433662794762e-01 -4.215820973833400709e-02
3.587800000000000000e+04 8.931967184226446976e-01 -5.865230752944845111e-02
3.588000000000000000e+04 8.863158612835955186e-01 1.548040933671193664e-01
3.588200000000000000e+04 8.127635925409070206e-01 1.275984023933902367e-01
3.589200000000000000e+04 7.713825118038598605e-01 -8.863514077549659864e-02
3.589300000000000000e+04 8.683645429481472444e-01 4.620707028570136127e-02
3.589400000000000000e+04 1.000000000000000000e+00 0.000000000000000000e+00
3.589500000000000000e+04 7.554027234991538275e-01 1.061595990480025502e-02
3.589600000000000000e+04 7.768818306189383405e-01 -1.269159497548952818e-02
3.589900000000000000e+04 9.996008113352812252e-01 -1.526310623803537811e-02
3.590000000000000000e+04 8.981333593747895527e-01 -3.580141515816472053e-02
3.593200000000000000e+04 9.748562501850052131e-01 2.691809598705596773e-02
3.593300000000000000e+04 9.324495921707310897e-01 1.355789265535407573e-01
3.593400000000000000e+04 7.218730363515928339e-01 -4.344367444218419361e-02
3.593600000000000000e+04 8.992233919408276765e-01 8.541273671562513159e-02
3.593700000000000000e+04 9.732619317422988026e-01 2.292834464518973825e-02
3.593800000000000000e+04 8.941443501426591389e-01 1.215214628744763353e-01
3.593900000000000000e+04 8.275043128594344877e-01 -1.680615386367045189e-02
3.594000000000000000e+04 9.654984964904530509e-01 7.267908816823720475e-02
3.594100000000000000e+04 7.325879948763706073e-01 -6.817739788865659345e-02
3.594700000000000000e+04 9.430982589541549999e-01 -1.409885821050740895e-01
3.594800000000000000e+04 9.773151980537873040e-01 8.729405747024678031e-02
3.594900000000000000e+04 9.640706706819691663e-01 4.928280143129411955e-02
3.595000000000000000e+04 8.512122286865622112e-01 -5.272546631351727325e-02
3.595100000000000000e+04 8.173053650353028221e-01 -5.929122925494421242e-02
3.595200000000000000e+04 8.542736321117375686e-01 -5.354522811363654489e-02
3.595300000000000000e+04 9.086885970991370742e-01 -1.318403529921374773e-01
3.595400000000000000e+04 1.017906566274818347e+00 1.576197312350094415e-02
3.595500000000000000e+04 9.900031247361819053e-01 -8.743467367273979884e-02
3.595600000000000000e+04 7.206107970261657059e-01 -9.347853022604638018e-02
3.595700000000000000e+04 7.546551177816059885e-01 -8.110657079116276313e-02
3.596600000000000000e+04 1.090372442749750537e+00 1.141411162542448482e-01
3.596700000000000000e+04 7.701360628826064980e-01 -2.653767931028062910e-02
3.598200000000000000e+04 9.197543521805139344e-01 7.516035913397270396e-02
3.598300000000000000e+04 8.944871622927877963e-01 1.504936146952932097e-01
3.598400000000000000e+04 7.443912390968279169e-01 -2.817875503625083197e-02
3.598500000000000000e+04 9.171133579852347451e-01 1.142043247838910869e-01
3.598600000000000000e+04 1.014019186676704765e+00 -5.534915072796689310e-03
3.598800000000000000e+04 8.820754193534791066e-01 -7.201747120170495786e-02
3.598900000000000000e+04 8.699883058929314128e-01 5.009988701283686618e-02
3.599000000000000000e+04 9.662870498752881288e-01 4.579339604665014218e-02
3.599100000000000000e+04 9.216036542510180896e-01 -1.830118670961345534e-02
3.599200000000000000e+04 7.892169040654500867e-01 4.371712658745370572e-02
3.599400000000000000e+04 8.914875553605369207e-01 -4.298960174372409154e-02
3.599500000000000000e+04 8.916733526277458299e-01 8.957675871917979149e-02
3.599600000000000000e+04 8.831257096333242629e-01 1.360723937997864175e-01
3.600200000000000000e+04 9.005274812991780342e-01 7.270836515298848002e-02
3.600300000000000000e+04 8.637848142681630037e-01 1.925208616183513577e-01
3.600400000000000000e+04 7.150397604602323209e-01 -2.549585355816037444e-02
3.600500000000000000e+04 8.120284097063292794e-01 -4.228902552757322908e-02
3.600700000000000000e+04 9.492464130820813528e-01 5.287197932154273639e-02
3.600800000000000000e+04 8.575849771352858086e-01 2.830463015708140160e-03
3.600900000000000000e+04 9.093299038508673160e-01 5.079957347434633369e-02
3.601100000000000000e+04 8.843082068301624243e-01 3.752696222155592343e-02
3.601200000000000000e+04 7.857889709327804395e-01 -3.757467063068424540e-02
3.601300000000000000e+04 6.855360097252253260e-01 -4.192658543378174202e-03
3.601400000000000000e+04 8.561812258233155726e-01 -1.047565625512532350e-02
3.601500000000000000e+04 8.639476396918280843e-01 2.418096659666017084e-02
3.601600000000000000e+04 8.962961582777461134e-01 -1.251350182628814013e-02
3.601700000000000000e+04 8.814492454908919861e-01 5.578209876460707428e-02
3.602500000000000000e+04 7.694731010915811797e-01 3.818146805766469559e-02
3.602600000000000000e+04 6.933202426315578926e-01 -1.168926253431498419e-01
3.602700000000000000e+04 7.653845603801758823e-01 -3.917394453538543264e-02
3.602800000000000000e+04 9.741787950615877767e-01 -2.262706538153507613e-02
3.602900000000000000e+04 9.336694861838037429e-01 5.499485207716280077e-02
3.603000000000000000e+04 9.094914472150815721e-01 6.753610210441504669e-02
3.603300000000000000e+04 8.003958030973565840e-01 4.410465552439549186e-02
3.604200000000000000e+04 8.875619665052185692e-01 1.144605505716396049e-01
3.604300000000000000e+04 9.096641631041866294e-01 2.820884283335799159e-02
3.604400000000000000e+04 8.722017765518064181e-01 1.130912479873323606e-01
3.604500000000000000e+04 9.568831981940151277e-01 1.417262178955218666e-01
3.604600000000000000e+04 8.380995497367286218e-01 -2.520582536716447358e-02
3.605200000000000000e+04 7.559050516811960385e-01 -3.503522077136567853e-02
3.606200000000000000e+04 7.996866290431133839e-01 -5.724178921398336700e-02
3.606300000000000000e+04 8.751715497543081090e-01 6.114455350882377817e-04
3.606400000000000000e+04 8.956112703326386537e-01 4.323534469471979058e-05
3.606500000000000000e+04 9.180134170865529297e-01 -5.286749026826381703e-02
3.606600000000000000e+04 6.845918326954800737e-01 -8.194541800193047565e-02
3.606700000000000000e+04 8.561871291463833966e-01 -4.500980812786531393e-02
3.606800000000000000e+04 8.761125586465892123e-01 -2.363567263014797887e-03
3.606900000000000000e+04 9.029698498448170962e-01 5.227009135298181508e-02
3.607000000000000000e+04 7.840998081666387121e-01 3.493591779045078505e-02
3.607900000000000000e+04 7.526402033765089428e-01 2.071760796948972083e-01
3.608000000000000000e+04 6.746372022962958681e-01 5.577425732438580364e-02
3.608100000000000000e+04 7.556643002375896812e-01 -1.169235424157137465e-01
3.608200000000000000e+04 7.823887659789725557e-01 -9.234803856622976481e-02
3.608300000000000000e+04 7.976126350352378269e-01 -8.029355045138385216e-02
3.608400000000000000e+04 5.524113584382144282e-01 -1.852207514659035339e-02
3.608500000000000000e+04 8.913576249668192508e-01 -1.059550945224700669e-02
3.608600000000000000e+04 9.501242024864543501e-01 5.686343334574240488e-02
3.608700000000000000e+04 9.008358858159483118e-01 -3.711284512307855277e-02
3.608800000000000000e+04 9.157702582634461574e-01 1.398799797727799110e-01
3.608900000000000000e+04 8.401207186742256638e-01 7.774941924025051410e-02
3.609100000000000000e+04 8.856832024464302844e-01 1.028194558870351299e-01
3.610000000000000000e+04 7.979303195091432821e-01 3.825486251749810745e-02
3.610200000000000000e+04 6.606806907865078182e-01 -1.471717964001153511e-01
3.610300000000000000e+04 9.231223444026819269e-01 -5.548695662932930095e-04
3.610400000000000000e+04 8.129433236933001350e-01 -1.985951421995730062e-02
3.610500000000000000e+04 1.168879329982769777e+00 -5.039889296213483777e-02
3.611600000000000000e+04 3.896149331678092076e-01 2.142303290034441171e-02
3.613200000000000000e+04 9.452620654853530757e-01 5.459501277906825961e-02
3.613300000000000000e+04 9.289926736333954382e-01 1.522799581239288672e-02
3.613600000000000000e+04 6.946791296495518075e-01 -1.709365855095379694e-01
3.613800000000000000e+04 6.485454741392676636e-01 -9.196153185000599528e-02
3.613900000000000000e+04 7.793771498665440500e-01 1.275628445289302831e-02
3.614000000000000000e+04 7.104147961752621532e-01 -4.353903246763825979e-02
3.617100000000000000e+04 9.179714701135287536e-01 -7.152876770601741124e-03
3.617200000000000000e+04 8.783504634675485256e-01 -2.778075676664450155e-02
3.617400000000000000e+04 5.302290145317238856e-01 -6.158768253476156612e-02
3.617500000000000000e+04 8.948695603401283227e-01 1.493196080933990311e-01
3.617600000000000000e+04 9.229181348831526632e-01 5.672924371712675939e-02
3.617700000000000000e+04 7.804385979708255983e-01 -6.193191133349531391e-02
3.618000000000000000e+04 7.295615275942489708e-01 -9.767786938315692336e-02
3.618100000000000000e+04 8.279618268162354244e-01 1.236823567987681283e-02
3.618200000000000000e+04 7.414163224283640830e-01 2.347414775824439512e-02
3.618900000000000000e+04 8.271057767486987844e-01 1.327145402093764248e-01
3.619100000000000000e+04 7.003608302832516896e-01 -7.505308984860681321e-02
3.619200000000000000e+04 7.540246390171321256e-01 -9.300690026860179704e-02
3.619300000000000000e+04 8.016884885308506181e-01 -1.246158969868177979e-01
3.621500000000000000e+04 6.928042910795424447e-01 -4.205739794077877070e-02
3.632000000000000000e+04 1.071441868855601998e+00 5.154268923643647721e-03
3.632800000000000000e+04 8.400841802063900854e-01 -3.824259420681659638e-02
3.632900000000000000e+04 8.767618048956250520e-01 -6.109295933041525989e-02
3.633000000000000000e+04 1.023713537220714676e+00 3.913297888071268216e-02
3.633100000000000000e+04 1.056391897423237802e+00 1.582616931504975165e-03
3.633300000000000000e+04 1.082642334164880316e+00 -6.849311848458479110e-03
3.634100000000000000e+04 8.715350259424919921e-01 -7.564428737653018653e-02
3.634200000000000000e+04 9.816293392777688531e-01 -3.652364220872401229e-02
3.634300000000000000e+04 1.089353087441975676e+00 3.905204480990379090e-02
3.634400000000000000e+04 1.005987800600621318e+00 -3.508725082788820976e-02
3.634500000000000000e+04 1.141434008427074653e+00 4.042025553375658276e-02
3.634600000000000000e+04 1.051547524907327613e+00 6.546399786994754055e-02
3.635800000000000000e+04 8.946716429788800218e-01 -5.173322903566190956e-02
3.635900000000000000e+04 1.055710933478017033e+00 8.202997638080018750e-02
3.636000000000000000e+04 8.731445072717309852e-01 5.599206992063669730e-02
3.636100000000000000e+04 8.117292356735009706e-01 -6.979730244529212813e-02
3.636300000000000000e+04 1.034009360540958822e+00 2.726237378239525916e-02
3.636400000000000000e+04 8.526404444305450969e-01 -7.306836837644947735e-02
3.639100000000000000e+04 7.680634419651748424e-01 -5.082087186863525757e-02
3.639200000000000000e+04 8.835621746982778024e-01 -7.719839063599195916e-02
3.639300000000000000e+04 8.848706063442460801e-01 5.235715675866519508e-02
3.639400000000000000e+04 7.456575806583912724e-01 1.317751319665290965e-01
3.639600000000000000e+04 7.473885378690019454e-01 -4.128952030247224486e-02
3.639700000000000000e+04 8.504088515649266267e-01 9.745448452465743649e-02
3.639800000000000000e+04 9.894332905632616804e-01 -2.008080526168019853e-02
3.639900000000000000e+04 9.189139707238553889e-01 -2.997664082709755248e-02
3.640000000000000000e+04 7.216275063784985955e-01 1.344012341601909417e-04
3.640100000000000000e+04 9.661016281958397789e-01 7.612966297779379110e-02
3.641200000000000000e+04 8.993371536130976285e-01 -2.217160600989174016e-02
3.641300000000000000e+04 9.765306653222813882e-01 1.773389694438246011e-02
3.641400000000000000e+04 1.007444124213433101e+00 3.382238911036475337e-02
3.642200000000000000e+04 9.727554071876335362e-01 1.802234078979666337e-02
3.642300000000000000e+04 9.731716434302056795e-01 2.901702054536253045e-02
3.645900000000000000e+04 8.716449594064495932e-01 -6.409165371133013211e-02
3.646000000000000000e+04 1.058571025927413922e+00 2.013514750940656461e-02
3.646100000000000000e+04 7.805746147686073444e-01 8.250376862351860296e-02
3.646200000000000000e+04 9.951829426545932833e-01 -2.357352562929515907e-02
3.646300000000000000e+04 9.253422237068684719e-01 -1.849101982287866888e-02
3.646400000000000000e+04 8.458900189372646761e-01 1.347094609282833699e-01
3.646500000000000000e+04 8.720247796304197996e-01 5.054993789795857867e-02
3.646800000000000000e+04 1.041204107840451476e+00 1.035941099194800652e-01
3.650800000000000000e+04 7.794252464960372828e-01 -6.628165877207280177e-02
3.650900000000000000e+04 7.277320169547515372e-01 6.695103782330316666e-02
3.651000000000000000e+04 7.706276457034576532e-01 -5.648353031110043415e-02
3.651100000000000000e+04 8.937884689121087245e-01 2.211426272670794640e-02
3.659100000000000000e+04 9.832703279318742995e-01 8.552275555391493367e-02
3.659200000000000000e+04 9.158906890762361641e-01 4.106756266482343432e-02
3.660400000000000000e+04 9.409613756703000265e-01 1.471008414620240401e-01
3.660500000000000000e+04 8.650726530483009435e-01 1.661394178694712565e-01
3.660600000000000000e+04 9.534728618487209317e-01 1.157692339775264478e-01
3.660700000000000000e+04 9.385261695606306187e-01 1.222814161787743881e-01
3.661900000000000000e+04 9.338464919293512079e-01 2.997779248710781032e-03
3.662000000000000000e+04 8.644654537735282362e-01 1.173450391539638121e-01
3.662100000000000000e+04 1.002052414204039454e+00 2.891066355878811958e-02
3.662200000000000000e+04 1.007372353434694778e+00 3.187051594484589800e-02
3.663400000000000000e+04 8.361994939943536709e-01 1.110744310262382593e-02
3.663500000000000000e+04 9.506579751961087288e-01 1.803747950061819483e-02
3.663600000000000000e+04 9.318487216151445374e-01 4.036679721879734423e-03
3.663700000000000000e+04 9.445184871216092404e-01 9.297969563150017269e-02
3.664800000000000000e+04 9.892470740515557637e-01 7.185958329319543092e-02
3.665000000000000000e+04 9.624510855756491789e-01 1.860116953505823109e-03
3.665200000000000000e+04 1.008214141583294365e+00 6.121370915312199235e-02
3.666400000000000000e+04 8.468194981048068337e-01 -1.881110661377139934e-02
3.666500000000000000e+04 7.497707079360800275e-01 -1.817068460550202991e-02
3.666600000000000000e+04 1.004356045391424201e+00 4.868272054350174238e-02
3.666700000000000000e+04 9.497053966296086225e-01 8.291950128116463981e-02
3.668900000000000000e+04 9.969988344675944081e-01 -1.244093692007524066e-01
3.669700000000000000e+04 9.767488823651335750e-01 1.926788188393967899e-02
3.669800000000000000e+04 9.884609200852851885e-01 -1.984777731655531716e-02
3.669900000000000000e+04 1.024989467737198234e+00 -1.609718178722833667e-02
3.670000000000000000e+04 9.933066881354902788e-01 5.572743642158412003e-02
3.670100000000000000e+04 9.730021151190978435e-01 2.487272062070717757e-02
3.670200000000000000e+04 9.612755447547709498e-01 4.771779749606016446e-02
3.670300000000000000e+04 1.008369685787858128e+00 7.586196776396505158e-03
3.670400000000000000e+04 9.689819201308376151e-01 -4.732028556038676836e-02
3.670500000000000000e+04 1.045316440002777902e+00 -1.168178274699200048e-01
