3.766100000000000000e+04 8.539610951113251192e-01 1.425855982960205770e-02
3.766200000000000000e+04 9.335557352931640462e-01 3.986824853270811569e-02
3.766300000000000000e+04 1.027341499363916499e+00 -4.213696682777021835e-02
3.768500000000000000e+04 7.740860721916158482e-01 1.651125161054418922e-02
3.768600000000000000e+04 8.988860225055703701e-01 2.759033574275026116e-02
3.768700000000000000e+04 7.916798609200520476e-01 1.453034974253212819e-01
3.768800000000000000e+04 7.573912325929825773e-01 1.245598546546211327e-01
3.770000000000000000e+04 6.529903167196899894e-01 7.804202694447801014e-02
3.771400000000000000e+04 8.934629048451385724e-01 6.231207257341764977e-03
3.771500000000000000e+04 1.019834023519495370e+00 -4.491781436497246580e-03
3.771600000000000000e+04 1.030902627946126193e+00 1.227496113799557975e-01
3.771700000000000000e+04 9.654196884593118089e-01 7.565222148800111734e-02
3.771800000000000000e+04 1.009860349797755186e+00 -6.015927255489237485e-02
3.771900000000000000e+04 1.022505467536537260e+00 6.757410964086998928e-02
3.772000000000000000e+04 6.068841990945821330e-01 -5.458677812160811493e-02
3.774400000000000000e+04 9.409534098572441829e-01 -8.635822303876837525e-02
3.774500000000000000e+04 9.526104916876446671e-01 -4.811388050240426872e-02
3.774700000000000000e+04 9.124769917768860150e-01 2.869113582065530715e-02
3.774800000000000000e+04 1.027417787198051213e+00 4.468575206788633070e-02
3.774900000000000000e+04 1.058019190137774901e+00 -7.246702280179298516e-02
3.775000000000000000e+04 9.588321765995424517e-01 2.883747710669070166e-02
3.776800000000000000e+04 5.475494548933651506e-01 3.789332569598686390e-02
3.776900000000000000e+04 8.807819286293674388e-01 1.207792982199183407e-01
3.777000000000000000e+04 1.016833688176222772e+00 -2.297644695498506431e-02
3.777100000000000000e+04 1.055840428442399670e+00 -3.157977745768784927e-02
3.778100000000000000e+04 9.081978350818087353e-01 9.663644180136519296e-03
3.779100000000000000e+04 1.025576188770042085e+00 -3.001263386277531336e-02
3.780600000000000000e+04 9.545912172085795344e-01 6.549113775939605087e-02
3.793800000000000000e+04 9.494363994827360598e-01 4.584386348300351771e-02
3.794000000000000000e+04 8.933451687935244356e-01 3.144452147239769346e-02
3.795100000000000000e+04 9.126388461833750965e-01 -1.914516974949256878e-02
3.799800000000000000e+04 7.969717571717296334e-01 1.672015139107043136e-01
3.800000000000000000e+04 6.380204849182011806e-01 2.131795682044573537e-01
3.804400000000000000e+04 1.005359654781539769e+00 7.684585984547266657e-02
3.809400000000000000e+04 9.903736972154782991e-01 1.868067876672109273e-01
3.809500000000000000e+04 9.758343837913994179e-01 1.705067119057087494e-02
3.809600000000000000e+04 1.046617811061950620e+00 7.866633634524373975e-02
3.809700000000000000e+04 1.007072936235367422e+00 4.950045977375595874e-02
3.809800000000000000e+04 1.052576598045366296e+00 4.423039426404968416e-02
3.810100000000000000e+04 1.013261279194958897e+00 3.850613593508946109e-02
3.810200000000000000e+04 6.968607964753776862e-01 8.768856760886048485e-02
3.812500000000000000e+04 9.344313071839316365e-01 1.067231619399853088e-01
3.812600000000000000e+04 9.435970171234383530e-01 1.251888906691321912e-01
3.812700000000000000e+04 9.779788357408201183e-01 1.656428099348915828e-01
3.812800000000000000e+04 9.437903186145067957e-01 1.403433210452051938e-01
3.812900000000000000e+04 1.042345617581913464e+00 1.577841300813046521e-01
3.813200000000000000e+04 1.083501138313413215e+00 2.933320323856376463e-02
3.813300000000000000e+04 1.069215624689466182e+00 1.858427553795793941e-02
3.816700000000000000e+04 9.208757540246057527e-01 5.640937205944021593e-02
3.816800000000000000e+04 1.068405459099512900e+00 1.132885804239425753e-01
3.816900000000000000e+04 1.014185775491200481e+00 1.416458723874518544e-01
3.817200000000000000e+04 1.015420793810502431e+00 3.651160389855270111e-02
3.817400000000000000e+04 1.000840187243696722e+00 4.492165491930867616e-02
3.821300000000000000e+04 1.010137699263206956e+00 3.070901229371354041e-02
3.821400000000000000e+04 1.045623343363269342e+00 1.146604668454370007e-01
3.821500000000000000e+04 1.019249090586299200e+00 7.756736887425073890e-02
3.821800000000000000e+04 9.891911243312657698e-01 4.330892629441042418e-02
3.821900000000000000e+04 1.347899465069698266e+00 2.749924487389425118e-02
3.822000000000000000e+04 1.044655964920861324e+00 -1.165765617645593121e-03
3.822500000000000000e+04 9.907949833888836100e-01 1.180868339393736227e-01
3.825900000000000000e+04 8.164617513710430430e-01 9.391999206937752531e-02
3.827200000000000000e+04 1.013737888236475593e+00 5.498318711582231288e-02
3.827700000000000000e+04 9.695830755714687221e-01 7.368139394541650677e-02
3.828100000000000000e+04 9.482164891983804189e-01 4.485660477019159931e-02
3.828300000000000000e+04 9.649599605980845318e-01 4.359377940311107841e-02
3.830700000000000000e+04 1.054011117502597017e+00 2.234206280177078799e-02
3.831000000000000000e+04 1.013780057541831869e+00 1.099807898742776249e-02
3.833800000000000000e+04 1.031538725670287260e+00 4.013167643050702393e-02
3.848000000000000000e+04 9.526292278657136903e-01 6.900639047154691341e-02
3.856000000000000000e+04 9.569380805653920907e-01 5.842490193048001379e-02
3.860900000000000000e+04 1.055562006632997152e+00 6.472089218879123473e-02
3.861100000000000000e+04 8.870311754392912196e-01 1.077900638966820812e-01
3.864700000000000000e+04 1.018568382919879278e+00 9.744780985348590330e-02
3.864800000000000000e+04 9.738927387145377423e-01 7.679438306102978617e-02
3.864900000000000000e+04 9.656704976383313488e-01 6.234626162137134504e-03
3.865000000000000000e+04 9.707469343946761864e-01 1.097138122019787332e-01
3.865100000000000000e+04 9.842584130227827188e-01 1.489725608878101071e-01
3.867400000000000000e+04 9.182700625769790737e-01 1.185615090961690404e-01
3.867500000000000000e+04 9.155624932238369817e-01 7.303333660461412691e-02
3.867600000000000000e+04 9.409178958083334043e-01 1.253678051811649152e-01
3.867700000000000000e+04 8.827674451855397342e-01 1.803278218011334089e-01
3.867800000000000000e+04 9.630703460614530309e-01 1.599107059059491909e-01
3.869900000000000000e+04 9.693567117809140932e-01 -6.531432631434319624e-02
3.870000000000000000e+04 9.791985229251655154e-01 -2.018316807505693075e-02
3.870100000000000000e+04 9.847001586737809120e-01 -1.032496425865350384e-02
3.870200000000000000e+04 1.023170502010429805e+00 7.049730755264183024e-02
3.870300000000000000e+04 7.976661894030500077e-01 1.452422809917970348e-01
3.870800000000000000e+04 9.729525396936876680e-01 2.614357948044839647e-02
3.873700000000000000e+04 1.054779753457112168e+00 1.596766603712122942e-03
3.873800000000000000e+04 1.002684804737967283e+00 -5.478334644433944384e-02
3.873900000000000000e+04 1.002882746454763385e+00 7.440515535915015466e-02
3.874000000000000000e+04 1.047834687595980974e+00 4.311598252179090623e-02
3.874400000000000000e+04 1.065374363552625159e+00 -4.474541209590111868e-02
3.874500000000000000e+04 1.017707592630685998e+00 7.460682462089976430e-02
3.874600000000000000e+04 9.634608651640849120e-01 1.144651351944388634e-01
3.876600000000000000e+04 1.005811438994988816e+00 5.669839715120303381e-02
3.876700000000000000e+04 9.033086849306797284e-01 1.004659658381418380e-01
3.876800000000000000e+04 9.949511559044186271e-01 7.485743484745713272e-02
3.877300000000000000e+04 8.861343935420361584e-01 -2.958147929194664127e-02
3.877400000000000000e+04 1.009821832721271573e+00 -5.284435550040946644e-02
3.877500000000000000e+04 1.016625049595679897e+00 1.486861115330546761e-02
3.877600000000000000e+04 9.766250267415325093e-01 4.152784715105248964e-02
3.877700000000000000e+04 9.738374564103254860e-01 3.729447601027452083e-03
3.877800000000000000e+04 8.532090408669054105e-01 8.705834916749279062e-02
3.881600000000000000e+04 9.393292558287855698e-01 2.481110615160951258e-02
3.885000000000000000e+04 9.973657277367761198e-01 6.503961081947802481e-02
3.885100000000000000e+04 9.853404918336057250e-01 7.240489636333277690e-02
3.885200000000000000e+04 1.071490039849348763e+00 1.199837345656783044e-01
3.885700000000000000e+04 9.374294391381621239e-01 8.430884074657607821e-03
3.886700000000000000e+04 8.914745367596732528e-01 -7.105845174716612228e-03
3.886800000000000000e+04 9.443265833626925954e-01 -1.085622372090314612e-02
3.886900000000000000e+04 8.478193981111946664e-01 3.756615773663154328e-02
3.888300000000000000e+04 1.006503279503831338e+00 5.456393631271897610e-02
3.888400000000000000e+04 9.889549217112033608e-01 -1.864265952734780324e-03
3.888500000000000000e+04 9.691574117688191992e-01 7.513845228670867904e-02
3.889000000000000000e+04 9.787880613877527614e-01 -1.422047060291304482e-02
3.889100000000000000e+04 8.873485673968256604e-01 6.432641390734898657e-02
3.889200000000000000e+04 8.745685442975873469e-01 8.350770533972651233e-02
3.889400000000000000e+04 9.021762761873478587e-01 1.165381598829068749e-01
3.889900000000000000e+04 9.195281785419530118e-01 1.024019558453914125e-01
3.890000000000000000e+04 9.505002217808817822e-01 1.980502806634393612e-02
3.890100000000000000e+04 8.997400449820022184e-01 -1.944660473613695276e-02
3.890200000000000000e+04 9.744453671392938610e-01 1.121234074141883724e-01
3.891700000000000000e+04 9.478362988759861940e-01 1.980878727853917914e-03
3.891800000000000000e+04 9.683665827952522287e-01 -1.754224268828104630e-02
3.891900000000000000e+04 9.805097168271572627e-01 1.878110826161386721e-02
3.892100000000000000e+04 9.961817167024070718e-01 2.737049384829581475e-03
3.892500000000000000e+04 9.972944854342691290e-01 4.423047740834754743e-02
3.892600000000000000e+04 1.051470195814799169e+00 4.282730678085762410e-02
3.892700000000000000e+04 1.020925095642939651e+00 1.380262319094547989e-02
3.892800000000000000e+04 1.040126714041266887e+00 9.184236527244454829e-03
3.892900000000000000e+04 9.693094460308510074e-01 3.261651249494765259e-02
3.893300000000000000e+04 9.591540525666821804e-01 3.553462433173124047e-02
3.893400000000000000e+04 9.080751138467297867e-01 6.703445218270372152e-02
3.893500000000000000e+04 9.975419126640585610e-01 6.005743108990239595e-03
3.893600000000000000e+04 1.046596719425542332e+00 9.080561279461719926e-02
3.894700000000000000e+04 9.704840306660120763e-01 -3.535338683897646522e-02
3.894900000000000000e+04 9.649382590242578939e-01 -4.602327386955444577e-02
3.895000000000000000e+04 1.053317475299522465e+00 -3.592361142971009502e-02
3.896600000000000000e+04 9.530493689219675657e-01 1.196274417556135866e-01
3.897600000000000000e+04 9.819149153261851337e-01 5.261646390588173294e-02
3.899100000000000000e+04 9.400343458029575272e-01 7.874976418500023723e-02
3.899600000000000000e+04 9.483173212482667314e-01 2.496536697013045439e-02
3.916400000000000000e+04 8.276763253784547025e-01 -2.289090317012761749e-02
3.921700000000000000e+04 1.006442003178598998e+00 -1.572094620390644031e-03
3.921800000000000000e+04 9.860744843722978326e-01 -6.709408976389295842e-02
3.928600000000000000e+04 9.650113280925048942e-01 -6.490399602394485157e-02
3.928700000000000000e+04 9.604938697776596035e-01 -5.030648285457833824e-02
3.930500000000000000e+04 8.627008850318667044e-01 -2.566826440276762794e-02
3.930600000000000000e+04 9.574291437658217774e-01 -2.058434295863955169e-02
3.934300000000000000e+04 9.786452922503452445e-01 1.179289579675232985e-01
3.934400000000000000e+04 9.965067278181969357e-01 5.986350258191643070e-02
3.940000000000000000e+04 9.612642322963236285e-01 8.993644971346559380e-02
3.940100000000000000e+04 1.020685803800147395e+00 6.799021791488403521e-02
3.940200000000000000e+04 1.068109410398563108e+00 2.328495130243007222e-02
3.940300000000000000e+04 1.033603791019444218e+00 7.229046132335492647e-02
3.940400000000000000e+04 9.482385591799551428e-01 7.949278390725025845e-02
3.946700000000000000e+04 1.058883535977434454e+00 3.146310112810588727e-02
3.946800000000000000e+04 1.043886594078554220e+00 6.372054990132133834e-02
3.946900000000000000e+04 9.822170470631411687e-01 7.507857067726973754e-02
3.947100000000000000e+04 1.028785540961637324e+00 6.806828207790986685e-02
3.947200000000000000e+04 9.386981842595285563e-01 1.711297332597585263e-01
3.947300000000000000e+04 1.000956892020911981e+00 3.408961511630172886e-02
3.949600000000000000e+04 9.246679416660856798e-01 1.184635486931743670e-01
3.949700000000000000e+04 9.173111127750576133e-01 5.164673944220680990e-02
3.952500000000000000e+04 1.048541690564028794e+00 6.638131093178625819e-02
3.952600000000000000e+04 1.033609722659557528e+00 7.915319035975976192e-02
3.952700000000000000e+04 1.046406261638838764e+00 -4.626545498387113486e-02
3.956800000000000000e+04 1.131072192614054117e+00 1.576342528207408042e-02
3.956900000000000000e+04 1.055754537955743810e+00 1.076934921443251612e-02
3.960800000000000000e+04 1.014342193835994443e+00 1.420673008069730237e-01
3.960900000000000000e+04 1.047193381846067473e+00 1.782239572921728507e-02
3.961000000000000000e+04 1.112583813180584746e+00 5.200435424103509729e-02
3.961100000000000000e+04 1.085199951604714164e+00 6.888757585406304895e-02
3.961200000000000000e+04 1.081220544409942974e+00 1.419250980915016114e-01
3.961300000000000000e+04 1.064181604986812690e+00 1.650113933737959795e-02
3.962000000000000000e+04 1.039177148416486895e+00 4.652760332316014519e-02
3.965400000000000000e+04 1.052813071523091670e+00 6.954749498157412890e-02
3.966500000000000000e+04 1.146080641868776784e+00 3.838733533152075689e-02
3.966600000000000000e+04 1.098370893192408770e+00 2.197067475222765076e-02
3.966700000000000000e+04 1.127450507759973242e+00 2.319895180723720307e-02
3.966800000000000000e+04 1.136217869647910161e+00 6.071520481115216111e-02
3.967800000000000000e+04 1.077515422245777899e+00 3.801180416964313608e-02
3.967900000000000000e+04 1.064449599207221597e+00 1.012729574123621967e-01
3.968000000000000000e+04 9.974767907687509538e-01 2.442525974716711415e-02
3.968100000000000000e+04 1.056124615105580089e+00 1.045365695724378985e-01
3.968200000000000000e+04 1.064623323808487898e+00 5.206957642472974900e-03
3.969200000000000000e+04 1.069327777345332908e+00 4.400098385039741267e-02
3.969400000000000000e+04 1.062097180561301979e+00 3.165139593153215580e-02
3.969500000000000000e+04 1.085814015581636927e+00 1.932510833947528872e-02
3.969600000000000000e+04 9.743772696873737038e-01 3.912030137363347454e-02
3.972300000000000000e+04 1.094285843116019619e+00 -4.010518131385285012e-02
3.972400000000000000e+04 9.988968849032736630e-01 7.494859057231594013e-02
3.972500000000000000e+04 1.095388711451437125e+00 -1.158736419892137000e-02
3.972600000000000000e+04 1.113498591727411391e+00 7.814898771807850253e-02
3.975100000000000000e+04 1.062387689213412312e+00 -6.320916372704397500e-04
3.975200000000000000e+04 1.042056152227590182e+00 -8.471305366981332630e-03
3.975300000000000000e+04 1.094693595254041085e+00 3.171849285581965217e-02
3.978800000000000000e+04 1.105623424719904824e+00 4.844742468509625338e-02
3.978900000000000000e+04 1.107080310132928069e+00 7.833194985375853403e-02
