1.838600000000000000e+04 8.660379507365280061e-01 -7.508799995547316489e-03
1.840600000000000000e+04 1.291604997783281306e+00 2.684983395512895166e-02
1.841500000000000000e+04 1.196721979523410972e+00 -3.439478159179352318e-02
1.841600000000000000e+04 1.149687217058351862e+00 -2.676304575750326764e-02
1.841700000000000000e+04 9.830499896606301746e-01 9.696334594276620478e-02
1.842200000000000000e+04 9.880186081917344820e-01 1.318573022517369464e-01
1.847800000000000000e+04 2.690120004562206457e-01 -3.619605066178501612e-02
1.848000000000000000e+04 7.406580338536508101e-01 -9.034128649875541178e-03
1.852600000000000000e+04 6.866148061181616136e-01 -1.350285332582937536e-01
1.853600000000000000e+04 9.994259902430889797e-01 -1.187392171074967973e-01
1.856100000000000000e+04 1.156165785092124088e+00 3.873318914141465202e-02
1.856400000000000000e+04 1.079999955285894098e+00 -4.627332555772986286e-03
1.856900000000000000e+04 1.146520886131432215e+00 -4.565829011828928530e-02
1.857500000000000000e+04 1.078610580774603811e+00 -9.476701793713618316e-02
1.857700000000000000e+04 1.107000362146935757e+00 7.836746794733054355e-02
1.859800000000000000e+04 8.589115048015688592e-01 -1.422969259216947946e-01
1.860100000000000000e+04 1.056293423119806452e+00 1.705731808849725306e-02
1.869300000000000000e+04 1.205363110842254448e+00 -2.656727538328320162e-02
1.869400000000000000e+04 1.135981553776320041e+00 -1.454904982591603280e-01
1.869500000000000000e+04 1.076859359347337675e+00 -2.660728576589589667e-03
1.869600000000000000e+04 1.273568488368369334e+00 -1.207892609377104499e-02
1.872900000000000000e+04 1.088557701730484828e+00 -8.833885604936735775e-03
1.873000000000000000e+04 1.144996073938215453e+00 4.572875690511312569e-02
1.878600000000000000e+04 1.177021228393350549e+00 2.954049980068457204e-02
1.878700000000000000e+04 8.985937372734305040e-01 -1.022410006645688013e-01
1.887000000000000000e+04 9.982836536549254403e-01 4.699860310840014987e-02
1.887100000000000000e+04 1.098632045085241593e+00 5.236971277140905351e-02
1.887200000000000000e+04 8.649161218451394406e-01 1.113607485127342395e-01
1.887300000000000000e+04 1.258404532627502626e+00 1.259894422476895703e-01
1.887400000000000000e+04 5.894939150317192178e-01 -1.995120473515672732e-01
1.888500000000000000e+04 1.036577086930240643e+00 6.865386492556099785e-02
1.888600000000000000e+04 1.181893993601538240e+00 2.796645175941551639e-02
1.888700000000000000e+04 1.262979731994485766e+00 3.658254237460296932e-02
1.888800000000000000e+04 1.544052550314908068e+00 1.532449767704326116e-01
1.888900000000000000e+04 9.788173026451186809e-01 4.884296133287543973e-04
1.892800000000000000e+04 1.120615070140168923e+00 -3.697392687086663993e-02
1.893000000000000000e+04 1.066880315785783351e+00 1.488188535162304109e-03
1.894200000000000000e+04 1.084215612066105283e+00 1.355785482631566979e-02
1.894300000000000000e+04 1.205483214853493745e+00 -5.677177451168463965e-03
1.894400000000000000e+04 6.582224900123769817e-01 1.511373014494122036e-01
1.894500000000000000e+04 1.339619858535421315e+00 1.593347554067336413e-01
1.894600000000000000e+04 8.724070430691663880e-01 -5.794142672073675920e-02
1.894700000000000000e+04 1.039821500209273664e+00 -3.181190696882894853e-02
1.894800000000000000e+04 1.022633162167172927e+00 8.004503106558261138e-02
1.895000000000000000e+04 1.160220300810628213e+00 -5.240218996907984594e-02
1.895100000000000000e+04 1.037412752769919289e+00 2.762863208690295030e-02
1.895200000000000000e+04 1.145847677552592314e+00 3.787914655429302363e-02
1.898200000000000000e+04 5.866087015335696986e-01 -3.602386071497740150e-02
1.899200000000000000e+04 1.181323746271713881e+00 4.719992135336244232e-02
1.899400000000000000e+04 1.103005193138158591e+00 -5.197000531653234168e-02
1.899500000000000000e+04 1.362008969339683961e+00 -1.257662639702454288e-01
1.899600000000000000e+04 1.091278551892080229e+00 -3.340972071073518984e-02
1.899700000000000000e+04 1.207895063422677273e+00 3.802064142159619110e-03
1.899800000000000000e+04 1.133384454607816005e+00 -9.529555444592769167e-03
1.899900000000000000e+04 1.176034727406120917e+00 -1.903603196794951755e-02
1.900200000000000000e+04 1.089008410938963278e+00 -6.005599302294985231e-02
1.900300000000000000e+04 1.256587014901768384e+00 7.505298793740064478e-02
1.900400000000000000e+04 1.310957780674830930e+00 1.776094944184123392e-01
1.955100000000000000e+04 1.110694661513122794e+00 1.576238545585026407e-01
1.959100000000000000e+04 1.319023187134812591e+00 2.711096211693497793e-01
1.964500000000000000e+04 6.881046476630934272e-01 2.877168722982040849e-01
1.965200000000000000e+04 1.014105576402719811e+00 4.356767895072921268e-03
1.978600000000000000e+04 4.232468045980269378e-01 -3.405643288614945696e-02
1.991700000000000000e+04 1.003781237613353916e+00 -9.270924187795158422e-02
1.991800000000000000e+04 1.116528271508533399e+00 6.449649998009424068e-02
1.991900000000000000e+04 7.814857360222728921e-01 -6.261309754304067443e-02
1.996300000000000000e+04 5.567180247318846975e-01 -7.036720060066993521e-02
1.996500000000000000e+04 7.787348546142808248e-01 6.696366514328026820e-02
1.997100000000000000e+04 6.563001831292623045e-01 9.594856496686597624e-02
1.999800000000000000e+04 9.981300320603654352e-01 -2.341962087535179871e-01
2.000000000000000000e+04 9.745437169003918765e-01 3.063054220068012895e-02
2.000300000000000000e+04 9.844080952340219515e-01 3.684099475920394468e-02
2.004500000000000000e+04 1.106407858586422766e+00 -7.584925061453118289e-02
2.004600000000000000e+04 1.036865932457268658e+00 -1.572173069552011415e-01
2.004700000000000000e+04 1.104736656124253535e+00 4.954576854454681434e-02
2.004800000000000000e+04 1.105246400191332912e+00 -7.965793426368716901e-02
2.004900000000000000e+04 1.067846200111023602e+00 -3.024684068485578720e-02
2.005000000000000000e+04 1.095888394922946096e+00 -1.302244949978134496e-02
2.005100000000000000e+04 9.700053886251637225e-01 -1.081270528396379993e-01
2.007200000000000000e+04 9.363634714989754748e-01 -5.323928761350203709e-02
2.007300000000000000e+04 8.920082584847321971e-01 -7.062178256972868884e-03
2.007400000000000000e+04 1.064658211767786966e+00 2.216978460700281747e-02
2.007500000000000000e+04 1.048247770616336005e+00 -8.341264236713355484e-02
2.007600000000000000e+04 1.013960121722466967e+00 -1.913049859497368554e-01
2.007700000000000000e+04 1.123350525803680000e+00 1.224132268341792881e-02
2.007800000000000000e+04 1.136242038196140003e+00 8.407539068439044694e-02
2.007900000000000000e+04 1.116109004064421040e+00 2.088070431915573996e-02
2.008000000000000000e+04 1.099631755051240667e+00 -2.109910464695545062e-03
2.010000000000000000e+04 1.068768787620366645e+00 5.705366575128526657e-02
2.010100000000000000e+04 1.161553396189019205e+00 -1.110372163110921601e-01
2.010200000000000000e+04 1.108832670378713026e+00 -1.299152007370011352e-01
2.010300000000000000e+04 1.059978512617236523e+00 -1.996917138456643093e-01
2.010400000000000000e+04 1.116244383251695726e+00 1.285575145379813655e-02
2.010500000000000000e+04 1.143400310834672418e+00 -1.108808035718265583e-01
2.010700000000000000e+04 1.012521498726168812e+00 -6.252959540716933329e-02
2.010800000000000000e+04 1.029146638632211452e+00 -8.532250344381420160e-02
2.012300000000000000e+04 9.752134654247338608e-01 -1.938572583313223283e-02
2.012600000000000000e+04 1.024074825107074149e+00 -1.065194471504739698e-01
2.012700000000000000e+04 1.224635550402271011e+00 -3.099510398988525144e-03
2.012800000000000000e+04 9.989249731782384734e-01 -1.106960693319828798e-01
2.014200000000000000e+04 1.112542245281455511e+00 7.956424554981836317e-02
2.016300000000000000e+04 1.026769203852172296e+00 -1.098890067287768696e-01
2.021500000000000000e+04 1.124208889520220689e+00 -3.025232411353400222e-02
2.021700000000000000e+04 1.006097775393026250e+00 7.349046429182072571e-02
2.025000000000000000e+04 1.120658686580486840e+00 3.381784360189117600e-02
2.025100000000000000e+04 1.144870053672575549e+00 6.600656066737838057e-02
2.025200000000000000e+04 1.121053562202958709e+00 6.964455046786086068e-02
2.027400000000000000e+04 9.546334399944877980e-01 8.322917613960918726e-02
2.027500000000000000e+04 1.040949604952895680e+00 1.304947084455812811e-01
2.028100000000000000e+04 1.022073501187287903e+00 1.214321133647631029e-01
2.029000000000000000e+04 1.038744040098328325e+00 1.838287251308856965e-02
2.029100000000000000e+04 1.050695306479130009e+00 1.803430734212585207e-01
2.029700000000000000e+04 9.936751385801038117e-01 1.022117948289908984e-01
2.029800000000000000e+04 1.037044386821364572e+00 1.114759895974341136e-01
2.029900000000000000e+04 1.027984092612784117e+00 1.143914953649800004e-01
2.030000000000000000e+04 9.788725331375063288e-01 1.496205497733249234e-01
2.031100000000000000e+04 1.058093187784598266e+00 2.030232196481439877e-01
2.031200000000000000e+04 1.070524492183859033e+00 3.579631954216194734e-02
2.032000000000000000e+04 1.080113865649064309e+00 1.260598995193425442e-01
2.032100000000000000e+04 1.033224978112665671e+00 1.251105845604123246e-01
2.033200000000000000e+04 1.034685552111265228e+00 3.093438657601362690e-02
2.033900000000000000e+04 1.027391975507667254e+00 7.075324074862618384e-02
2.034000000000000000e+04 1.025340818390422459e+00 1.141281079211477895e-01
2.034100000000000000e+04 1.066617605875114894e+00 1.212711618036304978e-01
2.034200000000000000e+04 1.013556781694694209e+00 1.214912963268496987e-01
2.034800000000000000e+04 1.139410960116494564e+00 6.158344968756627319e-02
2.035500000000000000e+04 1.053052401902866198e+00 9.821027325355909110e-02
2.035600000000000000e+04 8.632232629498194365e-01 -3.539820976016701953e-02
2.036300000000000000e+04 9.790512190069025067e-01 6.410837729239032834e-02
2.036400000000000000e+04 9.447949418151052603e-01 7.806663434422550160e-03
2.037900000000000000e+04 1.014141834279993049e+00 1.294194737265145223e-01
2.038000000000000000e+04 4.426704245518402470e-01 -2.339129020305570628e-01
2.038600000000000000e+04 1.009953398205661212e+00 3.262748746798165705e-02
2.038700000000000000e+04 1.026421642399377276e+00 5.162132131156155213e-02
2.038800000000000000e+04 9.606529051979281197e-01 1.298850912958920689e-01
2.038900000000000000e+04 1.061909763014438068e+00 7.116890399945415002e-02
2.040500000000000000e+04 1.205594613028877493e+00 1.812840024000963723e-01
2.040600000000000000e+04 1.025028832137425017e+00 -1.606554894387233340e-02
2.040700000000000000e+04 1.086811562916148777e+00 2.360496169255389340e-03
2.040800000000000000e+04 1.106719578041602370e+00 2.859289996120914848e-02
2.041000000000000000e+04 1.130089310481978693e+00 4.345949150616776335e-02
2.041300000000000000e+04 1.043556204758483430e+00 6.955252785824499184e-02
2.041400000000000000e+04 9.924625562677059643e-01 2.904665401506969016e-02
2.042000000000000000e+04 1.218705795606652265e+00 2.804482855561907587e-02
2.043900000000000000e+04 1.016006371518374030e+00 8.622896215261992292e-02
2.044000000000000000e+04 1.002836023189215053e+00 3.210607842428806619e-02
2.044100000000000000e+04 1.086647312017554823e+00 5.407895337346237813e-02
2.044200000000000000e+04 1.047492025053914588e+00 3.998448848573473574e-02
2.044300000000000000e+04 1.093675124342977645e+00 4.867097124801372798e-02
2.044400000000000000e+04 1.012625068775355297e+00 7.028415563399702248e-02
2.044500000000000000e+04 1.032399025846265417e+00 7.923470103368344952e-02
2.044600000000000000e+04 9.740652882519157396e-01 -1.186285753045625453e-02
2.045500000000000000e+04 1.263498575496921017e+00 -1.246092300897949298e-02
2.048100000000000000e+04 1.065876144902737632e+00 3.125207097503402559e-02
2.048200000000000000e+04 1.101459671643063132e+00 3.668219731388047689e-02
2.048500000000000000e+04 1.007355346971553489e+00 2.598663220305968274e-02
2.050400000000000000e+04 1.085538006596070026e+00 6.312532080665773926e-02
2.050500000000000000e+04 1.027106833153869081e+00 6.980325195618566902e-02
2.050600000000000000e+04 1.033380377507115755e+00 8.748415225073002954e-02
2.050700000000000000e+04 1.046740527847437985e+00 6.718579647224289485e-03
2.050800000000000000e+04 1.007898796043014356e+00 3.216788570356329813e-02
2.050900000000000000e+04 7.022517592770458617e-01 9.686765008420089584e-02
2.051300000000000000e+04 9.257444523295048633e-01 2.775553852028426333e-02
2.051500000000000000e+04 1.007801960836904875e+00 6.611954450890553114e-02
2.051600000000000000e+04 9.738877105605781015e-01 3.579661372760163662e-02
2.052000000000000000e+04 1.123799490681254731e+00 1.774644424889890550e-03
2.054100000000000000e+04 9.866175217593184943e-01 1.142259298220305724e-02
2.054300000000000000e+04 1.010364159849055143e+00 8.809149539836669263e-02
2.056100000000000000e+04 1.039174014103666055e+00 -1.954991057629322168e-02
2.056200000000000000e+04 1.113408487518376955e+00 -3.719869431207396826e-02
2.065300000000000000e+04 1.008625161327750597e+00 1.031803925911664727e-01
2.065400000000000000e+04 9.823878940479289223e-01 6.293539562209694849e-02
2.065500000000000000e+04 9.843839442505462056e-01 7.781446782052985067e-02
2.065600000000000000e+04 1.049110279546646263e+00 7.014542763619992238e-02
2.067500000000000000e+04 1.055471027921481175e+00 1.039438961061021904e-01
2.067600000000000000e+04 1.039096575144034196e+00 7.538008871153427382e-02
2.067700000000000000e+04 1.031574341649305282e+00 3.819839242654652495e-02
2.067800000000000000e+04 1.084970706098376869e+00 5.891090781414123206e-02
2.069000000000000000e+04 1.036207962314112052e+00 3.195192100390092937e-02
2.069100000000000000e+04 9.301248961456836106e-01 1.210457227849277284e-01
2.069200000000000000e+04 1.061815820861017778e+00 3.727865913911043022e-02
2.069300000000000000e+04 1.009148525042281141e+00 8.520963195616231001e-02
2.069800000000000000e+04 9.733474869217905168e-01 1.793959452221667306e-01
2.069900000000000000e+04 9.647180990725211513e-01 1.844328572429420610e-01
2.071100000000000000e+04 9.781247165239485009e-01 2.063799128590076623e-02
2.071200000000000000e+04 1.052533563005779937e+00 1.655268234025470964e-01
2.071300000000000000e+04 9.823519684435003674e-01 -2.507937317376988592e-02
2.071400000000000000e+04 1.013712664840696220e+00 4.286077169231364975e-02
2.071500000000000000e+04 9.046146401675907445e-01 1.586405745557935287e-01
2.071600000000000000e+04 9.721977219724832198e-01 1.368425656319520178e-01
2.073000000000000000e+04 8.954864806918463316e-01 7.149370770611261638e-02
2.073100000000000000e+04 9.346507812523181524e-01 4.968634129123290083e-02
2.073300000000000000e+04 1.078310929144398633e+00 -1.026836496031031769e-02
2.073400000000000000e+04 1.033558700358057081e+00 1.936266734263112632e-01
2.073500000000000000e+04 9.937211734946692632e-01 -7.054356130432516692e-02
2.073600000000000000e+04 9.990111537191909141e-01 2.831119000430899757e-02
2.073800000000000000e+04 9.346441744382039118e-01 1.175833027808213666e-01
2.073900000000000000e+04 9.591354569469348057e-01 1.368456140042960401e-01
2.075600000000000000e+04 9.814044131241641544e-01 3.595286615807470609e-02
2.075700000000000000e+04 1.022900870189107358e+00 5.006761719704375807e-02
