8.824800000000000000e+04 1.106801377795566088e+00 7.918430837984870296e-02
8.828400000000000000e+04 9.218502328120671274e-01 1.095772289790442333e-01
8.828600000000000000e+04 7.334417592120358043e-01 8.864468888071945496e-02
8.829100000000000000e+04 1.012283819346095681e+00 -1.534873384924100546e-02
8.829200000000000000e+04 9.803052003538690329e-01 2.983895147810217141e-02
8.829400000000000000e+04 1.099873677176929521e+00 -1.759889014973054500e-01
8.829700000000000000e+04 1.060046375996844148e+00 5.696777238148987427e-02
8.830000000000000000e+04 1.076350905977778050e+00 -4.779206756954620938e-02
8.834000000000000000e+04 1.263195652446203576e+00 6.075994463335604445e-02
8.834100000000000000e+04 9.802542771954603218e-01 2.153780416609713325e-02
8.835600000000000000e+04 1.109547420202023904e+00 1.303363982712241881e-02
8.892300000000000000e+04 9.617290695600884121e-01 1.610288490543423101e-01
8.892400000000000000e+04 1.127513603431164135e+00 7.901413783528110635e-02
8.892500000000000000e+04 1.048245631957484214e+00 1.160876884436786993e-01
8.892600000000000000e+04 9.751955517831274456e-01 4.175025018619528405e-02
8.894800000000000000e+04 9.331180355953856420e-01 2.210594146532585402e-01
8.895000000000000000e+04 6.336111191289029998e-01 -1.180721864252483599e-01
8.895100000000000000e+04 9.592160370990412410e-01 -6.962538790170423597e-02
8.897300000000000000e+04 8.330003781923852602e-01 -1.782260525956164826e-02
8.898600000000000000e+04 8.335572382346849718e-01 4.472673627696707732e-02
8.928000000000000000e+04 7.566775132168567231e-01 1.267764603921502087e-01
8.928100000000000000e+04 8.441423939702168422e-01 -3.639611579943537178e-02
8.928200000000000000e+04 1.127449070947575738e+00 -1.060080734111870648e-02
8.928500000000000000e+04 1.008112876856535056e+00 -2.980411908206474780e-02
8.928600000000000000e+04 9.228179858594608431e-01 -5.337116747950081813e-02
8.928700000000000000e+04 9.666209111081494054e-01 2.341252618123493973e-02
8.929100000000000000e+04 1.082766933884260263e+00 1.157409782342020202e-02
8.929200000000000000e+04 1.025075180788597162e+00 1.973459294689127591e-02
8.929300000000000000e+04 1.092556916199548755e+00 -6.785160912975690857e-03
8.929400000000000000e+04 1.077198704448158573e+00 -3.685014639130461400e-02
8.929500000000000000e+04 9.644409088377722261e-01 -3.704701224760494072e-02
8.934800000000000000e+04 1.099216686994619385e+00 6.300116365683151864e-02
8.934900000000000000e+04 1.296160843062409418e+00 -4.656647178836862550e-02
8.935000000000000000e+04 1.032730410925742692e+00 7.940922054680417397e-02
8.935400000000000000e+04 1.332515207538325752e+00 1.639005130022962997e-01
8.936000000000000000e+04 1.168498818233553616e+00 5.628489743883927088e-02
8.936700000000000000e+04 1.025396883645620871e+00 -3.235477904125545756e-02
8.939200000000000000e+04 9.899877103379915999e-01 -8.494402306334991604e-02
8.939800000000000000e+04 1.111608754386292475e+00 1.216310145785359509e-01
8.940000000000000000e+04 9.823369935496002459e-01 -5.452583174118565829e-02
8.940300000000000000e+04 1.052450245547857266e+00 9.879836011436142484e-02
8.940500000000000000e+04 9.647577422975180950e-01 1.870639210599609747e-01
8.940700000000000000e+04 1.034186192725481845e+00 -3.381942913845731313e-02
8.940900000000000000e+04 8.167671832207075155e-01 -4.330310410439782570e-02
8.942500000000000000e+04 9.383380353735195634e-01 -5.149617842611579899e-02
8.942600000000000000e+04 1.034646397358985448e+00 -8.420224504494804030e-02
8.942800000000000000e+04 1.037656037827891398e+00 4.959073520823974179e-02
8.942900000000000000e+04 9.532220534868542927e-01 1.254484426563418249e-02
8.943200000000000000e+04 7.739431527523276122e-01 -1.038051657983396769e-01
8.943400000000000000e+04 1.026332530930936571e+00 -2.896099031731149895e-02
8.943700000000000000e+04 9.067774812574190824e-01 3.521451618128572381e-02
8.948700000000000000e+04 9.706292250143684353e-01 7.996597560838307472e-02
8.948900000000000000e+04 9.888660870122111257e-01 -1.360588073020327533e-02
8.949100000000000000e+04 9.558631613428411056e-01 1.434133899886813057e-01
8.949600000000000000e+04 9.603311863508277035e-01 1.143689647907352169e-01
8.949900000000000000e+04 9.538307267592667227e-01 1.338855122588379354e-01
8.950000000000000000e+04 9.099570640356046125e-01 1.004976256917375910e-01
8.950100000000000000e+04 1.000391056794745603e+00 -8.034733900002031734e-03
8.950200000000000000e+04 8.826997780356409251e-01 1.140297028180973886e-02
8.950300000000000000e+04 9.123383888565175237e-01 2.170221661995187096e-02
8.950500000000000000e+04 8.760904995814162710e-01 4.336283223302429130e-02
8.950600000000000000e+04 9.774797464716772355e-01 1.322833236008241417e-03
8.952400000000000000e+04 1.009153697634020741e+00 9.740615962963145025e-02
8.953800000000000000e+04 1.139903528539646604e+00 2.832387596693762555e-02
8.954400000000000000e+04 1.049268021181056332e+00 4.297571996998591354e-03
8.954700000000000000e+04 9.859951436956844173e-01 9.258932661581849299e-03
8.955600000000000000e+04 1.072632084495587668e+00 3.271635598211663359e-02
8.955700000000000000e+04 1.165351159925205771e+00 7.896573462203142560e-03
8.956000000000000000e+04 1.013996575786100474e+00 1.075998363442485367e-01
8.956100000000000000e+04 9.836470098420736496e-01 1.904318269635326202e-02
8.956400000000000000e+04 9.332766265396389427e-01 7.137831531046191780e-02
8.956500000000000000e+04 7.180452361046675280e-01 -1.105733364219330661e-01
8.956800000000000000e+04 8.668170320113864902e-01 9.064448891937068598e-02
8.957700000000000000e+04 9.049509102061682464e-01 -1.589532419148328990e-02
8.958100000000000000e+04 8.958413087693301025e-01 -4.409610140224162582e-03
8.958600000000000000e+04 9.880190091840067579e-01 -2.218018757411444400e-02
8.959000000000000000e+04 9.577235625221075521e-01 5.829895603427892592e-02
8.959700000000000000e+04 9.602327425745630363e-01 4.879315430428910610e-02
8.960200000000000000e+04 9.533880111180588202e-01 -2.903141296470961030e-02
8.960300000000000000e+04 1.018852156884411109e+00 -6.821650299247822118e-03
8.960400000000000000e+04 1.055212860778115269e+00 -8.140453898635835461e-02
8.960500000000000000e+04 1.096684296361608801e+00 -4.462704571194929526e-03
8.968600000000000000e+04 1.210660382542731117e+00 -2.764942316291596480e-02
8.969200000000000000e+04 1.005863304331509056e+00 -8.359259181775285930e-02
8.973100000000000000e+04 1.471593722701471707e+00 4.759299781472052689e-03
8.973200000000000000e+04 1.126157300394563077e+00 -3.752539605054478616e-02
8.982800000000000000e+04 9.720416251706437416e-01 -4.917637462283787342e-02
8.982900000000000000e+04 1.055746389401439167e+00 -4.754490283511537962e-02
8.983000000000000000e+04 9.297226923283634648e-01 -1.736677941987143856e-02
8.992500000000000000e+04 9.446789617608311040e-01 1.449016993722789526e-01
8.992600000000000000e+04 9.781434240730930707e-01 1.285575281103705780e-01
8.999700000000000000e+04 9.215715006599969339e-01 3.548263384392306291e-02
9.002300000000000000e+04 9.011522219796409550e-01 6.779905126377192004e-02
9.002500000000000000e+04 9.663207501797782539e-01 1.105555769827262502e-01
9.002600000000000000e+04 9.947868455633692708e-01 4.569331506419015837e-02
9.005100000000000000e+04 8.676197481182572613e-01 1.429317894212187023e-01
9.005200000000000000e+04 9.069594776167777539e-01 6.786105886188542602e-02
9.005300000000000000e+04 1.000805224961030415e+00 -3.304539861260516465e-02
9.005400000000000000e+04 1.006859033831615235e+00 -4.837993452829106311e-03
9.005500000000000000e+04 9.888919821123003384e-01 -5.450508611088722422e-02
9.005600000000000000e+04 9.884281743502310036e-01 8.673336709764820074e-02
9.008400000000000000e+04 1.021392336824322067e+00 7.810173201661141373e-02
9.008500000000000000e+04 1.056923539960881619e+00 -2.201738346637153315e-02
9.008600000000000000e+04 9.390505526832141348e-01 6.440832726103647154e-02
9.008700000000000000e+04 1.052487559836937203e+00 -3.553231843365323162e-02
9.008800000000000000e+04 1.044796439135200483e+00 1.215634942737330720e-02
9.008900000000000000e+04 1.293161608773409021e+00 9.513553618720627103e-02
9.010800000000000000e+04 1.069423275990885491e+00 -3.631626011816536676e-03
9.012000000000000000e+04 1.068718132053853687e+00 -1.282124399082958111e-01
9.012100000000000000e+04 1.069889079035424295e+00 -8.699789307850019915e-02
9.012200000000000000e+04 1.025120417743182966e+00 -9.677589638225644886e-02
9.012300000000000000e+04 1.047274447863107083e+00 -9.295592491182119721e-02
9.012400000000000000e+04 1.002700168400302960e+00 -4.634042171968060647e-02
9.012500000000000000e+04 9.111592617792754201e-01 -1.442299969974759899e-01
9.012600000000000000e+04 1.108736705150186408e+00 -2.531676301418789646e-02
9.012700000000000000e+04 1.067568977549789189e+00 7.431164984549612496e-03
9.014600000000000000e+04 1.014890370548916732e+00 3.177839274207711062e-02
9.015200000000000000e+04 1.069290422998662171e+00 7.041542746536490205e-02
9.016000000000000000e+04 1.100937742492891891e+00 1.308082667547681363e-02
9.016500000000000000e+04 1.122295389511116737e+00 7.093936074586122686e-02
9.017200000000000000e+04 1.094340037268914712e+00 -4.317661507107502239e-02
9.018300000000000000e+04 1.025812158659324735e+00 -5.858212343083810114e-02
9.018900000000000000e+04 1.073564425508708231e+00 6.677109797603986152e-02
9.019500000000000000e+04 1.051524820767878454e+00 -5.422348307791331062e-02
9.020100000000000000e+04 9.977907069499811765e-01 -2.159513128077667453e-03
9.020200000000000000e+04 1.104749848009057178e+00 -8.146091751556758936e-03
9.021600000000000000e+04 9.794451850729868347e-01 1.608918603923787868e-02
9.022000000000000000e+04 1.051491216298901188e+00 2.220006668756085294e-02
9.022200000000000000e+04 9.802278801392966257e-01 8.797035346766100827e-02
9.022500000000000000e+04 1.262456280308785539e+00 -9.186873745600886154e-02
9.022700000000000000e+04 1.197293484687153908e+00 1.224674187994254093e-01
9.022900000000000000e+04 1.079625226800332571e+00 -7.588117860508539203e-02
9.023100000000000000e+04 1.103050481578819575e+00 9.911383132221132652e-02
9.023300000000000000e+04 1.231227866186912712e+00 9.902942437871636167e-03
9.023500000000000000e+04 1.122668804241408358e+00 -5.290518125384369164e-02
9.023600000000000000e+04 1.193584280924744556e+00 3.107719680438553525e-02
9.023700000000000000e+04 1.294963865799157565e+00 1.439894262097340116e-01
9.023800000000000000e+04 9.614777354889035843e-01 4.569724072333069403e-02
9.026300000000000000e+04 1.052121307860778066e+00 -5.036806185948835418e-02
9.026400000000000000e+04 8.773906698355973255e-01 -1.303765246636588021e-02
9.026500000000000000e+04 1.039749388109760808e+00 -3.404858619256960484e-02
9.026600000000000000e+04 1.051314948796343129e+00 -1.591638004537388948e-02
9.027100000000000000e+04 1.018052860833322137e+00 -8.454950556406579110e-02
9.027300000000000000e+04 1.065705792909664273e+00 -9.615773631451454695e-03
9.027400000000000000e+04 1.055529320947471650e+00 -8.156853152293754364e-03
9.027800000000000000e+04 1.001062136986184736e+00 -4.961777913421235031e-03
9.029700000000000000e+04 8.979480652796290041e-01 1.418063505713170191e-01
9.029800000000000000e+04 9.398861169494808765e-01 1.507962840501631818e-01
9.029900000000000000e+04 9.779248661318572511e-01 1.233336210479719364e-01
9.030500000000000000e+04 9.960503681489757399e-01 9.934272409132355319e-02
9.030600000000000000e+04 1.033454872513721590e+00 1.536446398139656999e-01
9.031500000000000000e+04 1.014252580766709100e+00 1.150560680153177306e-01
9.031600000000000000e+04 8.623932464835994960e-01 6.549669620550396809e-04
9.031700000000000000e+04 7.699772102308657384e-01 -2.364176426343194207e-02
9.031800000000000000e+04 7.895257154331372096e-01 -7.681221820493368269e-02
9.031900000000000000e+04 8.490496613289989503e-01 -1.579816653936036777e-02
9.032000000000000000e+04 8.811850074854977732e-01 2.569819778370648761e-02
9.032100000000000000e+04 8.089840137820419885e-01 1.027753443881429113e-01
9.033700000000000000e+04 8.186771254576035162e-01 2.104067931456081453e-01
9.033800000000000000e+04 9.284452260296455206e-01 2.628728392622154408e-01
9.033900000000000000e+04 9.864157108284415942e-01 2.077010507026677832e-01
9.034000000000000000e+04 9.460394981515520829e-01 1.384887739063311862e-01
9.034200000000000000e+04 1.016029314365648029e+00 9.455382404348752767e-02
9.034300000000000000e+04 8.778913782294422985e-01 7.771228754861404797e-02
9.034400000000000000e+04 8.823051795377369055e-01 -1.151546936670398702e-02
9.034500000000000000e+04 9.015702495735444799e-01 9.728166146328558195e-02
9.034600000000000000e+04 8.410855315669265586e-01 1.684698313142473092e-01
9.034700000000000000e+04 9.802035365960284352e-01 -2.567675383073081755e-02
9.034800000000000000e+04 7.435591513138241071e-01 -1.235316590355942656e-01
9.034900000000000000e+04 8.692210906528092806e-01 5.766234468368906796e-02
9.035000000000000000e+04 8.658437978124305934e-01 2.846891425670648040e-02
9.035100000000000000e+04 8.543940062346132569e-01 1.974482251479155528e-02
9.036700000000000000e+04 1.003833113246191955e+00 1.504335120822526961e-01
9.036800000000000000e+04 1.018943999324052996e+00 3.263498744122784317e-02
9.036900000000000000e+04 1.028177722697092289e+00 1.190670671710478412e-01
9.037000000000000000e+04 1.018353580560814597e+00 1.928824765189635915e-01
9.037100000000000000e+04 9.478704225597269772e-01 9.388427183105466090e-02
9.037200000000000000e+04 1.047369908809050898e+00 1.619610883842577120e-01
9.037300000000000000e+04 1.029416224712891292e+00 1.052958798987735090e-01
9.037400000000000000e+04 9.819258280304529185e-01 1.094623684356356014e-01
9.037500000000000000e+04 1.114326442099581538e+00 8.362676645906086392e-02
9.037600000000000000e+04 1.065767196041711440e+00 6.908741694253175969e-02
9.037700000000000000e+04 9.822543524776423673e-01 -6.131920161187678908e-02
9.037800000000000000e+04 9.710605954467425027e-01 -9.656283620101994980e-02
9.037900000000000000e+04 8.821540763720707723e-01 3.779541806517195887e-03
9.038100000000000000e+04 9.740717677393181395e-01 5.036228150286304467e-02
9.040200000000000000e+04 9.902583247938747668e-01 -8.868921205372050191e-04
9.040300000000000000e+04 9.639547227213012270e-01 -3.630060814752491660e-03
9.040400000000000000e+04 1.145690043876661957e+00 6.680438794567739036e-02
9.040600000000000000e+04 1.052413081720026788e+00 3.441706559136983173e-02
9.040800000000000000e+04 9.464261289420189405e-01 -2.646801113016512830e-02
9.040900000000000000e+04 9.843510999789398808e-01 1.736067854325444929e-02
9.041000000000000000e+04 8.532853831091481434e-01 -5.045452817412045959e-02
9.041400000000000000e+04 8.974789651421209991e-01 -5.677954238617406724e-02
9.042400000000000000e+04 8.461753444541869618e-01 -1.439808308122395367e-02
9.042500000000000000e+04 9.955506803123207460e-01 3.557170563589975854e-02
9.043000000000000000e+04 1.018936910769396187e+00 5.947941965194544767e-02
9.043200000000000000e+04 9.754659520041680798e-01 2.538844556303453473e-02
9.043300000000000000e+04 1.052808374266976266e+00 -3.674732027260026179e-02
9.043400000000000000e+04 9.965852076921730696e-01 1.582164987512840737e-02
