5.431200000000000000e+04 1.216759288721332544e+00 1.085626940514712591e-01
5.431300000000000000e+04 1.143482446428010890e+00 1.061867423509344488e-01
5.435400000000000000e+04 1.010218948774541659e+00 1.577284910067819693e-02
5.439000000000000000e+04 9.832501907080903880e-01 1.180488142346449026e-01
5.439100000000000000e+04 1.001200249199202696e+00 9.082304255708706364e-02
5.439200000000000000e+04 9.550843445161650846e-01 1.847876062184944379e-02
5.440400000000000000e+04 1.084452621658229088e+00 9.055096683259442059e-02
5.442200000000000000e+04 9.651953539096237433e-01 -9.213198747334717942e-02
5.442300000000000000e+04 8.929843403866605245e-01 -9.124919801979469725e-02
5.442500000000000000e+04 1.018020512114151011e+00 -1.431998468793224955e-01
5.446500000000000000e+04 9.448475290690281359e-01 -8.716063773394418408e-05
5.446600000000000000e+04 8.383694877012090041e-01 -7.525188231731440303e-02
5.448800000000000000e+04 1.120160215383490421e+00 -4.343148908558287780e-02
5.448900000000000000e+04 8.994094071894390696e-01 -4.929637098439160897e-02
5.449000000000000000e+04 9.539655886616952296e-01 -1.661624158938806994e-01
5.449100000000000000e+04 9.413476664803870353e-01 -5.636641307638971810e-02
5.449200000000000000e+04 1.030670470996099874e+00 -5.957616890662113113e-02
5.449300000000000000e+04 1.076307630462740139e+00 1.021579751166527827e-02
5.450200000000000000e+04 8.691385754556212317e-01 -9.534817625473418490e-02
5.450300000000000000e+04 8.586080177414810999e-01 -9.608100262506477640e-02
5.450400000000000000e+04 9.142336348140296387e-01 -9.386930446459168520e-02
5.452000000000000000e+04 9.607357931396872663e-01 -1.572265562041806897e-01
5.452100000000000000e+04 9.250206642445468752e-01 -4.370045918929924694e-02
5.452200000000000000e+04 9.839236543947605940e-01 -1.835916563687693126e-01
5.452300000000000000e+04 1.050428001144730228e+00 -5.259905441789866631e-02
5.452400000000000000e+04 1.072143451586667240e+00 4.243815187357332513e-02
5.452500000000000000e+04 9.206186971078762493e-01 -9.842561636187746599e-02
5.452600000000000000e+04 9.495804783439971697e-01 -3.023746468465467879e-02
5.452700000000000000e+04 1.034437178071943464e+00 -4.383139234254536387e-02
5.452800000000000000e+04 1.227835522372996202e+00 -1.320870733271421460e-01
5.461800000000000000e+04 1.031405498842170587e+00 4.145310723005531106e-02
5.461900000000000000e+04 1.101881976319942558e+00 2.412846204686693377e-02
5.462000000000000000e+04 1.072267230630838508e+00 -6.127761406700518720e-02
5.462100000000000000e+04 1.003801887560131334e+00 -1.910468303661529699e-01
5.462200000000000000e+04 9.117710762528210555e-01 -9.304306374914725342e-02
5.462800000000000000e+04 9.044834617959973677e-01 -6.275937375611757851e-02
5.462900000000000000e+04 9.473291509363347407e-01 -1.163986277274939585e-01
5.464400000000000000e+04 1.062871910837106748e+00 6.549444810085981727e-02
5.464500000000000000e+04 9.352275171675490384e-01 -2.507084683417420412e-01
5.464600000000000000e+04 1.005507372886891293e+00 -1.131156138158892072e-01
5.464700000000000000e+04 1.054726876288945014e+00 -3.765287075819931384e-02
5.465300000000000000e+04 9.836736499160642078e-01 8.752366760465776774e-02
5.467100000000000000e+04 8.940069589263598404e-01 -1.209568655708675861e-01
5.467200000000000000e+04 9.336913913915555474e-01 -1.008792217322188912e-02
5.467300000000000000e+04 8.788314146397232518e-01 -6.617298325973443307e-02
5.470200000000000000e+04 1.004565105669826375e+00 3.760897717805707779e-02
5.470300000000000000e+04 1.064034181101851662e+00 -3.129611095037495433e-02
5.470600000000000000e+04 1.063775041004703104e+00 1.172942459381712439e-02
5.470700000000000000e+04 9.916794942756828046e-01 2.742395388244726201e-02
5.470800000000000000e+04 9.420427863542568669e-01 -9.089332340043526637e-02
5.472500000000000000e+04 9.406378680368118195e-01 -1.579306418879511675e-01
5.472600000000000000e+04 9.752758941987362817e-01 -1.581083372336281878e-01
5.473000000000000000e+04 9.942376390490352822e-01 8.984036548776005993e-02
5.473100000000000000e+04 9.449889741179434699e-01 -1.000422311618509585e-01
5.473400000000000000e+04 1.043068003787801734e+00 5.181937878122451491e-02
5.473600000000000000e+04 8.731801630080608945e-01 -7.476627928983071991e-02
5.473700000000000000e+04 8.753586720915216279e-01 -7.280218989124563611e-02
5.473800000000000000e+04 8.369932739116323628e-01 -4.986555755880524299e-02
5.474500000000000000e+04 8.920933283892521493e-01 1.348570434760847786e-02
5.474600000000000000e+04 1.122542875978617571e+00 -8.352668781760788641e-02
5.474800000000000000e+04 9.894413110151849544e-01 7.116861043944680554e-02
5.474900000000000000e+04 1.023912163324866231e+00 7.421127622688111769e-02
5.475000000000000000e+04 8.907168960871446606e-01 -1.344801237248282877e-01
5.475100000000000000e+04 8.965866021406019293e-01 -2.132801071954697203e-02
5.475200000000000000e+04 8.967791309096193597e-01 -3.235599116398712310e-02
5.475300000000000000e+04 8.771421850673611909e-01 -1.284389670265676520e-01
5.477100000000000000e+04 1.080247830760162842e+00 4.049559723257026289e-02
5.477200000000000000e+04 1.033283903298222173e+00 6.938822791292945102e-02
5.477300000000000000e+04 7.654782691267028039e-01 -2.926103295079118261e-01
5.478900000000000000e+04 1.023242680773793989e+00 6.487079756660393826e-02
5.491500000000000000e+04 9.886531364526631727e-01 1.129911382609325027e-01
5.503300000000000000e+04 9.221385023862075370e-01 7.375391536475023498e-03
5.503400000000000000e+04 9.604962630324399564e-01 -4.830403232779095085e-02
5.503500000000000000e+04 1.113134466042096093e+00 -1.864048324392383604e-01
5.503700000000000000e+04 1.261754042095121653e+00 8.853468818608352386e-02
5.503800000000000000e+04 1.080494417632424264e+00 -2.231888796185866608e-01
5.503900000000000000e+04 1.050484396732440429e+00 -1.633976576870897757e-01
5.504000000000000000e+04 1.012386700121012506e+00 -1.953060450710170093e-01
5.523400000000000000e+04 1.053204667746576506e+00 -2.140426734719130530e-01
5.523500000000000000e+04 1.119141687292636522e+00 -8.522746849999721097e-02
5.523600000000000000e+04 9.698886390793245438e-01 -2.548481357671341097e-01
5.523700000000000000e+04 1.026972816193214344e+00 -2.362296159045581545e-01
5.523800000000000000e+04 9.721639396975880754e-01 -1.537296556373283218e-01
5.523900000000000000e+04 1.046288500396377108e+00 2.917185882697088603e-02
5.524000000000000000e+04 1.034985726273092599e+00 -9.682380092834766763e-03
5.524100000000000000e+04 1.071415634037714337e+00 6.353600562146133335e-02
5.524200000000000000e+04 9.576342059559120878e-01 -1.863377400625453595e-01
5.524300000000000000e+04 8.964604758275512841e-01 -2.168037248464163291e-01
5.524500000000000000e+04 9.204146495439048392e-01 -8.736345801308252612e-02
5.525700000000000000e+04 1.284796722563285254e+00 -1.926912883164077772e-01
5.525800000000000000e+04 1.005954337218806005e+00 -1.415746235040800660e-01
5.525900000000000000e+04 1.012240228794724306e+00 1.528684432218312128e-02
5.526000000000000000e+04 1.071709994418174938e+00 2.662025723905205032e-03
5.526100000000000000e+04 1.092735404010816813e+00 8.702463304072105554e-02
5.526200000000000000e+04 1.071962441239345143e+00 4.771652427012046394e-02
5.526300000000000000e+04 9.747294968830833017e-01 -5.333617904319996883e-02
5.526400000000000000e+04 1.234733772335027568e+00 1.428000916178776836e-01
5.526700000000000000e+04 7.360646258041055878e-01 6.366376112672399168e-02
5.528200000000000000e+04 1.079559339087174941e+00 1.352543287509873904e-01
5.528300000000000000e+04 9.949108836057004579e-01 2.956271901285742118e-02
5.528400000000000000e+04 9.724309259122392302e-01 -3.386607561735918009e-02
5.528500000000000000e+04 1.099729522560339179e+00 1.203170725383080619e-01
5.528600000000000000e+04 1.120951330877189012e+00 5.743377505470787653e-02
5.528700000000000000e+04 9.209537146651249895e-01 -2.585192557460851415e-01
5.528800000000000000e+04 9.114190753382871435e-01 1.148885493964291599e-01
5.528900000000000000e+04 1.110733440387972726e+00 1.930794274386518974e-02
5.531500000000000000e+04 1.030963624997478512e+00 3.719289319967614832e-02
5.531600000000000000e+04 1.085791432136676171e+00 -1.036113120266365789e-01
5.531700000000000000e+04 9.729066713369448616e-01 -1.208607853880233063e-01
5.531900000000000000e+04 8.855865418903187125e-01 -3.023011214156020032e-01
5.532000000000000000e+04 1.119118895193114138e+00 6.213372271655347515e-03
5.532100000000000000e+04 1.261203357965990035e+00 6.697462743235060856e-02
5.533500000000000000e+04 9.454138416962716285e-01 -1.445618485324501601e-01
5.533700000000000000e+04 9.963277198640656529e-01 -1.421131421539687523e-01
5.533800000000000000e+04 9.610469743161683676e-01 -1.690309318038490383e-01
5.533900000000000000e+04 8.847637607398213255e-01 -1.166644482288123758e-01
5.534100000000000000e+04 1.038709844023704587e+00 1.336536500890910494e-02
5.534200000000000000e+04 1.258049831494516990e+00 2.129275151417537593e-01
5.537800000000000000e+04 9.964280512976736448e-01 -7.743009256901317583e-02
5.537900000000000000e+04 9.362595887855393872e-01 -3.837838307936560465e-03
5.538200000000000000e+04 1.053143906759232085e+00 1.464031484584233170e-02
5.538300000000000000e+04 1.125131527442053914e+00 5.656954302295293807e-02
5.540000000000000000e+04 1.001264421340742672e+00 -2.181899561899180162e-01
5.540100000000000000e+04 9.345378691686848649e-01 -2.544736336157856216e-01
5.540200000000000000e+04 1.104945292374072130e+00 -1.677742842232449183e-02
5.540300000000000000e+04 1.243686079181167914e+00 6.981062476239388581e-02
5.543000000000000000e+04 1.106374797256938658e+00 2.288340220093931614e-03
5.543100000000000000e+04 9.985841470689964527e-01 8.404298978275254184e-02
5.549400000000000000e+04 1.049981867549157233e+00 7.864945913156741464e-02
5.549500000000000000e+04 1.173901855984315290e+00 -1.353381998873649621e-02
5.552600000000000000e+04 1.059997009238794030e+00 1.364862132309843101e-01
5.552700000000000000e+04 1.049825822776580209e+00 3.900253951521991808e-02
5.554700000000000000e+04 1.059927957188396164e+00 2.152802664919325690e-02
5.554900000000000000e+04 1.223484122691343767e+00 8.766574539480168071e-02
5.555000000000000000e+04 1.025197920432336929e+00 1.451116035097204382e-01
5.555100000000000000e+04 1.153168696267778959e+00 1.369935964679229734e-01
5.555200000000000000e+04 1.276798978751664704e+00 1.157239485478343266e-01
5.555300000000000000e+04 1.021960176191265779e+00 -3.225515428076723007e-02
5.555400000000000000e+04 1.028125728971426733e+00 -1.604167459159137887e-01
5.557100000000000000e+04 9.663421316381300974e-01 -5.800261546594515788e-02
5.559800000000000000e+04 1.001041420566954443e+00 1.154248666520985879e-02
5.559900000000000000e+04 1.020269881494356934e+00 1.036081276696626183e-02
5.560100000000000000e+04 9.057713945633082409e-01 -2.172040468328740870e-01
5.570300000000000000e+04 9.579192859757276191e-01 1.549942273198803497e-02
5.574300000000000000e+04 1.049584975517545926e+00 2.671135583864645349e-02
5.581200000000000000e+04 1.053961093905279922e+00 1.473528033016541505e-01
5.582300000000000000e+04 1.045814257901547917e+00 5.991210197471298626e-02
5.583600000000000000e+04 1.039957916850920983e+00 -5.717103649297684831e-02
5.583700000000000000e+04 9.540929544357783509e-01 -5.196827782261329715e-02
5.583800000000000000e+04 1.045327323825707477e+00 1.242020159706886534e-02
5.583900000000000000e+04 9.932499591542991446e-01 -1.761464696378802625e-02
5.586500000000000000e+04 8.236553860930528881e-01 1.537010758795476772e-01
5.586600000000000000e+04 9.815058171420921740e-01 9.925926933637853333e-02
5.586700000000000000e+04 1.026003188987594905e+00 9.218280472438243611e-02
5.586800000000000000e+04 9.618231934703271868e-01 1.509745017723356231e-01
5.586900000000000000e+04 1.086353266671722162e+00 1.022807246770667533e-01
5.587000000000000000e+04 1.023658206253714509e+00 8.324026095655329138e-03
5.587100000000000000e+04 9.889073857303268822e-01 9.196984460018425844e-02
5.587800000000000000e+04 1.042120761709445009e+00 6.310674588720976974e-02
5.587900000000000000e+04 9.312710542252088386e-01 6.590929203507382705e-02
5.588300000000000000e+04 8.982953354455663897e-01 6.815276366744715819e-02
5.588400000000000000e+04 8.981988957116400218e-01 -5.134434837947145919e-02
5.588500000000000000e+04 9.951613235701858295e-01 -6.587018641105207850e-02
5.588600000000000000e+04 9.707142863772475483e-01 -4.680154277036754212e-02
5.591100000000000000e+04 9.815481481348194981e-01 1.257210647687238003e-01
5.591200000000000000e+04 1.113910613974608665e+00 9.797783797607838296e-02
5.591300000000000000e+04 1.076376350055547437e+00 1.585580876455858768e-01
5.591400000000000000e+04 9.589867434404145685e-01 -1.908921073647298211e-02
5.591500000000000000e+04 9.175373473661507795e-01 -1.123208107536499863e-02
5.591800000000000000e+04 9.309114642987358357e-01 -2.924720337974505424e-02
5.591900000000000000e+04 8.605281530652479915e-01 1.100082816747297298e-01
5.592000000000000000e+04 9.873752680372095414e-01 1.217372907317339215e-02
5.593600000000000000e+04 1.017002930992273679e+00 -4.035010315998808356e-02
5.594400000000000000e+04 1.098559311201911193e+00 9.193716991252957882e-02
5.594500000000000000e+04 9.459281196947791903e-01 -3.842123618251380018e-02
5.594600000000000000e+04 9.704724948348364411e-01 -5.563417927248567874e-02
5.594700000000000000e+04 9.674354141069392288e-01 1.013461801033347862e-02
5.595600000000000000e+04 1.009937217761862849e+00 1.988273600218569762e-02
5.595700000000000000e+04 1.009963282360702097e+00 -9.532983078550547051e-02
5.595800000000000000e+04 9.958774913857539879e-01 -8.833765250463083973e-02
5.596000000000000000e+04 9.908771519089069058e-01 -2.292364783186053023e-02
5.596300000000000000e+04 1.029463777980065053e+00 4.774983652815002755e-02
5.596400000000000000e+04 9.689663243534230030e-01 -3.169994623614507540e-02
5.596600000000000000e+04 8.983707443167014972e-01 7.063348934776635113e-02
5.597600000000000000e+04 1.066160138896052656e+00 6.754981798164987061e-02
5.597800000000000000e+04 1.082610437173340046e+00 8.265220995981681362e-02
5.597900000000000000e+04 1.079552803690687179e+00 5.203770072712264605e-02
5.598100000000000000e+04 9.647492212139318069e-01 4.430727713358892372e-02
5.598200000000000000e+04 9.717059771781216826e-01 -3.688509959943054445e-02
5.598700000000000000e+04 1.069969040387490411e+00 -8.851439457890708518e-02
5.598800000000000000e+04 1.059785140339154941e+00 -1.951128728546966049e-02
5.598900000000000000e+04 8.924640144552674625e-01 -2.476077996387186786e-02
5.599000000000000000e+04 9.635491409329756118e-01 -1.053389102255705700e-02
5.599100000000000000e+04 9.974099790886555850e-01 -6.572654947330454356e-02
5.599200000000000000e+04 9.767209335779181156e-01 -4.375795108276647749e-02
5.600000000000000000e+04 1.023402882416023063e+00 1.289088549590025889e-01
5.600100000000000000e+04 9.761262693308166982e-01 9.782787429425991721e-02
5.600200000000000000e+04 9.713988831661972689e-01 1.238255469151801486e-01
5.600300000000000000e+04 1.110768426518952579e+00 1.889205709115215626e-01
5.600400000000000000e+04 1.052714037633453392e+00 1.176587789772113105e-02
