6.668200000000000000e+04 1.110330611484737107e+00 1.183158119277305520e-01
6.669600000000000000e+04 1.073652837995069831e+00 3.429352690098479758e-03
6.669700000000000000e+04 1.117255381312119544e+00 -5.902923443451141283e-02
6.669800000000000000e+04 1.030599410530356197e+00 -7.751781912529324969e-02
6.669900000000000000e+04 1.075934862378703505e+00 -1.434157704050230131e-01
6.670000000000000000e+04 9.821084288912763638e-01 -4.838702231762306849e-02
6.670100000000000000e+04 9.874437195857678207e-01 -2.734148888101093147e-04
6.670200000000000000e+04 1.012502279136981764e+00 -7.345224082309272096e-02
6.670300000000000000e+04 1.050023923777489321e+00 6.743809275397995295e-02
6.670400000000000000e+04 1.069370231890402367e+00 -3.667864203568530629e-02
6.670500000000000000e+04 9.584383934125115800e-01 -9.188478423431320485e-02
6.672600000000000000e+04 1.097301118494476535e+00 -7.341960961515246742e-02
6.672700000000000000e+04 1.052462758084111050e+00 -9.103152977867950968e-02
6.672800000000000000e+04 1.132901143697470303e+00 1.394112814280921812e-02
6.673000000000000000e+04 1.042418090447778445e+00 -1.001552501935974865e-01
6.673100000000000000e+04 9.689553432665040100e-01 -6.393993236850624429e-02
6.674600000000000000e+04 9.927396926304620228e-01 -4.840647838278908099e-02
6.674700000000000000e+04 1.050167812988611393e+00 -5.892827502888675628e-02
6.674800000000000000e+04 1.018583173456624635e+00 -5.669506910137449285e-02
6.674900000000000000e+04 9.646362418304135211e-01 -8.549022900293627714e-02
6.675000000000000000e+04 1.062627952128488040e+00 -1.065417134160964313e-01
6.675100000000000000e+04 9.879476567020577527e-01 1.833478177768897190e-03
6.675200000000000000e+04 1.055222476094177297e+00 1.064739283611879084e-01
6.675300000000000000e+04 1.056800924217910831e+00 -3.865173105131983894e-02
6.675400000000000000e+04 1.051133025394610510e+00 -2.016613689647669266e-02
6.678900000000000000e+04 1.206044176149652314e+00 -8.257130324801206789e-02
6.679000000000000000e+04 1.061720093571223877e+00 -2.323066594429502862e-02
6.679100000000000000e+04 1.070933959486507048e+00 -1.518205935002031048e-01
6.679200000000000000e+04 1.169407961110718874e+00 4.023571905674696789e-03
6.679300000000000000e+04 1.063218135361851946e+00 -8.204522895764007617e-02
6.679400000000000000e+04 1.073847704888004850e+00 -8.527263939908862056e-02
6.679500000000000000e+04 1.004948256939174334e+00 2.888790226060747399e-03
6.679600000000000000e+04 1.077107663372417035e+00 4.956770402593446700e-02
6.679700000000000000e+04 1.143322542939206210e+00 -7.007629604197596063e-02
6.679800000000000000e+04 1.052144470075028870e+00 -5.360961354875006663e-02
6.679900000000000000e+04 1.040909466906122294e+00 -4.831729648479551886e-02
6.680500000000000000e+04 1.072211230712969865e+00 -9.055611009233428821e-02
6.680600000000000000e+04 1.091980698971669161e+00 -5.648768370912986281e-02
6.680700000000000000e+04 9.613032912458057133e-01 1.224471781982160029e-01
6.680800000000000000e+04 1.043534125686698122e+00 -1.431329665587133607e-02
6.680900000000000000e+04 1.009727322367198088e+00 3.540258255348240068e-02
6.681000000000000000e+04 9.785422670719985394e-01 2.234465203473807657e-02
6.681100000000000000e+04 9.512370866093440291e-01 -5.978441274223791381e-03
6.681200000000000000e+04 9.951149081483924297e-01 8.387646009953785009e-02
6.681300000000000000e+04 9.420406951471014256e-01 6.374655870169020078e-02
6.681400000000000000e+04 9.969700789122566409e-01 -8.430320998710601199e-02
6.681500000000000000e+04 9.472862577361148562e-01 -3.526990007125752752e-02
6.682500000000000000e+04 1.161301238183018336e+00 1.690922291761207119e-02
6.682600000000000000e+04 1.100360743158647514e+00 2.123565828717358800e-02
6.682700000000000000e+04 1.028055466990435596e+00 -1.833184852374231816e-02
6.682800000000000000e+04 1.110676508820681141e+00 5.877294701628236334e-02
6.682900000000000000e+04 1.093012467673399213e+00 -4.789045511663295868e-02
6.683000000000000000e+04 1.128533978406573768e+00 -1.653157455711714435e-02
6.683100000000000000e+04 1.026807730957923104e+00 -2.617998850299708968e-02
6.683200000000000000e+04 1.062899451836146092e+00 7.999389021602926197e-02
6.683300000000000000e+04 9.820405593787172593e-01 -3.277352367013910972e-02
6.683400000000000000e+04 1.057502276126786711e+00 -4.504343779560888300e-02
6.683500000000000000e+04 1.034457770014638678e+00 1.896528097105789831e-02
6.684700000000000000e+04 1.025237754917893929e+00 3.846070202347414910e-03
6.684800000000000000e+04 1.054729152640572210e+00 -3.441369760029697883e-02
6.684900000000000000e+04 1.141655676126141605e+00 -1.194555207814395302e-02
6.685000000000000000e+04 1.114197383843362754e+00 9.998642661070701945e-03
6.685100000000000000e+04 1.013913886073686932e+00 1.870482556770850305e-02
6.685200000000000000e+04 1.074826291267712453e+00 -8.284315374590373038e-02
6.685300000000000000e+04 1.039686994442041934e+00 9.773021142541983217e-03
6.685400000000000000e+04 1.065204372256056908e+00 -5.395907145806995431e-02
6.685500000000000000e+04 1.054111763008513059e+00 -6.596938287108790322e-02
6.685600000000000000e+04 9.880768531505391694e-01 -1.644538717017134805e-02
6.688500000000000000e+04 1.036661052005550143e+00 5.617990898075245904e-02
6.688600000000000000e+04 9.659200181984648470e-01 7.515084965418686314e-02
6.688700000000000000e+04 9.031043733045108768e-01 9.966285322614627795e-02
6.688800000000000000e+04 9.183694760467278062e-01 3.716450541256791779e-02
6.688900000000000000e+04 9.667521038758097873e-01 1.245641409099930985e-01
6.689000000000000000e+04 9.825998690462089957e-01 -1.483878951185606601e-02
6.689100000000000000e+04 9.794752510370998699e-01 -3.256736608104018188e-02
6.689200000000000000e+04 1.012052208148672472e+00 -1.545611690033769567e-02
6.690500000000000000e+04 9.594717251238003008e-01 -5.275375814170106537e-02
6.690600000000000000e+04 9.953683805113933136e-01 -2.215406832042908156e-02
6.690700000000000000e+04 1.120022810357754750e+00 1.101990656974844059e-05
6.690800000000000000e+04 1.001099174111684365e+00 -6.632768337169772654e-02
6.690900000000000000e+04 1.036578417133711572e+00 2.557081355886707541e-02
6.691000000000000000e+04 1.061102838446394525e+00 1.439682974637090107e-01
6.692500000000000000e+04 1.042957420201894747e+00 -1.554681650662009113e-04
6.692600000000000000e+04 9.908530043772431073e-01 -3.738510529212400735e-02
6.692700000000000000e+04 9.574370070652046261e-01 -8.800787370489564221e-02
6.692800000000000000e+04 9.098574196083379917e-01 -3.680971587149974716e-02
6.693800000000000000e+04 8.928934267257601087e-01 2.134030610515872534e-02
6.693900000000000000e+04 8.353897645265827565e-01 -1.750152884050660412e-02
6.694000000000000000e+04 9.158969918452860570e-01 -2.083177638798556705e-02
6.695000000000000000e+04 1.196167537934198721e+00 -4.427474614056803315e-02
6.697700000000000000e+04 9.393519760609566616e-01 -3.062928828652810090e-02
6.699300000000000000e+04 9.546582987550439325e-01 1.348326556098753889e-02
6.699400000000000000e+04 9.254280786670046055e-01 -3.905309998261478899e-02
6.703500000000000000e+04 9.196485318381291130e-01 3.043787259087051694e-02
6.703600000000000000e+04 8.835664047155721290e-01 2.978570945799987116e-02
6.707200000000000000e+04 8.866977606774223419e-01 -5.009045941977406657e-02
6.707300000000000000e+04 9.001462080203900262e-01 2.239665797053751184e-03
6.710000000000000000e+04 1.094702638142272422e+00 -1.145887614902631885e-01
6.711900000000000000e+04 1.035238077199729823e+00 -4.876267842639850358e-02
6.712400000000000000e+04 9.637954558015042750e-01 -4.256826649324293999e-03
6.714500000000000000e+04 1.043039862327676426e+00 -1.077236243032950597e-01
6.715000000000000000e+04 1.050606373588355957e+00 3.865311197900938439e-02
6.716600000000000000e+04 1.069320102004206907e+00 -9.178523017379919269e-02
6.716700000000000000e+04 1.092311801905822000e+00 -4.312562129170377512e-02
6.716800000000000000e+04 1.049221744273220125e+00 3.123838555021224081e-02
6.716900000000000000e+04 1.169544166473637459e+00 -9.363801761802173496e-02
6.717000000000000000e+04 1.080173549090738261e+00 -7.812623100765418716e-02
6.717100000000000000e+04 1.105244773762784183e+00 -1.096685116566765983e-01
6.717200000000000000e+04 1.021318387408089778e+00 -1.516826953517795736e-02
6.719400000000000000e+04 1.022595521516420636e+00 -1.439549694260519597e-02
6.719800000000000000e+04 1.022370552540390554e+00 -5.336663018610774550e-03
6.719900000000000000e+04 1.126239626661365900e+00 -8.547307921905546169e-02
6.720000000000000000e+04 1.062858236591334160e+00 -6.057201897754730530e-02
6.720100000000000000e+04 1.067715617468836919e+00 -4.001235428550994205e-02
6.720200000000000000e+04 1.140510837890322815e+00 -5.928419579597798451e-03
6.720300000000000000e+04 1.140970823328688821e+00 -3.390970594980468461e-02
6.722000000000000000e+04 8.978091772260949899e-01 -1.315235588672465650e-01
6.722100000000000000e+04 8.250800388033152633e-01 -3.533131195246480560e-02
6.722600000000000000e+04 9.061780967269575937e-01 -7.203940998959240671e-02
6.730900000000000000e+04 8.290312353370054010e-01 1.830242749910907310e-02
6.731200000000000000e+04 1.091011798322478299e+00 -1.125657376652797366e-02
6.731300000000000000e+04 1.035803160722188254e+00 -6.419942325115859938e-02
6.731400000000000000e+04 1.040848468989075570e+00 2.543964067584178132e-02
6.731500000000000000e+04 1.071287313149969389e+00 2.868432976543494606e-02
6.731600000000000000e+04 1.128859580182980160e+00 1.211825279668643333e-02
6.732500000000000000e+04 8.632429182101020171e-01 -6.899117793698124335e-03
6.736700000000000000e+04 1.038419495794682401e+00 -3.931357809001390091e-02
6.736800000000000000e+04 1.098869087804569933e+00 -5.317502894931216972e-02
6.736900000000000000e+04 1.112209501792363664e+00 -1.024290321888343853e-02
6.737000000000000000e+04 1.129104662867454367e+00 2.315623410046636563e-02
6.737100000000000000e+04 1.059859118911112175e+00 3.089189874179410975e-02
6.737200000000000000e+04 9.750906396103641294e-01 -3.543729029191620972e-02
6.737300000000000000e+04 9.596184093131088222e-01 -2.284633451632902407e-03
6.737400000000000000e+04 9.171259329667101889e-01 -2.818323058009492704e-02
6.737500000000000000e+04 9.165021771674637385e-01 4.359632653513953460e-02
6.737600000000000000e+04 9.110449652481582561e-01 2.121621849502053694e-02
6.740500000000000000e+04 1.041771881458576576e+00 1.887569760762385432e-02
6.740600000000000000e+04 1.027674018541429479e+00 7.150277491603330982e-02
6.740700000000000000e+04 1.016705193865028667e+00 3.240463540584381796e-02
6.740800000000000000e+04 1.036793357532839188e+00 4.164334302776381835e-02
6.740900000000000000e+04 1.121568972206992809e+00 7.409301726856876158e-02
6.741000000000000000e+04 9.893318190603074269e-01 -6.141001826704458461e-02
6.741100000000000000e+04 9.519415336625554058e-01 -3.459248904077152909e-02
6.741200000000000000e+04 8.961432291553950158e-01 5.175074794049333571e-02
6.741300000000000000e+04 9.158570258055952484e-01 6.716719426147085836e-02
6.741400000000000000e+04 9.228413773148538279e-01 5.053552109654459168e-02
6.741500000000000000e+04 8.675186541917986327e-01 1.207564079912530342e-01
6.742500000000000000e+04 9.335300497930304475e-01 2.800709555395307707e-02
6.742600000000000000e+04 9.361125144481379223e-01 4.422188377428939998e-02
6.742700000000000000e+04 9.121270893613614428e-01 -6.335220814453579145e-03
6.742800000000000000e+04 8.997421164172687558e-01 1.289804791662345351e-01
6.742900000000000000e+04 8.306677756897881126e-01 9.153519737192868100e-02
6.743000000000000000e+04 7.752272793493900638e-01 9.302305122764922829e-02
6.745000000000000000e+04 1.060434897490342587e+00 8.565626380900245862e-02
6.745100000000000000e+04 1.193401276174499426e+00 -1.175850538244995608e-02
6.745200000000000000e+04 9.063090370907140869e-01 3.179478443589150993e-02
6.745300000000000000e+04 9.078849433080412590e-01 9.379138180066831643e-02
6.745400000000000000e+04 9.179008076437680241e-01 -3.022218066734405281e-02
6.745500000000000000e+04 9.119214540616110698e-01 2.255767599670830681e-01
6.745600000000000000e+04 9.338312997211081212e-01 -1.760948131675053874e-02
6.747100000000000000e+04 9.714679169284837768e-01 7.698999371457020124e-02
6.747200000000000000e+04 9.325402844452935769e-01 3.532275144884440554e-02
6.747300000000000000e+04 9.596229488722777257e-01 4.993594406403749353e-02
6.747400000000000000e+04 8.884309634466891481e-01 5.808351063883972210e-02
6.749000000000000000e+04 9.558244163926274961e-01 5.000871856762396754e-03
6.749100000000000000e+04 1.012995290278726479e+00 -2.831760647167995415e-02
6.749200000000000000e+04 9.457501778561077099e-01 -6.685328359645139988e-03
6.749300000000000000e+04 9.805681900921685568e-01 9.617131139764878434e-02
6.750500000000000000e+04 8.803336100324916647e-01 6.195444415124790050e-04
6.750600000000000000e+04 9.730010010884077021e-01 2.759551525132354285e-02
6.750700000000000000e+04 8.706658682537335991e-01 1.579309840595320008e-02
6.845300000000000000e+04 1.052598197986398310e+00 -8.041934312491766379e-02
6.845400000000000000e+04 1.161834897521496934e+00 1.371636021609073768e-03
6.845500000000000000e+04 1.139558158716645897e+00 -5.142845981435442693e-02
6.845600000000000000e+04 1.185618972432987084e+00 3.195809463925322613e-02
6.845700000000000000e+04 1.123332318857770185e+00 1.236186916076949388e-01
6.847400000000000000e+04 7.120011099082862449e-01 2.624202992559594994e-01
6.847700000000000000e+04 6.652288626249019954e-01 3.329885658493143136e-02
6.848400000000000000e+04 1.000000000000000000e+00 0.000000000000000000e+00
6.848500000000000000e+04 1.109409902448827978e+00 -3.906080585455304344e-02
6.848600000000000000e+04 1.104468009181176713e+00 -6.632811039436159462e-02
6.848700000000000000e+04 1.097036854981846998e+00 7.389444131406952554e-02
6.848800000000000000e+04 1.137242677608177432e+00 9.200970874070307781e-02
6.849100000000000000e+04 1.047214710012911665e+00 -5.268493343213644965e-03
6.849200000000000000e+04 9.175698257249859102e-01 -5.250370844796913711e-02
6.849300000000000000e+04 9.593722174257145463e-01 -5.029351974598772479e-02
6.849400000000000000e+04 1.023046400533402123e+00 -5.210391338229839603e-02
6.849500000000000000e+04 1.015871073506031452e+00 5.763980868365235766e-03
6.849600000000000000e+04 9.902548407470425085e-01 5.157368379244747086e-02
6.849700000000000000e+04 9.180568361801321187e-01 -8.428497208795436568e-02
6.851700000000000000e+04 1.000000000000000000e+00 0.000000000000000000e+00
6.851800000000000000e+04 1.043678619795804785e+00 1.443889281862614782e-01
6.851900000000000000e+04 1.077092894386221689e+00 6.883719333617786817e-02
6.852000000000000000e+04 1.148712718746679684e+00 9.870328536473280123e-02
6.852100000000000000e+04 1.124265463704963164e+00 1.144800560136846196e-01
6.852200000000000000e+04 1.083390981037207323e+00 3.923909137192534147e-02
6.852300000000000000e+04 1.009816080138833838e+00 1.473506403240028850e-01
6.852400000000000000e+04 1.009208014595364356e+00 1.247582810779504781e-01
6.852500000000000000e+04 8.618782345190294514e-01 -8.315522347601811415e-02
6.852600000000000000e+04 1.053510675239503591e+00 4.245888218011942966e-02
