9.687600000000000000e+04 1.089072853711897881e+00 9.393443634558219790e-02
9.691300000000000000e+04 1.045975819516573369e+00 2.921492374944064177e-02
9.716200000000000000e+04 1.086280312031010054e+00 9.648599925378013864e-02
9.717600000000000000e+04 1.100921020271766082e+00 -1.542332671215120195e-02
9.717700000000000000e+04 1.128919414016166911e+00 9.422180611634833891e-02
9.721100000000000000e+04 1.366056905583060921e+00 7.884285779667488114e-02
9.721300000000000000e+04 1.309273057562797105e+00 3.938492884091435858e-02
9.724100000000000000e+04 1.036420339695464765e+00 8.223117644404900894e-02
9.724400000000000000e+04 9.114298366817243924e-01 -1.792497828187190542e-02
9.725500000000000000e+04 9.477082477986581432e-01 -1.799900343454322038e-01
9.725600000000000000e+04 1.045273351713554844e+00 -5.739073939569463989e-02
9.725800000000000000e+04 1.213183001169784170e+00 4.792330486673711948e-02
9.725900000000000000e+04 1.229509851217314376e+00 4.578706552544958147e-02
9.726000000000000000e+04 1.222318550543574966e+00 3.979004689897504277e-02
9.733400000000000000e+04 9.660516038622727342e-01 1.259419224337111898e-01
9.735300000000000000e+04 1.031198463831020318e+00 1.398333672263546712e-01
9.739200000000000000e+04 9.480123853785509258e-01 1.017462821707640630e-01
9.740900000000000000e+04 1.211966020130103905e+00 8.859386573964718459e-02
9.741000000000000000e+04 1.112936502957682983e+00 1.355700358577663356e-01
9.741100000000000000e+04 1.050990223761376186e+00 1.038516809368279642e-01
9.743900000000000000e+04 1.086023792813419098e+00 6.604015291439989388e-02
9.745300000000000000e+04 8.900291345536924803e-01 1.676372663081822367e-01
9.745400000000000000e+04 9.472518964811300624e-01 9.857722080986124069e-02
9.745500000000000000e+04 8.764550184813587608e-01 1.096662575168734638e-01
9.745700000000000000e+04 8.575379401368850019e-01 8.589937491719649987e-02
9.745800000000000000e+04 9.968593961435994188e-01 9.908328786832359958e-02
9.748600000000000000e+04 8.957086228278852147e-01 1.691291680729112984e-02
9.748700000000000000e+04 1.010879378836578857e+00 1.216952978354159942e-01
9.748900000000000000e+04 9.292139671017930480e-01 1.627075098250750917e-01
9.749000000000000000e+04 9.987696524665070630e-01 5.441600021160226952e-02
9.749100000000000000e+04 1.002650707652570139e+00 1.170918850411003104e-01
9.749200000000000000e+04 1.054862873018353353e+00 1.779548918510397981e-01
9.750000000000000000e+04 8.756971572841104612e-01 -1.212282698362968925e-01
9.750800000000000000e+04 1.014838264187335026e+00 -2.231246406453129272e-01
9.750900000000000000e+04 1.202241878704588762e+00 4.823634578328311190e-02
9.751200000000000000e+04 1.181002725347818583e+00 1.232963893061833349e-01
9.751300000000000000e+04 1.187691449966761237e+00 9.407490338427541843e-02
9.751400000000000000e+04 1.141510704276886834e+00 1.501759855041329972e-01
9.755900000000000000e+04 9.960129913707499449e-01 -1.516631789180046819e-01
9.759200000000000000e+04 9.727759552406237686e-01 -2.254939909133175657e-01
9.759400000000000000e+04 1.213772574024318374e+00 8.560323458220375770e-02
9.759500000000000000e+04 1.357023010809287999e+00 3.697432129879347357e-02
9.759600000000000000e+04 1.213615836451509722e+00 5.834485377256187072e-02
9.759700000000000000e+04 1.220154591895604712e+00 1.151248494431787034e-01
9.761800000000000000e+04 1.223153327947468894e+00 9.117657928854374857e-03
9.761900000000000000e+04 1.334404808606150183e+00 9.096357058761860015e-02
9.762000000000000000e+04 1.293208769315337126e+00 1.066374341205090781e-01
9.762100000000000000e+04 1.183974120967569599e+00 7.370564884949655504e-02
9.762200000000000000e+04 1.155890121694798545e+00 1.443714319306683425e-01
9.762300000000000000e+04 1.084110826433422270e+00 6.461195381792562975e-02
9.764400000000000000e+04 1.259089041124558550e+00 9.728731145140143144e-02
9.764500000000000000e+04 1.180778016344856018e+00 2.463187983370426770e-02
9.764600000000000000e+04 1.098116208804239990e+00 6.432601361449037658e-02
9.764700000000000000e+04 1.209257449158891884e+00 7.196437898183535853e-02
9.772200000000000000e+04 1.041502786861460361e+00 1.879693478334020784e-01
9.772600000000000000e+04 9.966105527878741377e-01 -4.674369023622008956e-02
9.816400000000000000e+04 9.251934441598154146e-01 2.745951756893493315e-02
9.816500000000000000e+04 8.227262982910404920e-01 -9.893158255643078047e-02
9.821600000000000000e+04 9.861058809174222395e-01 -7.859304585566233292e-02
9.821700000000000000e+04 8.457587128052284076e-01 -4.824317310867375086e-02
9.822300000000000000e+04 9.095193153484344428e-01 -9.419424300270921868e-02
9.825900000000000000e+04 8.662191781128648627e-01 -5.521988102644588385e-03
9.826000000000000000e+04 8.562582583975207884e-01 -6.827723949491336375e-02
9.826700000000000000e+04 1.001297626368878868e+00 -2.625066902626057089e-02
9.826900000000000000e+04 1.086568914650044793e+00 -7.066601002121886480e-03
9.827200000000000000e+04 1.145514757519141780e+00 -3.481106607790793173e-02
9.827400000000000000e+04 1.072737735693150896e+00 1.125713207659341172e-02
9.827700000000000000e+04 1.001122628501760037e+00 -3.942153155653492502e-02
9.827800000000000000e+04 9.665122115834932082e-01 -1.269425538203005910e-01
9.827900000000000000e+04 1.056588342346538978e+00 1.285912379108039051e-02
9.828000000000000000e+04 1.110888582957853643e+00 -1.608398869015247382e-02
9.829400000000000000e+04 8.973356688208828924e-01 -1.221925416566846945e-01
9.829500000000000000e+04 9.294877150579301528e-01 3.955268969103673676e-02
9.830600000000000000e+04 8.908258977408801682e-01 3.060977181266122393e-02
9.830700000000000000e+04 1.029060949621527277e+00 -1.807042632322419795e-01
9.830800000000000000e+04 1.054945621085946028e+00 -4.584380700610535611e-03
9.830900000000000000e+04 9.833126847445001761e-01 -4.702091826358102689e-02
9.831000000000000000e+04 9.842359755646097330e-01 -3.204254052134797998e-02
9.831100000000000000e+04 9.717417159083862055e-01 -9.104844423706093259e-02
9.831200000000000000e+04 1.098466207234239489e+00 7.698009676151722214e-02
9.831400000000000000e+04 9.880648798134843425e-01 -1.566522030914662689e-01
9.836400000000000000e+04 9.532470783190420960e-01 -2.771900663353793481e-02
9.837000000000000000e+04 8.402753019718059990e-01 -4.915072990099429717e-02
9.837100000000000000e+04 8.905208511389557380e-01 -1.682272389480908223e-02
9.837200000000000000e+04 8.968167643688321755e-01 -7.129733148361198924e-02
9.837400000000000000e+04 9.429606750127881298e-01 -1.053094661140659555e-01
9.837500000000000000e+04 1.008122091810225385e+00 -1.084172660575796754e-02
9.838000000000000000e+04 9.555335433568510339e-01 -7.845306156529473218e-02
9.838100000000000000e+04 9.993711095673682987e-01 -3.221354722664981907e-02
9.839800000000000000e+04 8.379124047078987392e-01 -9.677547125414768733e-03
9.839900000000000000e+04 1.009289624193363544e+00 -1.459512708025957617e-01
9.841000000000000000e+04 9.906037524431448027e-01 -1.516864864410478742e-01
9.841100000000000000e+04 8.635544284339193855e-01 -7.134572261888345868e-02
9.841200000000000000e+04 9.582467474574899446e-01 -1.306492720925114988e-02
9.841300000000000000e+04 9.593716473691331625e-01 -6.865087621384277639e-02
9.841400000000000000e+04 9.852794131973000580e-01 -6.087088634329088782e-02
9.841500000000000000e+04 1.071042163209858344e+00 5.783048501572528310e-02
9.841600000000000000e+04 1.022599755733636817e+00 -1.759073863198561960e-01
9.857800000000000000e+04 9.716540326413308781e-01 -4.390008277821298016e-02
9.858100000000000000e+04 1.180099601504998930e+00 -3.022313339443182673e-02
9.858200000000000000e+04 1.092890632189152722e+00 -7.763265969486488061e-02
9.858400000000000000e+04 1.242727822611713107e+00 -2.777998885668881562e-02
9.858500000000000000e+04 1.045244858046125103e+00 1.503040847333908352e-02
9.858600000000000000e+04 1.021472963565395853e+00 -1.156521958529440480e-01
9.858700000000000000e+04 1.093356953451821711e+00 -3.223255153034563364e-02
9.862600000000000000e+04 1.010706046262368707e+00 -3.922347565433534702e-03
9.862800000000000000e+04 1.010323118399276243e+00 -1.671897359257590657e-02
9.862900000000000000e+04 9.080430665480264674e-01 -7.968409938328707698e-02
9.863000000000000000e+04 9.456299847015502413e-01 -9.563212740987495075e-02
9.863100000000000000e+04 1.037081651715553887e+00 -5.652847330001232323e-02
9.863200000000000000e+04 9.735229905232536396e-01 -6.948781328423978346e-03
9.863300000000000000e+04 8.222526993533532114e-01 4.422387344739778930e-02
9.863400000000000000e+04 9.817896507466561395e-01 -1.495068914001514149e-01
9.863500000000000000e+04 1.006802778897205819e+00 -7.178601565406475538e-02
9.871000000000000000e+04 9.923998176047319486e-01 -8.848300766793919248e-02
9.871200000000000000e+04 1.167867818856949125e+00 3.210669157379821177e-03
9.871300000000000000e+04 1.006591496321625590e+00 -5.804227767050841591e-02
9.871400000000000000e+04 1.132200747021112397e+00 -9.431171929870399429e-02
9.871600000000000000e+04 9.962176765629860986e-01 -1.459597448037984815e-02
9.871700000000000000e+04 1.008963660699341292e+00 -2.934654654164984069e-02
9.871900000000000000e+04 9.765012697329236158e-01 -5.066664078978811575e-02
9.878700000000000000e+04 9.863426655174999391e-01 -3.163291099923673001e-03
9.878800000000000000e+04 1.039609611888309360e+00 -1.556554976604095086e-01
9.878900000000000000e+04 9.327043699263832810e-01 -1.175122809715597322e-02
9.879000000000000000e+04 9.601877368921271083e-01 -1.891857605993285674e-01
9.879100000000000000e+04 1.073761897307013768e+00 2.715669872055770026e-02
9.879200000000000000e+04 1.090341348403958799e+00 -8.446317765368253905e-02
9.879300000000000000e+04 9.881545301781486934e-01 -1.771531552310909308e-01
9.879400000000000000e+04 9.796381103756571784e-01 -4.789706433839712590e-02
9.903400000000000000e+04 1.044148499514305550e+00 -8.907976721687657640e-02
9.903600000000000000e+04 2.890555187777472224e+00 -6.577747853201011408e-01
9.903700000000000000e+04 3.214005832766216653e+00 -6.697773332962770887e-01
9.950400000000000000e+04 8.538725635636466027e-01 1.341635944882566163e-03
9.950500000000000000e+04 8.993085735977067730e-01 3.667393995181103539e-02
9.950600000000000000e+04 9.339692947448313687e-01 -1.039489091624371114e-01
9.950700000000000000e+04 9.739402123357933094e-01 -1.576806058622376092e-02
9.950800000000000000e+04 8.980988855435150242e-01 1.228119447373280694e-02
9.950900000000000000e+04 1.002122611085296322e+00 -7.824247639853780523e-02
9.951100000000000000e+04 1.031814704746727873e+00 -2.805201585346069060e-02
9.951200000000000000e+04 1.110320786526686865e+00 -1.120982234687627893e-02
9.954500000000000000e+04 1.110472530374266187e+00 -9.968148473865494352e-02
9.957200000000000000e+04 8.821854982259986766e-01 5.536423613037017022e-02
9.957600000000000000e+04 7.896178044263537643e-01 1.819212817672207633e-02
9.957700000000000000e+04 8.483514301114059020e-01 -2.373652363027947687e-02
9.957900000000000000e+04 8.253071623430047188e-01 4.788238201468002914e-02
9.967100000000000000e+04 8.822788810695894046e-01 -5.925483292575207256e-02
9.967300000000000000e+04 9.570866405190835424e-01 -1.352457797653431881e-01
9.967400000000000000e+04 8.756561289135752491e-01 -1.869487057339986047e-01
9.967500000000000000e+04 9.953694363090331843e-01 -6.328852189887201884e-02
9.967900000000000000e+04 9.168623148864141204e-01 -1.625214731670484303e-01
9.969300000000000000e+04 9.966130239918472578e-01 -5.355512032515756526e-02
9.969400000000000000e+04 8.566050512457018540e-01 -1.257950751271564027e-01
9.969800000000000000e+04 9.344150791895253771e-01 -5.053187477324052462e-02
9.972500000000000000e+04 9.872178567044270769e-01 -2.582913041598854445e-02
9.972600000000000000e+04 8.335226355361237127e-01 4.418586016817076939e-02
9.972800000000000000e+04 9.533969462574750642e-01 -2.031797010596790298e-01
9.973300000000000000e+04 8.285992868651151921e-01 -8.201033567539750546e-02
9.973400000000000000e+04 8.852683951411436380e-01 -1.151360736680451247e-01
9.973600000000000000e+04 9.096533255185519362e-01 -8.577628501686332396e-02
9.975600000000000000e+04 9.716169570482589002e-01 -4.738017735985513429e-02
9.975700000000000000e+04 8.934341860591445972e-01 -4.443112255340306987e-02
9.975900000000000000e+04 9.085226820358301980e-01 5.420086312698288444e-02
9.976000000000000000e+04 8.861713333130043502e-01 -1.810402713650892947e-01
9.976300000000000000e+04 9.544850023275535111e-01 -1.333521196272436371e-01
9.976500000000000000e+04 9.076208760716408808e-01 -1.635834907705156493e-01
9.976600000000000000e+04 1.033033886743676799e+00 -7.657652588178207043e-02
9.977600000000000000e+04 9.470204027563556837e-01 -1.061461404849159545e-01
9.977800000000000000e+04 1.007065116330698507e+00 -9.108259660489982645e-02
9.977900000000000000e+04 1.190265419096823596e+00 -2.581712875317523914e-02
9.978000000000000000e+04 1.056789704355745485e+00 -2.106908107200263225e-01
9.978100000000000000e+04 9.894882585432726030e-01 -1.214336381756952604e-01
9.978200000000000000e+04 9.722438936424349087e-01 -9.204454088704829007e-02
9.978500000000000000e+04 9.460369607942302750e-01 -1.324309488597738838e-01
9.978700000000000000e+04 9.838212839333906334e-01 -5.609852037844212380e-02
9.978900000000000000e+04 9.291610347610168574e-01 -5.426452816793507494e-02
9.983500000000000000e+04 9.960717930299145539e-01 -1.420514647762657068e-01
9.983600000000000000e+04 1.088637516127155980e+00 -1.511010700396918927e-01
9.983900000000000000e+04 1.004881197000235593e+00 -8.570002078882336949e-02
9.984000000000000000e+04 9.044068376833696021e-01 -1.518270939643785455e-01
9.986900000000000000e+04 1.024100754275937941e+00 1.173232239504292812e-01
9.987000000000000000e+04 8.634590648176664329e-01 2.811968312903374012e-01
9.987100000000000000e+04 9.318782560536171822e-01 2.584550714141070626e-01
9.987200000000000000e+04 8.793416868334580361e-01 2.479298324640036855e-01
9.987300000000000000e+04 9.131785190843109135e-01 2.259754138753396757e-01
9.987400000000000000e+04 9.905920011438510420e-01 1.620126334417616165e-01
9.987500000000000000e+04 9.187579398320119273e-01 1.637638061624839825e-01
9.993800000000000000e+04 8.510278590109693342e-01 2.149236898055790768e-01
9.993900000000000000e+04 8.752993438410202609e-01 1.665806535631643992e-01
9.994000000000000000e+04 9.348173611644675640e-01 1.717291073517937250e-01
9.994100000000000000e+04 9.471950606031809272e-01 1.866323534802417639e-01
9.994200000000000000e+04 9.345665364398715313e-01 1.584623359198412129e-01
9.994300000000000000e+04 9.478409676589626409e-01 2.077191886439691548e-01
9.994400000000000000e+04 9.419549157672841844e-01 1.721945134587646031e-01
1.000870000000000000e+05 1.175635571699675364e+00 7.659765255758607672e-02
1.000880000000000000e+05 1.287813034420614011e+00 1.321904968699554039e-01
1.001660000000000000e+05 1.048774780663764616e+00 6.354227374642752724e-02
1.001670000000000000e+05 1.210398172019281127e+00 6.867187910152436348e-02
1.001690000000000000e+05 1.132044711262124137e+00 1.582596678720634142e-01
1.001710000000000000e+05 1.253593627273742683e+00 1.394123167073443859e-01
1.001730000000000000e+05 1.014425097106392393e+00 -4.218563775259941834e-02
