4.101900000000000000e+04 1.351111336022764897e+00 -1.227613999161157425e-02
4.102000000000000000e+04 8.851431204993199797e-01 -8.287201493313124667e-02
4.102100000000000000e+04 1.098294646363449312e+00 -2.659310511778549893e-02
4.102200000000000000e+04 1.213180066305111993e+00 -5.546209521756852862e-03
4.103400000000000000e+04 1.019779459958211509e+00 -4.303755226212761797e-02
4.110800000000000000e+04 1.227555921897755420e+00 1.146465223641807973e-01
4.111800000000000000e+04 1.128157176065682332e+00 -4.896382317706548387e-02
4.116600000000000000e+04 1.149461983424652889e+00 -4.680233250554755725e-02
4.116700000000000000e+04 1.237172601555465157e+00 1.226905649046572920e-02
4.116800000000000000e+04 1.119025864998546282e+00 -3.147552580313157239e-02
4.116900000000000000e+04 9.264671586897166300e-01 -1.775196233006963095e-02
4.117000000000000000e+04 1.073117907458838838e+00 -4.214565233002241784e-02
4.117100000000000000e+04 1.172027282030459583e+00 6.315957143725356784e-03
4.117200000000000000e+04 1.194164804938826707e+00 2.619377387567486774e-03
4.117300000000000000e+04 1.121209459062509017e+00 1.222074154635555826e-02
4.118900000000000000e+04 1.071419380095150364e+00 -8.476822375933593112e-02
4.119000000000000000e+04 1.162230586743119964e+00 4.964698618415879644e-02
4.119100000000000000e+04 1.157149989252959532e+00 -7.415717550062106422e-02
4.119200000000000000e+04 1.174765727181370067e+00 7.331601102785191559e-02
4.119300000000000000e+04 1.082803978016372737e+00 -5.410677016010562689e-03
4.119400000000000000e+04 1.130843750233385014e+00 2.028350758548802188e-02
4.119600000000000000e+04 1.130113845456387267e+00 4.339997586506262606e-02
4.119700000000000000e+04 1.111771173382170907e+00 -2.278379176766212946e-02
4.124400000000000000e+04 1.186264134796372938e+00 -6.398891248103530383e-02
4.124500000000000000e+04 1.157466286162063929e+00 1.983064368459467805e-02
4.124600000000000000e+04 1.160230649576808215e+00 -4.677222809476338367e-02
4.124700000000000000e+04 1.147993136975850703e+00 6.484798323150357813e-02
4.124900000000000000e+04 1.133932663380707861e+00 5.773271330545359098e-02
4.125000000000000000e+04 1.109620207110477930e+00 6.124102489691220057e-03
4.127200000000000000e+04 1.056338146297911562e+00 2.525741488309122748e-02
4.127300000000000000e+04 8.914349511924734015e-01 -1.102531076528092124e-01
4.127400000000000000e+04 1.159125310278082965e+00 9.015757300198717905e-02
4.127500000000000000e+04 1.083975007983071670e+00 1.346086706154225876e-02
4.146700000000000000e+04 1.153899203862479794e+00 -9.432134432295190968e-03
4.146800000000000000e+04 1.149485700391364773e+00 -1.552083913194847731e-01
4.146900000000000000e+04 1.069912655730899109e+00 -1.653878190138792503e-01
4.147000000000000000e+04 1.124637557749634365e+00 7.453103584919586709e-04
4.147100000000000000e+04 1.094252097720390893e+00 2.143308181353507924e-02
4.147200000000000000e+04 1.098052547868797246e+00 -1.535805707728439377e-02
4.147300000000000000e+04 1.128211279193820804e+00 -1.168786795789890642e-01
4.147400000000000000e+04 1.090770727404940743e+00 -7.698228081787898691e-02
4.147500000000000000e+04 9.317053133222488182e-01 1.512749050124421492e-02
4.149100000000000000e+04 1.089515739341236689e+00 3.120306727287669099e-02
4.149200000000000000e+04 1.078045317696785688e+00 -4.061404089033322090e-02
4.149300000000000000e+04 1.090885924376380878e+00 -9.458130165567851799e-02
4.149400000000000000e+04 1.121114812502635782e+00 -7.590547214397345976e-02
4.149500000000000000e+04 1.047881316114712469e+00 -9.489803044692894651e-02
4.149600000000000000e+04 1.044163547933172342e+00 2.735154309518388754e-02
4.149700000000000000e+04 1.087493061149190421e+00 -1.550357717846253536e-01
4.149800000000000000e+04 1.016211169429526384e+00 -5.416090618789487499e-02
4.150100000000000000e+04 9.620945161762262110e-01 -3.353792820737389047e-02
4.150200000000000000e+04 1.131557864049921092e+00 -1.869552781302391831e-01
4.151800000000000000e+04 1.150160802215205003e+00 -1.072399349581772687e-01
4.151900000000000000e+04 1.073762783450843639e+00 -1.367576670671298289e-01
4.152000000000000000e+04 1.104832688942351870e+00 -3.534468714461082295e-02
4.152100000000000000e+04 1.037077699421435684e+00 1.207097304391244706e-02
4.152200000000000000e+04 1.052452793239131656e+00 -5.538508636611129410e-02
4.152300000000000000e+04 1.036300220299012143e+00 2.749040327871583519e-02
4.152400000000000000e+04 1.010728069793050299e+00 -2.305316145184746479e-02
4.154300000000000000e+04 1.156030973921582161e+00 -5.174182826162009030e-02
4.154700000000000000e+04 1.101092468008630698e+00 -2.413511112743993783e-02
4.155000000000000000e+04 1.068588085912567154e+00 -1.034069830042097238e-01
4.155100000000000000e+04 1.075475810686164158e+00 1.746608734972020932e-02
4.155300000000000000e+04 1.113320532403059726e+00 -6.306541772196497253e-02
4.155400000000000000e+04 1.080806730166361751e+00 -6.835525526782706973e-02
4.157400000000000000e+04 1.045138615278652594e+00 -1.116911950608164145e-01
4.157500000000000000e+04 1.257132053727382459e+00 -7.224558357581606360e-02
4.157600000000000000e+04 1.200534029653168133e+00 -1.565176928797310518e-01
4.157700000000000000e+04 9.194561561742903288e-01 -1.930637648716503896e-01
4.157800000000000000e+04 1.085567617453240485e+00 -1.576088388755602643e-01
4.157900000000000000e+04 1.072005885172081063e+00 -8.865369621323410110e-02
4.158000000000000000e+04 1.179646963217368505e+00 -1.350644674765524855e-01
4.158100000000000000e+04 1.133445749603031683e+00 -1.349324466433552694e-01
4.158200000000000000e+04 1.145701811398490477e+00 -2.672869849786586871e-02
4.171200000000000000e+04 1.141536354750612103e+00 1.184793504870280956e-01
4.174300000000000000e+04 9.800975645633860367e-01 -4.292224247938576653e-02
4.174400000000000000e+04 1.012682035246644130e+00 -1.740557492470888312e-01
4.174500000000000000e+04 9.782647090069926943e-01 1.027171533607413798e-02
4.174600000000000000e+04 9.675338707218608114e-01 -1.434063416858660268e-02
4.174700000000000000e+04 9.593800826856059283e-01 3.724294344830371244e-03
4.174800000000000000e+04 9.864030513883819129e-01 3.537314460909470916e-03
4.174900000000000000e+04 1.026039182061883048e+00 -5.411626292139246064e-02
4.175000000000000000e+04 1.037605184819452298e+00 -1.594930458419342376e-02
4.175100000000000000e+04 1.030189892370350746e+00 -2.207357888166785673e-02
4.175200000000000000e+04 9.853605212597832397e-01 -1.021572791313256345e-01
4.175300000000000000e+04 1.111668145687850107e+00 1.248911896222984624e-01
4.182300000000000000e+04 9.806809474392417236e-01 -3.235488381559870064e-02
4.182400000000000000e+04 9.801550894497665922e-01 -4.893135893794452879e-02
4.182500000000000000e+04 1.022361650826427493e+00 -3.216763694526452930e-03
4.182600000000000000e+04 9.452003014601920716e-01 -8.194544328691762136e-02
4.182700000000000000e+04 1.036203145163224315e+00 -8.296741348723292442e-02
4.182800000000000000e+04 9.985096911585200630e-01 1.207223868417428569e-02
4.182900000000000000e+04 9.293339827215926219e-01 -1.366191057634193740e-01
4.183000000000000000e+04 1.062387525014252931e+00 -6.851336560630144623e-02
4.183100000000000000e+04 9.734154797326990405e-01 2.033554423937758426e-02
4.187700000000000000e+04 8.475261102658172563e-01 7.254403232578543470e-02
4.188300000000000000e+04 9.835150426188034034e-01 -1.826228388130567842e-02
4.189900000000000000e+04 1.090946310179825129e+00 6.999853579548741267e-02
4.195800000000000000e+04 9.507294459543637055e-01 -1.965878617281248061e-02
4.197800000000000000e+04 9.587958193877929025e-01 -8.831045766245602946e-02
4.197900000000000000e+04 9.577895766758419693e-01 -2.351367225563267410e-02
4.198000000000000000e+04 8.951788334792843971e-01 -3.845404889461489454e-03
4.203500000000000000e+04 8.150157071882666582e-01 -1.713241994256252398e-01
4.212000000000000000e+04 9.794599248086113263e-01 9.877350829537386717e-03
4.212100000000000000e+04 9.232371578965856695e-01 -1.542164853121167079e-01
4.212200000000000000e+04 1.081317092886497910e+00 -1.072001648577815269e-02
4.212300000000000000e+04 1.028729263141674677e+00 7.172422540458342488e-02
4.212400000000000000e+04 9.590564970974062575e-01 6.343183852856654203e-02
4.213300000000000000e+04 9.647988387551504896e-01 -4.748515598221025868e-02
4.213400000000000000e+04 9.535508311234168755e-01 2.245947123422604302e-02
4.213500000000000000e+04 9.792787643246809726e-01 5.379783221360730922e-03
4.215000000000000000e+04 9.372542992933249328e-01 1.190197492833614673e-03
4.215100000000000000e+04 9.015284449046893078e-01 -3.065241143260829387e-02
4.215200000000000000e+04 1.082124698353159165e+00 -3.739455434265076539e-02
4.215300000000000000e+04 9.622004397823691324e-01 -9.981489675740234241e-03
4.215400000000000000e+04 9.654215629675481081e-01 -4.935692260158823508e-02
4.215500000000000000e+04 9.998116675393335928e-01 -2.758299388683370032e-02
4.215600000000000000e+04 9.447018122810316720e-01 1.518813792326562280e-02
4.215700000000000000e+04 8.989826286613580297e-01 9.071192614442538660e-02
4.215900000000000000e+04 9.342760663975857582e-01 -6.074222257852415069e-02
4.216000000000000000e+04 9.234452292470863854e-01 -5.972742586107320645e-02
4.216100000000000000e+04 9.891971624022781739e-01 -5.728262662557873780e-02
4.219200000000000000e+04 9.005843410343423727e-01 4.163226266757773936e-02
4.221200000000000000e+04 9.336092576342182037e-01 5.824299971766636747e-02
4.221300000000000000e+04 9.886998594496585469e-01 5.092778638717797984e-02
4.221400000000000000e+04 9.664464383235535916e-01 9.141983890701810278e-02
4.221500000000000000e+04 1.092065744859578968e+00 3.953778475938107828e-02
4.221600000000000000e+04 1.056763362537207929e+00 -2.238472149230863462e-02
4.221700000000000000e+04 9.470813438110091687e-01 1.225484333816696629e-02
4.221800000000000000e+04 1.068772927573719889e+00 -4.792981144099767860e-02
4.221900000000000000e+04 1.048267990457907750e+00 5.283927309550280615e-02
4.222000000000000000e+04 9.368135613548868035e-01 -5.165444959090334520e-02
4.222100000000000000e+04 9.914458145529885247e-01 1.870992588901332701e-02
4.222200000000000000e+04 1.013578664708367105e+00 2.944892590316122716e-02
4.222300000000000000e+04 9.335711259874351908e-01 2.118794918716107589e-02
4.222400000000000000e+04 1.013596727643737205e+00 -2.338471884466685607e-04
4.222500000000000000e+04 1.004607149578598646e+00 5.055689872796890333e-02
4.223900000000000000e+04 9.933164690986475698e-01 4.839164562345061454e-02
4.224000000000000000e+04 1.001492713599421824e+00 -2.080102332756298897e-02
4.224100000000000000e+04 1.025644303375644828e+00 8.651614432854087822e-02
4.224200000000000000e+04 1.063848915305930287e+00 -1.297404164863657783e-01
4.224300000000000000e+04 1.010073563606818770e+00 -6.268969841766397488e-02
4.224400000000000000e+04 1.005252733464785386e+00 -2.623368386747632758e-02
4.224500000000000000e+04 1.077343868646403635e+00 -5.245409782046621394e-02
4.224600000000000000e+04 9.284394067840724407e-01 5.336747068280091322e-02
4.224700000000000000e+04 9.939353476128205411e-01 2.762442290661853289e-02
4.224800000000000000e+04 1.010692835997800687e+00 -2.659940198401915257e-02
4.224900000000000000e+04 1.018510317461161607e+00 -1.050372104440086829e-01
4.225000000000000000e+04 9.979364333429542322e-01 -7.299363097052281868e-02
4.225100000000000000e+04 9.182012462326585300e-01 -2.559424242120604889e-02
4.225200000000000000e+04 1.008647998215248975e+00 9.967536054920110578e-02
4.227300000000000000e+04 8.397390898520004088e-01 1.170054004403720399e-01
4.227400000000000000e+04 8.913813909908421262e-01 4.852210724331086460e-03
4.227500000000000000e+04 9.081627796291112942e-01 -1.315527191255524142e-01
4.227600000000000000e+04 1.084385825501252398e+00 1.515914833792298376e-02
4.227700000000000000e+04 9.959308102810734420e-01 -7.383417037176005782e-02
4.227800000000000000e+04 9.680920310339129475e-01 -2.864038578395638329e-02
4.227900000000000000e+04 9.640846591926829356e-01 -4.218627203606212586e-03
4.228000000000000000e+04 9.231770815033111255e-01 -1.063285048004770569e-02
4.228100000000000000e+04 9.755429684116272426e-01 2.408225281740530854e-02
4.228200000000000000e+04 9.122021440937874148e-01 -6.482390543162096230e-02
4.228300000000000000e+04 9.508968860639154252e-01 5.827601549490546429e-02
4.228400000000000000e+04 9.275163065333835721e-01 -8.180525420017284444e-02
4.228500000000000000e+04 9.050989531314745928e-01 -5.186753381271681784e-02
4.228600000000000000e+04 9.385606562180796031e-01 9.583281846001591442e-02
4.228700000000000000e+04 9.547724198647686844e-01 1.092902903429992106e-01
4.230100000000000000e+04 9.449655305394318860e-01 -1.664919193148865079e-02
4.230200000000000000e+04 9.088433874592479755e-01 -6.438363453072991349e-02
4.230400000000000000e+04 9.226953028641594612e-01 -4.309144288981716503e-02
4.230500000000000000e+04 9.786741032354641101e-01 -1.288703903796143413e-01
4.230600000000000000e+04 9.577547880484267306e-01 -6.975564558863936448e-02
4.230700000000000000e+04 9.348554405085656160e-01 -3.183156477851726424e-02
4.231100000000000000e+04 9.411837013858183054e-01 -1.485777063915758381e-02
4.231200000000000000e+04 9.935015231609377606e-01 3.482472205241972374e-02
4.231300000000000000e+04 8.910500998447763443e-01 -9.406711818936566716e-02
4.231400000000000000e+04 1.078516364095424285e+00 1.208211866193867057e-01
4.231500000000000000e+04 9.413957008952267280e-01 -4.873401757826788944e-02
4.231600000000000000e+04 9.433328558920553997e-01 7.952081326742688194e-02
4.232700000000000000e+04 9.649382238108493715e-01 -4.471860913505527196e-02
4.232800000000000000e+04 9.200121631011688450e-01 -1.002559987847581602e-01
4.232900000000000000e+04 1.021958080066278640e+00 -7.078216793103887794e-02
4.233000000000000000e+04 9.125474659068947281e-01 -7.836674540465278505e-02
4.233100000000000000e+04 8.297801217612180702e-01 4.787062425249762748e-02
4.233200000000000000e+04 9.374076460804228184e-01 -1.919283583947448135e-02
4.233300000000000000e+04 9.109050630111004132e-01 2.163549530734896857e-03
4.233500000000000000e+04 8.658340936597669346e-01 -8.933630898755399660e-03
4.233900000000000000e+04 8.300982006379482581e-01 7.537729447768093394e-02
4.234000000000000000e+04 9.192025857907168973e-01 2.963143642280469808e-02
4.235100000000000000e+04 9.388702767272335548e-01 -4.053382933524564413e-02
4.235200000000000000e+04 9.764487602831245505e-01 -6.682238451201541474e-02
4.235300000000000000e+04 9.659952670237536010e-01 -7.532309820428430280e-02
4.235800000000000000e+04 9.500201288669172239e-01 -1.596594271590737746e-01
4.235900000000000000e+04 9.946153456380613100e-01 8.821704644905888071e-02
4.236000000000000000e+04 9.398354022403173635e-01 -7.371590758112772646e-02
4.236100000000000000e+04 9.724001313247137013e-01 -3.060496164866577731e-02
4.236200000000000000e+04 1.100536660640351272e+00 1.055430363424790102e-01
4.236400000000000000e+04 9.593097700400858852e-01 7.638660030543323320e-02
4.245900000000000000e+04 8.796844088948689855e-01 1.093414710321516381e-01
4.261800000000000000e+04 7.214761022829265791e-01 3.214852595646244121e-02
4.261900000000000000e+04 9.980624740835520869e-01 -3.656359356766507480e-03
