5.431200000000000000e+04 1.197612636995323054e+00 9.345094058932418291e-02
5.431300000000000000e+04 1.068410475321415198e+00 6.488651535083816979e-02
5.435400000000000000e+04 1.046891554933867985e+00 5.213856890688577106e-02
5.439000000000000000e+04 8.606180251575865636e-01 6.685249654822592730e-03
5.439100000000000000e+04 9.075879511822174672e-01 7.319314477273115502e-03
5.439200000000000000e+04 8.484366262596892971e-01 -7.356901708304340592e-02
5.440400000000000000e+04 9.895365527260477911e-01 1.714753496244336706e-02
5.442200000000000000e+04 9.666129523119527667e-01 -9.338573674489669685e-02
5.442300000000000000e+04 8.954552300659803787e-01 -9.236721334087036328e-02
5.442500000000000000e+04 1.021957367004803441e+00 -1.479946301765242000e-01
5.446500000000000000e+04 9.450137919250405361e-01 2.118436071604925999e-03
5.446600000000000000e+04 8.316161295649608931e-01 -7.370366383377743857e-02
5.448800000000000000e+04 1.123454852730648712e+00 -4.420401542680774815e-02
5.448900000000000000e+04 9.015461509495219516e-01 -4.911948109304956067e-02
5.449000000000000000e+04 9.556063407015065181e-01 -1.672803548788014683e-01
5.449100000000000000e+04 9.359150099576259985e-01 -5.034171442938087382e-02
5.449200000000000000e+04 1.069194611767606107e+00 2.638600786232285500e-02
5.449300000000000000e+04 1.081090554119244818e+00 2.982725229027532489e-03
5.450200000000000000e+04 8.659569853416689833e-01 -9.332650747827495041e-02
5.450300000000000000e+04 8.552911655052943818e-01 -9.618016347930562204e-02
5.450400000000000000e+04 9.136697011993292206e-01 -9.137635480341897709e-02
5.452000000000000000e+04 9.657760654905147568e-01 -1.605887303320382709e-01
5.452100000000000000e+04 9.296781441949192315e-01 -5.364456061368803180e-02
5.452200000000000000e+04 1.088851174700236069e+00 3.317431738293524085e-02
5.452300000000000000e+04 1.061356323248487055e+00 -1.907050921563039833e-02
5.452400000000000000e+04 1.067797783953165380e+00 2.886983991009700948e-02
5.452500000000000000e+04 9.219395979909146277e-01 -9.854681393229441921e-02
5.452600000000000000e+04 9.505298309182326211e-01 -3.391658787593117286e-02
5.452700000000000000e+04 1.061400031679106792e+00 3.580227649953864055e-02
5.452800000000000000e+04 1.232129559153154252e+00 -5.469761155704971900e-02
5.461800000000000000e+04 9.532576286529742537e-01 -3.180252404025215446e-02
5.461900000000000000e+04 1.017937821937843434e+00 -4.265929984015278537e-02
5.462000000000000000e+04 1.104356298878381715e+00 1.102760627868853982e-02
5.462100000000000000e+04 1.054156589783705522e+00 -5.598556820318018046e-02
5.462200000000000000e+04 9.548111554614792107e-01 3.511004506025401650e-02
5.462800000000000000e+04 9.396896483499285191e-01 3.462055358345967476e-02
5.462900000000000000e+04 9.827454565042602619e-01 -4.293725291769554669e-02
5.464400000000000000e+04 9.859254290701177093e-01 -7.625353412318482821e-03
5.464500000000000000e+04 1.089243581172416375e+00 1.593334323115069839e-02
5.464600000000000000e+04 1.045581786008957126e+00 -2.361592887302297467e-02
5.464700000000000000e+04 1.048112140784503765e+00 -5.875108250744726091e-02
5.465300000000000000e+04 8.306774690402680683e-01 -3.911671319905676153e-02
5.467100000000000000e+04 8.769533185645301820e-01 -1.196284195611586748e-01
5.467200000000000000e+04 9.495351185960562157e-01 3.458363114255113419e-02
5.467300000000000000e+04 9.223920946438322055e-01 4.189148256928628550e-02
5.470200000000000000e+04 1.020146202564234938e+00 9.079887524644353336e-02
5.470300000000000000e+04 1.078639355452720716e+00 8.941729174088962687e-03
5.470600000000000000e+04 9.671648761045122944e-01 -5.399404493537338090e-02
5.470700000000000000e+04 8.600265770900067386e-01 -7.720128151906043013e-02
5.470800000000000000e+04 9.746784141115435451e-01 -2.012849793467446843e-02
5.472500000000000000e+04 9.384101407877758483e-01 -1.550109921493769694e-01
5.472600000000000000e+04 9.787532250964425806e-01 -1.610276374142703693e-01
5.473000000000000000e+04 1.008305147260023071e+00 1.471533365972930996e-01
5.473100000000000000e+04 9.856801370896806080e-01 2.927918840647766169e-02
5.473400000000000000e+04 9.092533911768837518e-01 -4.845689826818615903e-02
5.473600000000000000e+04 9.150876208430157588e-01 5.273027826472725943e-02
5.473700000000000000e+04 8.948640486365646574e-01 -9.673779371655547021e-03
5.473800000000000000e+04 8.709640617970142440e-01 5.240493941768151198e-02
5.474500000000000000e+04 8.953278483871899285e-01 2.280073737133526610e-02
5.474600000000000000e+04 1.147512131065724805e+00 -1.960066308955037834e-02
5.474800000000000000e+04 8.734690847553215898e-01 -1.166562888034934631e-02
5.474900000000000000e+04 8.768115528602407061e-01 -4.893868293002619912e-02
5.475000000000000000e+04 9.326624365549394113e-01 -2.432526185168098348e-02
5.475100000000000000e+04 8.906402691709941477e-01 -3.447291336262318234e-02
5.475200000000000000e+04 9.205787052643299440e-01 2.844000016530577948e-02
5.475300000000000000e+04 8.795085089132943512e-01 -7.472783363326986061e-02
5.477100000000000000e+04 9.260024013515506525e-01 -5.791866636210517977e-02
5.477200000000000000e+04 9.124494752385154950e-01 -2.991848106422269338e-02
5.477300000000000000e+04 7.983273284737210096e-01 -2.121797590777949882e-01
5.478900000000000000e+04 8.799633266181642322e-01 -5.423096695660045014e-02
5.491500000000000000e+04 9.779161696122605774e-01 1.214285091149576445e-01
5.503300000000000000e+04 9.208678874064855080e-01 7.749639896723155806e-03
5.503400000000000000e+04 9.604931785656160015e-01 -4.746821404749695938e-02
5.503500000000000000e+04 1.149739222842286246e+00 -1.199417436433205530e-01
5.503700000000000000e+04 1.188014649087400620e+00 5.076319828783706217e-02
5.503800000000000000e+04 1.145255946257925705e+00 -8.064410747295262805e-02
5.503900000000000000e+04 1.081136991032479067e+00 -9.811699320749173170e-02
5.504000000000000000e+04 1.050719428123046084e+00 -9.623263731053735559e-02
5.523400000000000000e+04 1.151558585675620083e+00 -4.669291823517333906e-02
5.523500000000000000e+04 1.141996922595077901e+00 -1.398072728718952398e-02
5.523600000000000000e+04 1.048235887764042973e+00 -7.955713195964833617e-02
5.523700000000000000e+04 1.079074584943376047e+00 -1.015135771701685952e-01
5.523800000000000000e+04 1.011435517485252067e+00 -6.516705587311447112e-02
5.523900000000000000e+04 9.499982824951631599e-01 -4.501227975088929745e-02
5.524000000000000000e+04 9.528756083605091076e-01 -5.893905360347467121e-02
5.524100000000000000e+04 1.055862572224820051e+00 7.119448919483872817e-02
5.524200000000000000e+04 9.967929331729861175e-01 -1.002267146513950158e-01
5.524300000000000000e+04 1.008918416212984503e+00 2.470685652719839184e-02
5.524500000000000000e+04 9.702172226877782135e-01 -5.304845844298433123e-03
5.525700000000000000e+04 1.357505953836168455e+00 -6.479869598866488944e-02
5.525800000000000000e+04 1.056617506077928592e+00 -2.503216492672575427e-02
5.525900000000000000e+04 1.017225694134282543e+00 3.128527166676743632e-02
5.526000000000000000e+04 1.027911622141513881e+00 -3.321906935965389385e-02
5.526100000000000000e+04 1.032583219861723078e+00 4.195336236656558443e-02
5.526200000000000000e+04 1.004573530191687603e+00 1.977133401329299323e-02
5.526300000000000000e+04 9.724995895494620290e-01 -1.215044179330168270e-02
5.526400000000000000e+04 1.042703491094671975e+00 1.770676388981892724e-02
5.526700000000000000e+04 7.200976500837001915e-01 4.181758453944762338e-02
5.528200000000000000e+04 9.632404251549697705e-01 4.034193321128913545e-02
5.528300000000000000e+04 9.848019838182677788e-01 3.131732580786167341e-02
5.528400000000000000e+04 9.356147476335370250e-01 -3.127698493528217882e-02
5.528500000000000000e+04 1.135079996242318590e+00 1.393149175175885934e-01
5.528600000000000000e+04 9.218812701634142570e-01 -7.350116615816859600e-02
5.528700000000000000e+04 1.093860895077725104e+00 1.010737826356015862e-01
5.528800000000000000e+04 9.814363593098924810e-01 1.946988798881753024e-01
5.528900000000000000e+04 1.064573366190673331e+00 -2.029536525620014020e-02
5.531500000000000000e+04 1.001648047774653882e+00 3.628262029520084447e-02
5.531600000000000000e+04 1.097543358310049122e+00 -4.091487598207279447e-02
5.531700000000000000e+04 9.755343590121630104e-01 -8.302805437950583345e-02
5.531900000000000000e+04 1.023121157573478879e+00 -1.328997632125499852e-02
5.532000000000000000e+04 1.145137338090907342e+00 2.901127366552251619e-02
5.532100000000000000e+04 1.168821325183965643e+00 -9.706173406583811988e-03
5.533500000000000000e+04 9.684816371886774133e-01 -7.706639303159559806e-02
5.533700000000000000e+04 1.053823706453834275e+00 -1.645265640442662367e-02
5.533800000000000000e+04 1.043353508501275728e+00 1.010649973299287616e-02
5.533900000000000000e+04 9.597226189669518792e-01 9.380317063934823230e-02
5.534100000000000000e+04 1.027549422283339675e+00 -8.375701789812110831e-04
5.534200000000000000e+04 1.152976648736754095e+00 1.175209910268647934e-01
5.537800000000000000e+04 1.007828741201883371e+00 -1.354573261731561486e-02
5.537900000000000000e+04 9.680035911861604170e-01 1.026765936575436133e-01
5.538200000000000000e+04 1.034272090993316739e+00 -4.510610626282442540e-03
5.538300000000000000e+04 1.061795706168886078e+00 -6.754466854245306205e-03
5.540000000000000000e+04 1.100105782862333959e+00 -2.491772919854300106e-02
5.540100000000000000e+04 1.071279141606344298e+00 2.934119483969870740e-02
5.540200000000000000e+04 1.094504193358230903e+00 -1.803754867109187698e-02
5.540300000000000000e+04 1.174690358683289970e+00 4.073370993306974636e-03
5.543000000000000000e+04 1.027194258489863676e+00 -6.697494993617730819e-02
5.543100000000000000e+04 9.471701277574058331e-01 3.714496807556619262e-02
5.549400000000000000e+04 9.766754104632010547e-01 3.623517595655639800e-02
5.549500000000000000e+04 1.064628402403255736e+00 -6.256685210238858985e-02
5.552600000000000000e+04 9.750783429890286236e-01 6.696089708276316277e-02
5.552700000000000000e+04 9.681052566717688324e-01 -1.959950782797630769e-02
5.554700000000000000e+04 9.925993331459046498e-01 -2.311884183513176344e-02
5.554900000000000000e+04 1.191788698980634997e+00 6.420282186918532807e-02
5.555000000000000000e+04 9.690551405644356464e-01 1.074289954387125101e-01
5.555100000000000000e+04 9.617533962212485577e-01 6.178494941297030425e-03
5.555200000000000000e+04 1.036668571879343803e+00 -2.154772085680085533e-02
5.555300000000000000e+04 1.015484210277237676e+00 -2.497760858916589499e-02
5.555400000000000000e+04 1.027636119181417396e+00 -1.600269854723569696e-01
5.557100000000000000e+04 9.928743103816026760e-01 1.080693405118378185e-02
5.559800000000000000e+04 1.020464229842333426e+00 4.342414270383346264e-02
5.559900000000000000e+04 1.017176639813079042e+00 -4.075813168805107224e-03
5.560100000000000000e+04 9.863115405128636271e-01 -5.058692524893303177e-02
5.570300000000000000e+04 9.120134944023319257e-01 -7.640441223998924170e-02
5.574300000000000000e+04 9.682645481174387836e-01 -1.084508031457330768e-01
5.581200000000000000e+04 9.390512307263074732e-01 5.460337568400379371e-02
5.582300000000000000e+04 9.107152968581594399e-01 -5.095246707881815468e-02
5.583600000000000000e+04 1.040525749863775884e+00 -5.771318611328691423e-02
5.583700000000000000e+04 9.588400014647727732e-01 -5.826021473530705597e-02
5.583800000000000000e+04 1.057841925688818963e+00 4.783896263598440279e-02
5.583900000000000000e+04 9.907321760793736942e-01 -3.103136730601764939e-02
5.586500000000000000e+04 7.603124711080168074e-01 7.869794590200678008e-02
5.586600000000000000e+04 8.649763560193753920e-01 -1.079203518464168926e-02
5.586700000000000000e+04 9.497944828303135356e-01 2.912274640200804982e-02
5.586800000000000000e+04 1.031881188716862408e+00 1.840358623444053876e-01
5.586900000000000000e+04 8.258733941278920687e-01 -8.748850125649050569e-02
5.587000000000000000e+04 1.034476703530861075e+00 3.868035508729660704e-02
5.587100000000000000e+04 9.881836786531965622e-01 9.140445953511724952e-02
5.587800000000000000e+04 1.014770644547666523e+00 3.189088431192593776e-02
5.587900000000000000e+04 9.401788298609221606e-01 6.984974678203816068e-02
5.588300000000000000e+04 9.052553451238827265e-01 6.125658001371777489e-02
5.588400000000000000e+04 8.975539317383557369e-01 -5.366639619994242189e-02
5.588500000000000000e+04 9.134567426431764448e-01 -1.463790825479699409e-01
5.588600000000000000e+04 9.858688508706238141e-01 -3.446596969593478110e-02
5.591100000000000000e+04 1.056592080942090783e+00 1.801051482213756882e-01
5.591200000000000000e+04 8.949663024658892629e-01 -6.169669004889152125e-02
5.591300000000000000e+04 1.003426886841460641e+00 8.542049037449502003e-02
5.591400000000000000e+04 9.558473423619165965e-01 -1.596561881133042732e-02
5.591500000000000000e+04 9.150132845581852026e-01 -8.019406946079672693e-03
5.591800000000000000e+04 8.992391165535565944e-01 -5.876999626885797551e-02
5.591900000000000000e+04 8.204792536922377311e-01 4.628679624594405490e-02
5.592000000000000000e+04 9.152187428509459544e-01 -8.875169015207901024e-02
5.593600000000000000e+04 1.042830453086443621e+00 3.163586062700390888e-02
5.594400000000000000e+04 9.795202448181772326e-01 -1.171000779912140938e-01
5.594500000000000000e+04 9.757755580943399121e-01 6.347168927022464602e-02
5.594600000000000000e+04 9.898212279546976244e-01 -7.947362199503848687e-03
5.594700000000000000e+04 9.824064343978780034e-01 5.042967614495260514e-02
5.595600000000000000e+04 1.009826792971075804e+00 2.278461144442833416e-02
5.595700000000000000e+04 1.009769896202472150e+00 -9.590825417486008309e-02
5.595800000000000000e+04 9.716648724808665261e-01 -1.138966338574480541e-01
5.596000000000000000e+04 9.741639387896571245e-01 -4.045002625453764794e-02
5.596300000000000000e+04 9.500095011252035482e-01 -9.012893661376859822e-02
5.596400000000000000e+04 9.950593368627516089e-01 3.999837115588539965e-02
5.596600000000000000e+04 9.008429476060560992e-01 1.199629021165512371e-01
5.597600000000000000e+04 8.788235109923244748e-01 -9.184575106624305596e-02
5.597800000000000000e+04 9.210657720860224718e-01 -3.651691398620186824e-02
5.597900000000000000e+04 9.210823901282285675e-01 -6.289075810923959453e-02
5.598100000000000000e+04 9.642820513274551475e-01 4.474514921997198302e-02
5.598200000000000000e+04 9.700062954797299408e-01 -3.341155252867149261e-02
5.598700000000000000e+04 1.054606052228966639e+00 -9.816489912692097364e-02
5.598800000000000000e+04 1.039481848253894558e+00 -3.705547467023164593e-02
5.598900000000000000e+04 9.021235945191242722e-01 1.146291480196385063e-02
5.599000000000000000e+04 9.936276388818721106e-01 1.026907977153436874e-01
5.599100000000000000e+04 1.015651678732312879e+00 -2.075653065284208815e-02
5.599200000000000000e+04 1.008986614697129580e+00 7.471397401851370690e-02
5.600000000000000000e+04 8.461481471750225136e-01 -3.240595580623026328e-02
5.600100000000000000e+04 8.821626931160495566e-01 8.874238491324334954e-03
5.600200000000000000e+04 9.040738409955282329e-01 8.119407237101676500e-02
5.600300000000000000e+04 8.399543308501653538e-01 -1.615650425960864223e-02
5.600400000000000000e+04 1.071287268618108524e+00 1.009201133022714636e-01
