4.365500000000000000e+04 1.044451947085720755e+00 7.542657336649444266e-02
4.365600000000000000e+04 1.062008482602665671e+00 6.525582200278391698e-02
4.365700000000000000e+04 9.738084384168448349e-01 2.851237066147285087e-03
4.365800000000000000e+04 8.901512685549937132e-01 -5.311060156041882974e-02
4.365900000000000000e+04 1.027713138290095918e+00 -9.861771621234616259e-02
4.376100000000000000e+04 1.127393905167463517e+00 -1.147930313037828602e-02
4.376400000000000000e+04 9.494195913960293831e-01 -1.065352373325783725e-01
4.376500000000000000e+04 1.014879267484724901e+00 5.612560151752155058e-02
4.376600000000000000e+04 1.058591094413988243e+00 5.160381126353311837e-02
4.376700000000000000e+04 1.125080171495862702e+00 -7.199240628182418389e-02
4.376800000000000000e+04 1.029283129159480392e+00 -2.135907295518868487e-02
4.376900000000000000e+04 1.029200928050890695e+00 -4.031491887621085901e-02
4.377000000000000000e+04 1.128741833492747926e+00 -7.653978424891721977e-02
4.377100000000000000e+04 1.229457076364728785e+00 8.154189301584160998e-02
4.377200000000000000e+04 1.049920851867107485e+00 1.479298427107760515e-02
4.377300000000000000e+04 9.623870497882867081e-01 2.347017897910789672e-02
4.380400000000000000e+04 1.008461338369723403e+00 -3.172239012016130066e-02
4.380500000000000000e+04 1.093639838945396292e+00 1.364386577545720347e-01
4.380600000000000000e+04 1.085505040483232708e+00 7.419500325236379201e-02
4.380700000000000000e+04 9.755005075487523936e-01 -8.940199947973613559e-02
4.380800000000000000e+04 1.019679434095946746e+00 -6.078524552015602406e-02
4.380900000000000000e+04 1.067608847612458334e+00 -3.134563524738459561e-02
4.381000000000000000e+04 9.539395400632112443e-01 3.979040067436695471e-02
4.381100000000000000e+04 1.035506526514208936e+00 -9.047460727191168617e-02
4.381200000000000000e+04 1.052870656712292519e+00 -1.095275963925110840e-01
4.382400000000000000e+04 9.598355949051542435e-01 1.447697789320473993e-01
4.382500000000000000e+04 9.018480935096715445e-01 -9.731273459995141289e-03
4.382600000000000000e+04 1.082411917995046213e+00 1.056771302082078201e-01
4.382700000000000000e+04 1.020237047922827101e+00 -6.493504225282235344e-03
4.382800000000000000e+04 1.014359621530306343e+00 -2.256256096559713584e-02
4.382900000000000000e+04 9.903917248894067438e-01 4.231144295529535443e-02
4.383000000000000000e+04 9.948833324871666495e-01 -1.171594369958600668e-02
4.383300000000000000e+04 1.027831658577268659e+00 -7.622007155525131750e-02
4.383400000000000000e+04 1.119561828601804088e+00 -1.169365238897282638e-01
4.383500000000000000e+04 1.034220492115786261e+00 -1.997063715766711489e-02
4.383600000000000000e+04 1.072836761506632541e+00 4.862870281143074486e-02
4.383700000000000000e+04 1.050455965180757678e+00 -8.681794281401286617e-02
4.383800000000000000e+04 1.067140675749835621e+00 -9.415283056777690174e-02
4.385200000000000000e+04 1.050990704045505097e+00 -1.498023166761503489e-01
4.385300000000000000e+04 1.099749990164511582e+00 7.665553167757657715e-02
4.385400000000000000e+04 1.028074155006584611e+00 4.757314763934535062e-02
4.385500000000000000e+04 1.042364971902677517e+00 -7.876797656716649776e-02
4.385800000000000000e+04 9.870132483959269676e-01 7.130123126956188113e-03
4.385900000000000000e+04 1.114292295471381200e+00 -1.423882849997940292e-01
4.386000000000000000e+04 9.909465767670649905e-01 -2.066282686402877988e-01
4.386100000000000000e+04 9.591055927977916173e-01 -3.488173359728272832e-02
4.386200000000000000e+04 9.627837132335720360e-01 6.520550410179902501e-02
4.386300000000000000e+04 1.098195967270750195e+00 -1.306803785805154931e-02
4.386400000000000000e+04 9.406310717879220462e-01 -4.504349041304363949e-02
4.386500000000000000e+04 1.086480107350160651e+00 1.152049384699680920e-02
4.388000000000000000e+04 1.017464403456374678e+00 6.547580573781278113e-02
4.395700000000000000e+04 1.046143201817650858e+00 -1.771779099156152726e-01
4.395800000000000000e+04 9.245019683106735497e-01 8.650893624491919065e-02
4.395900000000000000e+04 1.035675001522789351e+00 -1.303823672669975897e-01
4.396000000000000000e+04 1.029784714449127669e+00 6.239291216145013974e-02
4.396100000000000000e+04 9.924783973458248809e-01 1.027789275162809511e-02
4.396200000000000000e+04 9.800781460988634564e-01 7.589087440973570076e-02
4.396400000000000000e+04 9.455553086684680419e-01 -1.292913131626085010e-01
4.399800000000000000e+04 9.227960852670192837e-01 -1.336187337363897200e-02
4.399900000000000000e+04 1.014143302293742721e+00 -1.575033832197713091e-01
4.400000000000000000e+04 1.054005943519621624e+00 1.413511647351746621e-02
4.400100000000000000e+04 8.341028701043833316e-01 -1.518410376589998320e-02
4.400200000000000000e+04 9.808513269692487047e-01 -1.326740869186377458e-01
4.400300000000000000e+04 9.038709789352910029e-01 8.978917554008239779e-03
4.400400000000000000e+04 9.780120274972502470e-01 -6.881506094023243092e-02
4.400500000000000000e+04 1.068324745951023669e+00 -3.830181821733005115e-02
4.400600000000000000e+04 1.029403881483822003e+00 -2.793365041493887230e-04
4.403600000000000000e+04 1.011366252940534061e+00 -1.005431066976427909e-02
4.403700000000000000e+04 1.044325332462098022e+00 -1.440193853288100345e-01
4.404000000000000000e+04 1.000591902504874176e+00 -8.496457553752537195e-02
4.404100000000000000e+04 1.052912336083424272e+00 -1.190108632830397667e-01
4.404200000000000000e+04 1.034405825017224556e+00 3.561087876101754618e-02
4.404300000000000000e+04 1.116025552115878616e+00 -1.552850255989856459e-02
4.414500000000000000e+04 1.019744799822316361e+00 -1.164698250700634818e-01
4.414600000000000000e+04 1.173725295512930922e+00 7.605206755273854514e-03
4.414700000000000000e+04 1.052527382329188965e+00 -5.524039331780582207e-02
4.414800000000000000e+04 9.598167699012832843e-01 -3.218589102589941575e-02
4.414900000000000000e+04 1.037255957360482483e+00 -1.785503091298923095e-01
4.417500000000000000e+04 6.960580846023297630e-01 -2.088341175644126690e-01
4.417600000000000000e+04 1.386598438606196693e+00 1.212642006618398077e-01
4.417700000000000000e+04 9.402696648266243296e-01 -8.072355021457353064e-02
4.418800000000000000e+04 1.042582178530881976e+00 -1.259352849678100073e-01
4.418900000000000000e+04 9.691024303399730089e-01 7.567412402936901650e-02
4.419000000000000000e+04 6.379456475532222504e-01 2.581590931925770854e-03
4.419700000000000000e+04 1.106600358082273416e+00 3.242426976409649997e-02
4.419800000000000000e+04 1.087575325336798127e+00 3.667245740693454020e-02
4.419900000000000000e+04 1.033489223853364392e+00 5.815949039486972144e-02
4.420100000000000000e+04 9.578132611859504486e-01 3.721019153330151763e-02
4.447100000000000000e+04 9.720661201480381708e-01 2.532370515029248870e-02
4.447300000000000000e+04 1.031802887657266465e+00 2.886898446333310136e-02
4.447400000000000000e+04 9.872173088382578676e-01 -5.391118605250434792e-02
4.447800000000000000e+04 1.004330139827789958e+00 1.950551805850562342e-02
4.448100000000000000e+04 9.012993309481869275e-01 8.437023372987874185e-04
4.450500000000000000e+04 1.008027251047650008e+00 -9.102855867730968997e-02
4.450700000000000000e+04 9.802355391311289301e-01 4.482254742646949591e-02
4.453600000000000000e+04 1.026935557030137280e+00 6.467333103140179840e-02
4.454100000000000000e+04 7.377748084148326724e-01 -1.623320364500219493e-01
4.468600000000000000e+04 9.845924246635305854e-01 5.230836757103996676e-03
4.468700000000000000e+04 1.017816749476779803e+00 6.127499113046034999e-03
4.468800000000000000e+04 1.004375087001355249e+00 2.970251292199909549e-02
4.468900000000000000e+04 1.088249056005063942e+00 -8.922904456040551841e-04
4.469000000000000000e+04 1.105491272609494313e+00 -1.504974874001522439e-02
4.469200000000000000e+04 1.005224723289115163e+00 1.482053354417355029e-02
4.469300000000000000e+04 1.023082478032875775e+00 -7.894281106300224393e-02
4.469400000000000000e+04 8.857512724755162159e-01 -3.437885043248058853e-02
4.472200000000000000e+04 1.023608011342734381e+00 1.266584423187643027e-01
4.472300000000000000e+04 9.871449577901157957e-01 -1.247352881520044365e-01
4.472400000000000000e+04 9.298436643054396322e-01 -3.778838574072185263e-02
4.472600000000000000e+04 9.398611554173936788e-01 -2.026507758061570422e-02
4.474700000000000000e+04 1.117648465927878032e+00 -8.589685244226843291e-03
4.474800000000000000e+04 1.121002457609184155e+00 1.562532956032587237e-03
4.474900000000000000e+04 1.070255855584387294e+00 1.103305653487825500e-01
4.475000000000000000e+04 1.132670256895841110e+00 -2.415021780446243924e-03
4.475100000000000000e+04 1.022281025626406548e+00 7.629766252059692888e-02
4.475200000000000000e+04 1.104503366750511750e+00 7.737698299258644052e-02
4.475300000000000000e+04 9.690475652788298477e-01 4.141852885310422921e-02
4.475400000000000000e+04 1.015180099633591571e+00 -6.349820057145408314e-02
4.475500000000000000e+04 9.849540162387300235e-01 3.432141451090881673e-02
4.477600000000000000e+04 1.023109384810884537e+00 1.010478157424228723e-01
4.477700000000000000e+04 1.019825922536414353e+00 -4.115669855044236380e-02
4.477800000000000000e+04 1.091011095078534110e+00 -2.203887170664106665e-02
4.477900000000000000e+04 9.960730736806807650e-01 -6.445413378610206911e-02
4.478000000000000000e+04 1.008856062510966378e+00 2.824750350201693516e-02
4.478100000000000000e+04 1.050428999600381941e+00 -4.463104781775516922e-02
4.478200000000000000e+04 1.120335984902945281e+00 -2.372442727881407185e-02
4.478300000000000000e+04 1.152391721858166518e+00 5.958204364437107159e-02
4.478400000000000000e+04 1.044995009777778927e+00 -1.029385031078282886e-01
4.478500000000000000e+04 1.009280325444295912e+00 -3.706676321109866890e-02
4.478600000000000000e+04 9.798851876875253053e-01 -9.316088934338341218e-03
4.478700000000000000e+04 1.068051475282153717e+00 -4.184624958133224826e-02
4.478800000000000000e+04 9.242106512736807389e-01 -5.225127149499224355e-02
4.480500000000000000e+04 9.648975338965479764e-01 -3.641353794320194293e-02
4.480700000000000000e+04 1.048347996555327066e+00 2.327119785845043268e-02
4.480800000000000000e+04 1.089818018741615546e+00 2.931003601732768901e-02
4.480900000000000000e+04 1.032375016202794038e+00 9.730584201838253164e-03
4.481000000000000000e+04 1.102442924995385320e+00 4.943224562002700162e-02
4.481100000000000000e+04 9.878496189652217208e-01 -6.393040262071386648e-02
4.481200000000000000e+04 1.033583970025664822e+00 -1.069854947162327125e-01
4.481300000000000000e+04 1.046852702448944461e+00 -7.211057909257470588e-02
4.481400000000000000e+04 8.457375373238472660e-01 -5.968697549556157417e-02
4.481600000000000000e+04 9.278838133661326815e-01 1.128305773777862203e-02
4.505500000000000000e+04 9.950814545879507200e-01 2.374213010580836919e-02
4.507300000000000000e+04 9.503831751034899078e-01 6.039089638146125788e-02
4.507500000000000000e+04 8.800151280236335749e-01 -1.564618966937586508e-02
4.509400000000000000e+04 9.332691762361127186e-01 -1.485546395481697653e-02
4.511800000000000000e+04 9.735154468067528377e-01 -1.370339951979083343e-02
4.511900000000000000e+04 1.007399462268561807e+00 -6.888885213700304821e-02
4.512000000000000000e+04 1.074170601215764576e+00 1.465242106851090929e-02
4.512100000000000000e+04 8.759050719407964758e-01 -1.936921987411710511e-01
4.512200000000000000e+04 1.043911789710075144e+00 -9.788045871938523546e-02
4.512300000000000000e+04 1.133957101361124487e+00 2.467175234320373792e-02
4.512400000000000000e+04 1.085138239137230398e+00 -1.010458809066727415e-01
4.513000000000000000e+04 1.019953280212763991e+00 -5.106444693196676016e-02
4.513100000000000000e+04 1.093160693409109818e+00 1.448568140818076722e-01
4.513200000000000000e+04 8.431526882584529092e-01 -1.989148835898662260e-01
4.513300000000000000e+04 1.023141302164166433e+00 -1.960351069983845909e-03
4.513400000000000000e+04 1.164638901559554407e+00 9.586204753861302108e-02
4.513500000000000000e+04 1.017300157664005944e+00 4.342488947443811503e-02
4.513600000000000000e+04 9.658089978080213189e-01 -3.259661132434318875e-02
4.515000000000000000e+04 9.692514971123934453e-01 -2.608158699431360750e-02
4.515200000000000000e+04 1.077427845174461885e+00 5.205268700760084383e-02
4.515300000000000000e+04 1.030858959225741334e+00 9.341313562382186353e-02
4.515400000000000000e+04 9.722537921008794770e-01 -1.346340158728928996e-03
4.515500000000000000e+04 1.033142206503575578e+00 -7.132767312917257137e-03
4.515600000000000000e+04 9.624682095392708137e-01 2.368229849617755831e-02
4.515800000000000000e+04 9.943175844004988884e-01 -5.533373631153505612e-02
4.515900000000000000e+04 9.555829772575163972e-01 -1.228147639452207979e-01
4.516000000000000000e+04 9.308052677457354651e-01 7.387692835566408989e-02
4.524200000000000000e+04 9.173584322691820114e-01 -3.276170976585780770e-02
4.524300000000000000e+04 1.023179610507866544e+00 5.855083244683161395e-03
4.524400000000000000e+04 1.047764582587628279e+00 1.826279952620648087e-02
4.524500000000000000e+04 1.003466932628048314e+00 5.535395445325100999e-02
4.524600000000000000e+04 1.045503030376536469e+00 7.115813806759230253e-02
4.524700000000000000e+04 9.722303175399953368e-01 2.265549700690375201e-02
4.524800000000000000e+04 1.020454466226796253e+00 -1.741758005312661270e-02
4.524900000000000000e+04 9.634604836450290088e-01 4.594274639142190142e-02
4.525100000000000000e+04 9.946949246495718766e-01 -7.079414071530136521e-02
4.525200000000000000e+04 8.812345983260185811e-01 1.078623465891306865e-01
4.525300000000000000e+04 9.040037749537017664e-01 2.538722742066152824e-02
4.525400000000000000e+04 9.363083108615281036e-01 -5.896180949682290617e-02
4.528100000000000000e+04 9.903889942044231676e-01 -5.002432993032994435e-02
4.528200000000000000e+04 9.349165622328131642e-01 -1.722023608992792609e-01
4.528300000000000000e+04 9.249163698468256811e-01 -2.094780161880965275e-01
4.528400000000000000e+04 1.123365131384069571e+00 1.295573784321083222e-01
4.528500000000000000e+04 1.106195654750057988e+00 8.162970868153637816e-02
4.528600000000000000e+04 1.112959516752814570e+00 9.254025944436140849e-02
4.528700000000000000e+04 1.011269368882676822e+00 5.430674739087425207e-02
4.528800000000000000e+04 9.617667393529740760e-01 -1.748440579005946030e-02
4.529100000000000000e+04 9.018786361897693782e-01 -9.271900410719575991e-02
4.531400000000000000e+04 1.126998753656317964e+00 -1.079380822912162641e-01
4.531500000000000000e+04 1.090709065768779240e+00 -4.936592136824514282e-02
4.531600000000000000e+04 1.094771029339185908e+00 1.008375459578888245e-01
4.531700000000000000e+04 9.822781319028478508e-01 1.060777474348559152e-01
4.531900000000000000e+04 9.469788257263980213e-01 8.595544118018780266e-02
4.536500000000000000e+04 1.046690375149396557e+00 9.533932373641065827e-02
4.536700000000000000e+04 1.102300597624628731e+00 7.918641365285619682e-02
4.536800000000000000e+04 1.086873306347384993e+00 6.936457736853331169e-02
4.537000000000000000e+04 1.021373733559384656e+00 4.362569194461966143e-02
4.541700000000000000e+04 9.610267502160891873e-01 5.715431536315138117e-03
4.541800000000000000e+04 9.411931604028150877e-01 -2.290603094268668996e-02
