2.454800000000000000e+04 9.790848018925040197e-01 3.152279925243962888e-02
2.454900000000000000e+04 1.005178403114563190e+00 -1.342338444452458382e-02
2.455000000000000000e+04 1.195921944019169736e+00 7.062262388749424025e-02
2.455800000000000000e+04 1.033503085328274063e+00 3.246229253176263069e-02
2.455900000000000000e+04 1.021841624049025343e+00 -7.104025248184592245e-02
2.456000000000000000e+04 1.053443938646468458e+00 -9.490463323203124357e-02
2.457000000000000000e+04 7.832454025552235688e-01 -4.091916910989946282e-02
2.457100000000000000e+04 8.053773911218091719e-01 4.074525602153098586e-02
2.457300000000000000e+04 9.701277845720750470e-01 -3.932583408413036635e-02
2.457700000000000000e+04 1.062435316029927801e+00 -6.468621456893121346e-02
2.457800000000000000e+04 1.031839247094266332e+00 -3.359802923025203419e-02
2.457900000000000000e+04 1.021655902760359780e+00 1.702624465324896752e-01
2.458000000000000000e+04 1.036692493764290512e+00 1.037575354879019529e-01
2.458100000000000000e+04 9.821088415960979034e-01 -1.269539191976244707e-02
2.458300000000000000e+04 5.446942948531938722e-01 5.721412167090673268e-03
2.458400000000000000e+04 7.231006322220641103e-01 7.587852807462580618e-02
2.459400000000000000e+04 1.070579305455745533e+00 9.122321486633946930e-02
2.459500000000000000e+04 7.548255249555062552e-01 1.637003696155927557e-01
2.459600000000000000e+04 1.143860851551859348e+00 1.168012672320669319e-02
2.459700000000000000e+04 5.296544022440518029e-01 6.935209656218217777e-02
2.459800000000000000e+04 1.067891023952454610e+00 9.960691975139808474e-02
2.459900000000000000e+04 8.543142732424796604e-01 1.708189512578172919e-01
2.460100000000000000e+04 6.556876514808281931e-01 5.532618992649709216e-02
2.460200000000000000e+04 6.593373027748846704e-01 -2.840524763418525098e-02
2.460300000000000000e+04 6.940401251289362028e-01 -6.746118735522106669e-02
2.460400000000000000e+04 1.003776343146019379e+00 -5.054443509259638062e-02
2.461900000000000000e+04 1.053767630492368879e+00 -5.292946588238631872e-02
2.462000000000000000e+04 9.328326573851446479e-01 -1.000790212667908852e-01
2.462100000000000000e+04 5.323934899536075793e-01 -3.093154247184310562e-02
2.471400000000000000e+04 1.007914345990683858e+00 3.677945737766162571e-02
2.473800000000000000e+04 1.004862195351960974e+00 2.421669474079791908e-03
2.473900000000000000e+04 1.281135463947072450e+00 -9.176598685564418822e-02
2.474000000000000000e+04 1.031804031026617219e+00 -6.260045552247055223e-02
2.474100000000000000e+04 1.024378396831849392e+00 4.401260414178728014e-02
2.483300000000000000e+04 1.032752874201515736e+00 4.119979211373693551e-02
2.483400000000000000e+04 1.054882270003674405e+00 -2.928874927581513049e-02
2.484100000000000000e+04 1.090772094892687560e+00 -3.632962360281587200e-02
2.484200000000000000e+04 1.059104639164759387e+00 -7.889969502808627522e-02
2.484300000000000000e+04 1.045978940767627430e+00 -8.476667218677687299e-02
2.484400000000000000e+04 1.083802011378796726e+00 3.399756246825869077e-02
2.484500000000000000e+04 9.401557894639227531e-01 -8.754377274602496983e-02
2.484600000000000000e+04 1.054734338445405539e+00 6.159769846403453236e-03
2.484700000000000000e+04 1.076721272515825500e+00 3.016880039305613447e-03
2.486500000000000000e+04 9.619710907603683525e-01 -6.796530593923588714e-02
2.486600000000000000e+04 1.020264105483021044e+00 5.924412383751732902e-02
2.486700000000000000e+04 7.840354652297490956e-01 9.582203487743355327e-03
2.487700000000000000e+04 1.056084075753427109e+00 -1.150093828515364597e-01
2.487800000000000000e+04 1.053793620832814693e+00 -1.495887151891856781e-01
2.487900000000000000e+04 1.059151375568496256e+00 -1.081121840861759831e-01
2.488000000000000000e+04 1.006028152495548111e+00 8.127809242460651978e-03
2.488100000000000000e+04 1.128352509911930701e+00 2.381676489536808244e-02
2.488300000000000000e+04 1.077806091904361274e+00 4.039054680919006157e-02
2.488400000000000000e+04 1.078719362161929540e+00 4.584698144569399059e-02
2.489000000000000000e+04 1.056722092959186288e+00 -1.258503301007400377e-01
2.489100000000000000e+04 1.023394088575628524e+00 -6.901517987523771158e-02
2.489200000000000000e+04 1.048337164028124047e+00 4.408605868578495054e-03
2.489300000000000000e+04 1.117628475422055123e+00 -7.140071276400930533e-02
2.489400000000000000e+04 1.184037537170338439e+00 -8.675118830742699350e-02
2.490600000000000000e+04 1.035895536121308469e+00 -9.422077355288396849e-02
2.490700000000000000e+04 1.063725814698655237e+00 -1.785477153940249161e-03
2.490800000000000000e+04 1.119539168187352995e+00 6.275233518183775949e-02
2.491000000000000000e+04 1.062557835897630198e+00 8.669424735924077807e-02
2.492400000000000000e+04 1.115599393717628951e+00 -3.952055299710890285e-02
2.492500000000000000e+04 1.096375923930928753e+00 -7.685782331195051276e-02
2.492600000000000000e+04 1.337092899002100932e+00 -1.393621299646489731e-01
2.492800000000000000e+04 1.099641231906760996e+00 7.275042803068342522e-03
2.494800000000000000e+04 1.027578343136942074e+00 -1.607934637519810306e-01
2.494900000000000000e+04 1.079375138810565016e+00 1.114558940866011705e-02
2.495200000000000000e+04 1.057531244575265816e+00 2.143490771616800988e-02
2.497000000000000000e+04 1.088172746460543738e+00 -1.140187038474682335e-01
2.497100000000000000e+04 1.007108074559955657e+00 -1.056413654425956417e-01
2.497200000000000000e+04 1.054576723083072265e+00 8.396743558715002997e-02
2.497700000000000000e+04 1.044843799269321583e+00 -6.468699347544162870e-02
2.500200000000000000e+04 9.895928371727306105e-01 -1.115152307948333865e-01
2.500300000000000000e+04 9.915553395805383197e-01 -4.621280523002508495e-02
2.500400000000000000e+04 1.024995713221791283e+00 3.682008215316558142e-02
2.500500000000000000e+04 1.053725737064096668e+00 1.363190094653983324e-02
2.502400000000000000e+04 1.049752174629912771e+00 2.361705162653714163e-02
2.502500000000000000e+04 1.090428994992029388e+00 -4.302877298668927875e-02
2.504300000000000000e+04 1.052293768672489804e+00 6.009888375528271015e-02
2.524700000000000000e+04 1.165284980490200573e+00 -2.826248165269901191e-02
2.524900000000000000e+04 1.077056023151940822e+00 -2.355481634062138452e-02
2.529300000000000000e+04 1.052985956229469000e+00 -1.470631064577330172e-01
2.529400000000000000e+04 1.009655631174642521e+00 -8.543005066718825646e-02
2.529500000000000000e+04 1.051982067340546667e+00 -6.217241179882782715e-02
2.529700000000000000e+04 1.014202392117727003e+00 3.262928454925066030e-02
2.529800000000000000e+04 1.049250177571991571e+00 6.463620619215801680e-03
2.529900000000000000e+04 9.866576338471668706e-01 1.802845906081467983e-02
2.530000000000000000e+04 9.999152232260136719e-01 1.765037244863441185e-02
2.530100000000000000e+04 1.061109491310332276e+00 3.609122233910359856e-02
2.530200000000000000e+04 1.050718460527461540e+00 -1.743244064156868403e-02
2.531800000000000000e+04 1.000289467340127691e+00 -1.173463555204938974e-01
2.531900000000000000e+04 1.340831342510193869e+00 -2.630940095847782989e-01
2.532000000000000000e+04 1.022038810766875194e+00 1.500782084736666799e-02
2.532100000000000000e+04 1.069286123486644646e+00 7.627362359963292537e-02
2.532200000000000000e+04 1.060541873072281316e+00 -2.648832208669923277e-02
2.532300000000000000e+04 1.057406954426542756e+00 -1.778465903223324165e-03
2.532400000000000000e+04 1.065310190001490964e+00 1.714942634321879600e-02
2.532700000000000000e+04 1.037944035867548465e+00 5.443207255711114689e-02
2.532800000000000000e+04 9.108977936676780907e-01 -3.555405603044116403e-02
2.532900000000000000e+04 1.035666644787388124e+00 -1.087421701153618372e-02
2.533700000000000000e+04 1.040070101893215027e+00 -7.186211892475838359e-02
2.533800000000000000e+04 1.006592344496417324e+00 2.515722458065806910e-02
2.533900000000000000e+04 1.028626181332821021e+00 -9.438080049773669294e-03
2.534000000000000000e+04 1.088884124349793980e+00 -1.251566415104925500e-01
2.534100000000000000e+04 1.011203263380392237e+00 -1.360176057853080926e-02
2.534200000000000000e+04 1.011413448257232783e+00 -2.345224333786882168e-03
2.534300000000000000e+04 1.036257402770674574e+00 -3.655396408656327520e-03
2.534400000000000000e+04 9.945592713255976269e-01 5.741264001526985572e-02
2.534500000000000000e+04 1.283782090049726099e+00 -6.155473277943758481e-02
2.534600000000000000e+04 1.016588668752449909e+00 3.902557076878149234e-02
2.534700000000000000e+04 1.042301626695279149e+00 6.499868317035986665e-03
2.534800000000000000e+04 1.087430317108614597e+00 4.610020697085081415e-02
2.536600000000000000e+04 1.208113654389985081e+00 -4.585792874319225693e-02
2.536700000000000000e+04 1.150585181864194784e+00 2.069300337264971118e-02
2.536800000000000000e+04 1.114175919734803788e+00 -6.438896874435719175e-02
2.536900000000000000e+04 9.456848170220379934e-01 -1.147479617165220456e-01
2.538700000000000000e+04 1.071031666996105747e+00 -5.663864093562077928e-02
2.538800000000000000e+04 1.108094887098386883e+00 -1.696096202465850397e-02
2.538900000000000000e+04 1.111999169616539440e+00 -1.759746643738121022e-02
2.539000000000000000e+04 9.485702188971155691e-01 5.424488059652987637e-02
2.539100000000000000e+04 1.063858662060802374e+00 1.021461387214541404e-02
2.539200000000000000e+04 1.028494388189196140e+00 3.910107531320249769e-02
2.541300000000000000e+04 1.118114098358063080e+00 -1.383251792399846636e-01
2.541400000000000000e+04 1.041987837441785025e+00 1.429473940445047560e-02
2.541500000000000000e+04 9.587059018715509140e-01 1.448317257635229303e-02
2.542000000000000000e+04 9.539100145704140221e-01 -7.378141225616154097e-02
2.542100000000000000e+04 1.136817404244039542e+00 -1.266317809071145634e-02
2.542200000000000000e+04 1.011876933136266477e+00 -1.948532144006242389e-02
2.542300000000000000e+04 9.551592960978442237e-01 -5.351793576324191670e-02
2.542400000000000000e+04 9.278946726098481479e-01 -1.060862944537624836e-01
2.542500000000000000e+04 9.008956832642600610e-01 -6.431272665636104946e-02
2.544200000000000000e+04 9.097710539427830145e-01 1.132890951821475534e-01
2.544300000000000000e+04 1.053204497970554154e+00 -3.341090502514740875e-03
2.544400000000000000e+04 8.436733431417238194e-01 2.826715912525802968e-02
2.544800000000000000e+04 1.136247774421696555e+00 -7.452030154286038918e-03
2.544900000000000000e+04 9.721605708288099112e-01 -9.199046956853360046e-02
2.545000000000000000e+04 1.068804736078120765e+00 4.557364652701818841e-02
2.545100000000000000e+04 9.649976441268052207e-01 -5.411382804532941654e-02
2.545200000000000000e+04 1.019856765813077049e+00 -5.301015536766686548e-02
2.545300000000000000e+04 8.425585440108344093e-01 -4.351435582864965346e-02
2.549300000000000000e+04 1.008280873198214245e+00 -7.445402189482683286e-02
2.549400000000000000e+04 1.031778035189154785e+00 -7.901496062192742142e-02
2.549500000000000000e+04 9.825163809476359367e-01 -1.515832086565615244e-01
2.549600000000000000e+04 8.705768002017890694e-01 7.115249077914119480e-02
2.550600000000000000e+04 1.061318606269498366e+00 -1.059725198624492798e-01
2.550700000000000000e+04 1.179596640337890801e+00 -4.745751062836072592e-03
2.550800000000000000e+04 1.112967343865518766e+00 -1.627065272565732940e-02
2.550900000000000000e+04 1.041309406216387456e+00 -1.866712157730909816e-02
2.551000000000000000e+04 1.060513527113280841e+00 6.973399476992439561e-02
2.551100000000000000e+04 1.200997442463555887e+00 -2.838486492771102182e-02
2.551600000000000000e+04 1.225172934263830449e+00 -4.571400465004482605e-02
2.551700000000000000e+04 1.098743406265268785e+00 -3.204577100673255269e-02
2.551800000000000000e+04 1.307873896128209257e+00 -6.464037422269025557e-02
2.554000000000000000e+04 9.388779280572900898e-01 4.472987433720011785e-02
2.554100000000000000e+04 9.300560248684951459e-01 -1.389658044773738749e-02
2.554200000000000000e+04 9.552745010542579296e-01 -6.910069188364025353e-03
2.554400000000000000e+04 1.001109667786246993e+00 -7.914216429747913950e-02
2.554500000000000000e+04 1.001006098788185028e+00 4.034626688764007124e-02
2.554600000000000000e+04 9.686018289136978376e-01 1.837355089620037324e-02
2.557500000000000000e+04 1.264711501139104577e+00 -6.488193477619701166e-02
2.557600000000000000e+04 9.839062074813821335e-01 -1.810687379102944236e-02
2.602400000000000000e+04 1.223498000047531509e+00 -6.693399367214794560e-02
2.602500000000000000e+04 1.247246693778053750e+00 1.471720055582418848e-02
2.602600000000000000e+04 1.242018819543248442e+00 2.873626380885781206e-02
2.602700000000000000e+04 1.199049088639202898e+00 -3.748690091638560290e-02
2.602900000000000000e+04 1.305601895751686836e+00 -7.077724972198526365e-02
2.603000000000000000e+04 1.000000000000000000e+00 0.000000000000000000e+00
2.607600000000000000e+04 1.199805582770921086e+00 1.502823585100818322e-02
2.607700000000000000e+04 1.305066348865566939e+00 -3.089910927357804662e-02
2.610300000000000000e+04 1.122231563277505506e+00 -1.614803690312383022e-02
2.616200000000000000e+04 1.134579762911219980e+00 2.497583372929235157e-02
2.616400000000000000e+04 9.394556808332766851e-01 7.288137914139064533e-02
2.616500000000000000e+04 9.595889225391831534e-01 -3.418908534826799878e-02
2.618900000000000000e+04 1.055982856152958949e+00 -2.592327955166514458e-02
2.619000000000000000e+04 1.131743399361739177e+00 4.397450157569144508e-02
2.619100000000000000e+04 1.070684337092249194e+00 4.069064103098665730e-02
2.621200000000000000e+04 1.092901136688495312e+00 -2.881935570677459507e-02
2.621300000000000000e+04 1.201752448743080848e+00 3.055886257398253772e-02
2.621400000000000000e+04 1.102576205121516439e+00 8.662514241503823514e-03
2.624400000000000000e+04 1.500493287033985546e+00 1.750395740565785507e-02
2.624500000000000000e+04 1.131371485704620428e+00 -3.026111852300164551e-02
2.624600000000000000e+04 1.124074077681069150e+00 -3.251971331488855144e-02
2.624700000000000000e+04 1.181592922988239147e+00 -2.563032987038202717e-02
2.624800000000000000e+04 1.172995172664761832e+00 3.876646860876167833e-02
2.626400000000000000e+04 1.114885885520255693e+00 -1.145304958375702037e-01
2.626500000000000000e+04 1.055203352384989746e+00 -2.722167332832043166e-02
2.626600000000000000e+04 1.068949105216126627e+00 -4.011929353670035114e-02
2.626700000000000000e+04 1.124442732121763600e+00 -5.979282132742290423e-02
2.626800000000000000e+04 1.082887203338062543e+00 1.672000543666421826e-02
2.626900000000000000e+04 1.076165705620999669e+00 -3.606985285308716982e-02
2.629600000000000000e+04 1.076334382246985966e+00 -8.629987923166523855e-02
2.629700000000000000e+04 1.031723521118853792e+00 -5.335483296990140706e-02
2.629800000000000000e+04 1.117386633014394226e+00 2.197416355260797122e-02
2.629900000000000000e+04 1.051875357102003861e+00 -5.289236593207180537e-02
2.630000000000000000e+04 1.092511733992640455e+00 -1.989431550402851953e-02
2.630100000000000000e+04 1.272926647260882005e+00 -6.689891782071809290e-02
2.634900000000000000e+04 1.082773758296815991e+00 4.932911816307446878e-02
2.635000000000000000e+04 1.077112542769422809e+00 8.604553900174597217e-03
2.635100000000000000e+04 1.083204404972965662e+00 6.233980392951742056e-02
