3.672100000000000000e+04 9.757038555062499396e-01 2.522903859592566869e-02
3.672200000000000000e+04 9.874793846388117968e-01 -1.244187872811865561e-02
3.672300000000000000e+04 1.009691577239826055e+00 -4.941702074000594441e-02
3.672400000000000000e+04 9.636879899633233881e-01 1.266571394284137647e-03
3.672700000000000000e+04 9.778061015794374811e-01 -1.951116107036628133e-02
3.672800000000000000e+04 1.022480689654000185e+00 -3.903746538209321160e-02
3.673000000000000000e+04 1.009980138818693085e+00 -5.746989902209984069e-02
3.673100000000000000e+04 1.027901432248002678e+00 -1.521298742698155015e-01
3.673200000000000000e+04 1.032082663053699001e+00 -6.756976806999290264e-02
3.673300000000000000e+04 9.990780284342956064e-01 -4.965819963439089407e-02
3.674400000000000000e+04 9.089030766500784120e-01 -3.239772798989061248e-03
3.674500000000000000e+04 9.119905189235270049e-01 -1.619570334676585094e-02
3.674600000000000000e+04 9.381745866209182383e-01 -3.457086261890109265e-04
3.674700000000000000e+04 9.311964474860273677e-01 3.677912638711544613e-02
3.674800000000000000e+04 9.749639795095096373e-01 2.231193328816920979e-03
3.674900000000000000e+04 1.099027244213375276e+00 -1.483972683265245285e-01
3.675000000000000000e+04 1.018592911318638716e+00 -9.105364222703660193e-02
3.675100000000000000e+04 1.053191543764959937e+00 -8.115533397841763474e-02
3.675200000000000000e+04 1.043704390494551992e+00 -9.360258859314563029e-02
3.675300000000000000e+04 1.048819546660528124e+00 -1.243656775246476387e-01
3.675400000000000000e+04 1.047435843250319465e+00 -5.167990182290565365e-02
3.675500000000000000e+04 9.211232054065665587e-01 1.807698798174103838e-02
3.675600000000000000e+04 9.619083542164507117e-01 5.529320952587288285e-02
3.676600000000000000e+04 8.795484572792625633e-01 -4.456431236340619578e-02
3.676700000000000000e+04 8.963179611802450930e-01 8.715949621809677972e-02
3.676800000000000000e+04 8.806041640821531402e-01 6.219011508708994357e-02
3.676900000000000000e+04 8.761827129883142939e-01 2.587129527289226683e-02
3.677100000000000000e+04 9.193730796623125201e-01 -3.859774115002979206e-03
3.677200000000000000e+04 8.986806714358330783e-01 3.173546528861311694e-02
3.677300000000000000e+04 1.030727144817546570e+00 -3.583181849791468310e-02
3.677400000000000000e+04 9.792789035310529577e-01 -1.331440506543458968e-01
3.677500000000000000e+04 1.035084490993100736e+00 6.140070045510582358e-02
3.677600000000000000e+04 9.680146327988115029e-01 -6.925373966032352668e-02
3.677700000000000000e+04 9.716672921933355855e-01 4.479141895085907155e-02
3.677800000000000000e+04 8.427719781949467581e-01 -7.819347505876009241e-02
3.677900000000000000e+04 9.490650418097310581e-01 9.770270617648021960e-02
3.679300000000000000e+04 9.067731381925786538e-01 8.507658857636814231e-02
3.679400000000000000e+04 9.689320533038898731e-01 -3.701622618475398224e-02
3.679500000000000000e+04 9.000257080413870403e-01 2.198849307244902379e-03
3.679600000000000000e+04 8.635805276222573434e-01 1.338386189450981034e-01
3.679700000000000000e+04 8.459276631121872558e-01 3.819274506202637726e-02
3.679800000000000000e+04 1.012399634306195839e+00 7.636008095790804140e-02
3.679900000000000000e+04 9.221056636452751309e-01 -1.095246092559427377e-02
3.680000000000000000e+04 9.805317161826625494e-01 -3.208654897988467286e-02
3.680100000000000000e+04 9.329883753992987971e-01 6.242496733095479616e-02
3.680200000000000000e+04 9.321617396075617679e-01 8.274061862069775897e-02
3.680300000000000000e+04 9.281955437441657963e-01 -2.987237669623453440e-02
3.680400000000000000e+04 9.636747150258458960e-01 4.438046601819180606e-03
3.680500000000000000e+04 9.921017742022019137e-01 6.538017724980074719e-02
3.681700000000000000e+04 8.871732311310356334e-01 -6.754184041309153896e-02
3.682100000000000000e+04 9.476508686447565610e-01 -9.666343948986616530e-02
3.682200000000000000e+04 9.895930526767088287e-01 1.679559172492878574e-02
3.682300000000000000e+04 9.953644879917755706e-01 -7.231108474727247770e-02
3.682400000000000000e+04 1.008987091271496439e+00 -4.597713695352240865e-02
3.682500000000000000e+04 9.625192988735725708e-01 2.722842362730775942e-02
3.682600000000000000e+04 9.798572161339172970e-01 -5.465202633956815770e-02
3.682700000000000000e+04 9.916806457470307423e-01 -2.538765215299785064e-02
3.682800000000000000e+04 9.289484608231318719e-01 4.721117953963110958e-02
3.682900000000000000e+04 9.782925907320915160e-01 4.021463286321624170e-02
3.683000000000000000e+04 9.682833161028607805e-01 -4.080391180656504913e-02
3.683100000000000000e+04 9.902934052431083822e-01 -1.674413353361721207e-03
3.684900000000000000e+04 9.915172194254260329e-01 -8.785058208312475012e-04
3.685200000000000000e+04 8.699020190584508816e-01 -8.927699089589334613e-02
3.685300000000000000e+04 8.628254451982954043e-01 5.087228188382879324e-02
3.685400000000000000e+04 9.881137346161771307e-01 5.914412424908602195e-03
3.685500000000000000e+04 9.871677967059737657e-01 3.789421662073615138e-02
3.685600000000000000e+04 9.794543702916320704e-01 1.150275195392071320e-01
3.685900000000000000e+04 9.969730308696358456e-01 1.082491979456552261e-01
3.686000000000000000e+04 9.136528572231226164e-01 -1.463078139472941651e-02
3.686100000000000000e+04 9.768503570275930414e-01 2.242320275357522624e-02
3.686200000000000000e+04 1.019111639166710992e+00 4.823482475614107590e-02
3.686300000000000000e+04 8.682315045793710384e-01 -3.932300247162431178e-02
3.686400000000000000e+04 1.032828874093888682e+00 5.951935862456109866e-02
3.690500000000000000e+04 9.519639192957447538e-01 1.185158298925316142e-02
3.690600000000000000e+04 9.629958982393745925e-01 1.944551464158427931e-02
3.692700000000000000e+04 9.430572227065463498e-01 -4.958242050433943338e-02
3.704300000000000000e+04 7.699110335425930485e-01 -3.066393122999203080e-02
3.705300000000000000e+04 7.714152148668688147e-01 -8.683798452145171515e-03
3.705400000000000000e+04 8.471173487913533640e-01 -2.286384700443374468e-02
3.706600000000000000e+04 8.444075818930064647e-01 -4.557349143668580106e-03
3.707600000000000000e+04 8.890435357560776408e-01 7.393882012520167080e-02
3.707700000000000000e+04 8.012664745081967688e-01 -6.346773198087057866e-02
3.707800000000000000e+04 9.403493443910070360e-01 3.218171832154962525e-02
3.707900000000000000e+04 8.861080174370026263e-01 8.455056122080671643e-02
3.708300000000000000e+04 9.644175376652236453e-01 -1.803001833624042621e-02
3.708400000000000000e+04 9.423503995246873544e-01 -4.889805647053416943e-02
3.708500000000000000e+04 8.881533489281794314e-01 -1.186358356486853782e-02
3.710700000000000000e+04 8.708692622356092317e-01 7.900707897110521155e-03
3.710800000000000000e+04 8.172684559507963353e-01 1.151119678100500365e-01
3.711100000000000000e+04 8.258449163548171601e-01 1.909644207026698626e-01
3.711200000000000000e+04 1.004855824362641759e+00 6.002858578944166024e-02
3.711900000000000000e+04 8.921581368965052494e-01 1.060305659740987810e-01
3.712000000000000000e+04 8.403199436989255977e-01 5.615124040759002927e-02
3.712600000000000000e+04 1.009558684565975195e+00 -2.946051746170424285e-02
3.714200000000000000e+04 8.189965797620349930e-01 1.094160410824060181e-01
3.714300000000000000e+04 8.407685227240119241e-01 1.345712505367600009e-01
3.714700000000000000e+04 9.999784406907593626e-01 -2.630866521689399079e-02
3.714800000000000000e+04 9.684455546236460100e-01 -4.163179931451391202e-02
3.714900000000000000e+04 9.791529429630803083e-01 -6.336884791834640485e-02
3.715000000000000000e+04 9.814812062729816322e-01 1.100212684254602835e-01
3.715800000000000000e+04 8.941803845072113788e-01 8.724880253448770440e-02
3.715900000000000000e+04 7.426938082088087034e-01 1.478443949459948281e-01
3.716000000000000000e+04 9.681978251998528684e-01 5.681340587726609742e-02
3.716100000000000000e+04 9.763590274792475210e-01 -4.495980950534824577e-03
3.716400000000000000e+04 9.503244186853311293e-01 2.367918609370530530e-02
3.716500000000000000e+04 1.059810191925432132e+00 -8.813332482416164071e-02
3.716600000000000000e+04 9.628313881855563583e-01 9.081024023612922422e-03
3.716700000000000000e+04 9.444352397681199385e-01 9.418674566186621688e-02
3.716800000000000000e+04 9.331146416987774472e-01 7.379895115901885516e-02
3.716900000000000000e+04 9.171419269841432076e-01 9.559105841820278449e-02
3.718200000000000000e+04 8.455781778919326808e-01 1.004111056924629763e-01
3.718300000000000000e+04 9.446929183875574232e-01 -9.621444555230877771e-02
3.718400000000000000e+04 9.857582729254730225e-01 -1.123190725729693029e-01
3.718500000000000000e+04 9.861049285217311500e-01 -6.291810842785636182e-02
3.718600000000000000e+04 1.020978630614859162e+00 3.237485719524292593e-02
3.718700000000000000e+04 9.470413145913514352e-01 -5.359243810574858963e-02
3.718800000000000000e+04 8.984419983945384214e-01 2.206513320574886305e-01
3.718900000000000000e+04 9.010807309801844855e-01 1.129395730000950782e-01
3.719000000000000000e+04 9.062738928984157560e-01 9.726927279568163554e-02
3.719200000000000000e+04 9.562696954210797573e-01 3.345956281050860986e-02
3.719300000000000000e+04 9.619189121940073806e-01 1.294950455814351253e-01
3.719400000000000000e+04 9.486707174503822282e-01 9.192683658958299142e-02
3.720700000000000000e+04 8.719731030572475117e-01 1.021722632916926277e-01
3.720800000000000000e+04 8.951308982439908357e-01 7.774236203343415363e-02
3.721100000000000000e+04 1.051694091879716852e+00 -1.183802056553073939e-01
3.721200000000000000e+04 9.842614101312223696e-01 5.389114552644169026e-02
3.721300000000000000e+04 9.677576275853346788e-01 -4.304235324128781459e-02
3.721400000000000000e+04 1.064133842198765389e+00 3.134306108519047812e-02
3.721500000000000000e+04 9.865281828572666223e-01 1.067268503513237182e-01
3.721600000000000000e+04 9.861173447119130353e-01 5.171712894235653418e-02
3.721700000000000000e+04 9.277525507022124085e-01 3.845255728892293945e-02
3.721800000000000000e+04 9.649107306875948087e-01 2.865633637817641480e-02
3.722100000000000000e+04 9.404127689372624443e-01 1.094931626357597831e-01
3.722200000000000000e+04 8.700354394635155808e-01 6.264336960831200229e-02
3.722300000000000000e+04 9.043376360237990186e-01 1.286705963446487799e-01
3.724000000000000000e+04 8.808535861631254793e-01 -1.230588063969649953e-01
3.724100000000000000e+04 9.382038678260208320e-01 3.560402354699934019e-02
3.724200000000000000e+04 9.128928309592879708e-01 1.535513869464049871e-02
3.724300000000000000e+04 9.412221755258212141e-01 -4.885919826531433252e-02
3.724400000000000000e+04 9.224617442187252880e-01 -2.303740129291284924e-02
3.724500000000000000e+04 9.402494012083767450e-01 5.051822664028375598e-02
3.724600000000000000e+04 9.089078230420092330e-01 1.299657029039860343e-02
3.724700000000000000e+04 9.287479537588473333e-01 1.167600875349485562e-01
3.724800000000000000e+04 8.970716514948691156e-01 1.243433683998748512e-01
3.724900000000000000e+04 9.221378779900525346e-01 6.230233322665747198e-02
3.725000000000000000e+04 9.141542368449939726e-01 9.665433338425247212e-02
3.725100000000000000e+04 8.237161288207937027e-01 5.496093627549127059e-02
3.725200000000000000e+04 8.697378925212588818e-01 1.355672711914627515e-01
3.726400000000000000e+04 7.802333621465938895e-01 1.191413116380204557e-01
3.726600000000000000e+04 1.006304263335422666e+00 7.151571281861851537e-02
3.726700000000000000e+04 7.440002957324703958e-01 2.903642443938257711e-02
3.727500000000000000e+04 8.961397922146543404e-01 3.492837099860160444e-03
3.727700000000000000e+04 8.172344006064127253e-01 1.169821764541792569e-01
3.727800000000000000e+04 8.646683482087904604e-01 -3.963758446952990455e-02
3.727900000000000000e+04 7.757979095258188407e-01 9.246817790216438349e-02
3.728300000000000000e+04 9.487414522853926391e-01 1.048545283539427664e-01
3.728400000000000000e+04 7.424849888217992522e-01 1.007651373206152612e-01
3.728500000000000000e+04 9.102640054778443623e-01 1.006834442006669800e-01
3.729100000000000000e+04 1.020691831941055394e+00 -4.521239581424653375e-02
3.729200000000000000e+04 8.372276227927699654e-01 4.740703006394660080e-02
3.729300000000000000e+04 9.553766082855601471e-01 1.988862413433643839e-02
3.729400000000000000e+04 9.060685977225163557e-01 9.387959108938376956e-03
3.729500000000000000e+04 9.820966189771269672e-01 -1.417233520025312082e-02
3.729600000000000000e+04 8.987201965475850596e-01 -7.552043160277883971e-02
3.729700000000000000e+04 8.423837980202807385e-01 1.357058322369223136e-01
3.729800000000000000e+04 9.478988267583934313e-01 7.716562317212763422e-02
3.729900000000000000e+04 9.389828709942175111e-01 -8.829769862594769037e-02
3.730200000000000000e+04 9.637856567104099437e-01 1.381149960561976753e-02
3.730300000000000000e+04 9.399228141183194607e-01 6.708514451878599960e-02
3.730400000000000000e+04 8.651498656626439576e-01 1.530877228167307202e-01
3.732400000000000000e+04 9.357942543512921540e-01 2.437077806916141537e-02
3.732500000000000000e+04 8.684325287883595257e-01 5.295788876645318721e-02
3.732800000000000000e+04 9.508674447013313324e-01 1.276696719023912019e-02
3.732900000000000000e+04 9.899733794518053021e-01 8.196699527562348320e-02
3.733000000000000000e+04 9.394152205392892752e-01 -1.800808160709946662e-02
3.733100000000000000e+04 9.944042683422399387e-01 7.607200017774960743e-02
3.733200000000000000e+04 9.402629083489142392e-01 -3.357889310586083254e-02
3.733500000000000000e+04 8.802305095119410394e-01 7.751022588532983926e-02
3.733600000000000000e+04 9.123985402749483775e-01 1.172810009893369143e-01
3.734700000000000000e+04 9.762798603826949861e-01 7.294238564440518047e-02
3.734800000000000000e+04 8.898036806611261396e-01 6.288806431468622199e-03
3.734900000000000000e+04 8.679362803507059132e-01 -4.091925831369618710e-03
3.735000000000000000e+04 9.200272289298641049e-01 4.108186517334355692e-02
3.735100000000000000e+04 9.133304037031578781e-01 8.074706307338086475e-02
3.735200000000000000e+04 9.682756436994918170e-01 5.117171160395796170e-02
3.735300000000000000e+04 9.066627647954912383e-01 -1.605193984137418331e-02
3.735400000000000000e+04 1.023267416186365741e+00 2.036741782924681929e-02
3.735500000000000000e+04 8.856259782154692894e-01 8.453474348122511084e-02
3.735600000000000000e+04 9.145988130605755551e-01 1.012698559009233973e-01
3.735700000000000000e+04 8.982426332551904924e-01 7.445548754375397316e-02
3.747900000000000000e+04 9.209810614720891353e-01 1.611185015665295844e-02
3.749400000000000000e+04 9.811026810839535983e-01 -2.660284958848209771e-02
3.749500000000000000e+04 9.514234714593982067e-01 8.472305102711764901e-02
3.749600000000000000e+04 8.859702505502715653e-01 -1.223226274565452076e-01
3.756300000000000000e+04 8.793907777115791413e-01 1.733868905295111399e-03
3.756400000000000000e+04 8.137467689683034466e-01 9.571126061112211758e-02
3.765700000000000000e+04 7.837995844025834602e-01 4.319240716322968188e-02
3.765800000000000000e+04 9.668155385697335680e-01 -2.079320218817007002e-02
3.765900000000000000e+04 9.089762188937183796e-01 -2.455309022141120151e-02
3.766000000000000000e+04 6.503178432934088038e-01 1.211629265666111926e-01
