4.541900000000000000e+04 1.041136520030478962e+00 1.243763035654660634e-02
4.542000000000000000e+04 9.683470894058144873e-01 4.553096381959874372e-02
4.542100000000000000e+04 1.001058608280359863e+00 3.342173482646585564e-02
4.542400000000000000e+04 9.880657389240797839e-01 4.007428320964569884e-02
4.544100000000000000e+04 1.054509169647834588e+00 7.002503012217839440e-02
4.546400000000000000e+04 1.061076978455714359e+00 4.492109676470507074e-02
4.569100000000000000e+04 9.897608617123035968e-01 9.092036358424013254e-02
4.569200000000000000e+04 9.158586372196135805e-01 -6.706683155993925505e-02
4.569300000000000000e+04 9.370128847252694460e-01 -5.029966517298348899e-02
4.569400000000000000e+04 1.005230085478928892e+00 3.445325141970861926e-02
4.569500000000000000e+04 1.017105430637586849e+00 1.382420322304457050e-01
4.569600000000000000e+04 1.015366096798528073e+00 4.890339920050683353e-02
4.569800000000000000e+04 1.261828743222328075e+00 -4.338580207776832759e-02
4.569900000000000000e+04 9.564935054993886077e-01 2.900215656948187948e-02
4.571200000000000000e+04 7.305663405886710926e-01 9.265634365101658998e-02
4.571300000000000000e+04 9.123413915861362522e-01 2.326519863128157645e-02
4.571500000000000000e+04 9.674675559959871052e-01 5.158264038779222793e-02
4.571600000000000000e+04 9.714856080417280104e-01 9.261995424260449639e-02
4.571700000000000000e+04 9.779663908435983766e-01 -1.865669495807312228e-02
4.574000000000000000e+04 9.295072427077490929e-01 -6.737160500115080275e-02
4.574100000000000000e+04 9.730414882694494727e-01 3.722827395950936702e-02
4.574200000000000000e+04 1.026320797159274933e+00 -3.707637310070836106e-02
4.574300000000000000e+04 1.002526152554641614e+00 1.085577719210086001e-01
4.574400000000000000e+04 1.035439115734705373e+00 6.968677172096773842e-02
4.574500000000000000e+04 1.061140465883046557e+00 -8.608442964228781025e-02
4.574600000000000000e+04 1.033264986095571381e+00 -6.563887086960314143e-02
4.574700000000000000e+04 1.010590155060992812e+00 1.774888583798515246e-04
4.576600000000000000e+04 9.936249385091587838e-01 -3.828919547965505075e-03
4.576700000000000000e+04 1.063338402033201069e+00 3.688720350866886433e-02
4.576800000000000000e+04 1.060392560679106921e+00 3.978752323123237872e-02
4.576900000000000000e+04 1.030968897706178389e+00 1.521682287342539242e-01
4.577000000000000000e+04 1.026475902699479859e+00 1.516474065454378184e-01
4.577100000000000000e+04 9.620683578404907177e-01 2.156928423163043812e-02
4.577200000000000000e+04 1.001874802299094869e+00 5.376259093809700185e-02
4.579000000000000000e+04 1.056500463129750989e+00 9.738538475213984191e-02
4.579100000000000000e+04 1.026304537872661404e+00 6.527141168038931573e-02
4.579200000000000000e+04 1.038097104661961367e+00 4.006199911969116068e-02
4.579300000000000000e+04 9.899796857570538622e-01 6.227087268112553586e-02
4.579400000000000000e+04 1.052586467087438304e+00 2.130233976343818073e-02
4.579500000000000000e+04 1.042532821091728845e+00 1.403658118781694053e-01
4.579600000000000000e+04 9.938677686129042677e-01 -2.946573793623842585e-02
4.579700000000000000e+04 9.525571214863187697e-01 -3.068561987444550637e-02
4.580500000000000000e+04 1.031483817123234559e+00 2.462329473579177169e-02
4.580600000000000000e+04 1.019635332585967502e+00 -3.641801623306373248e-02
4.582500000000000000e+04 9.702381924546339409e-01 -1.399544514243546145e-02
4.582600000000000000e+04 1.027103766011266739e+00 -1.695874107870637068e-02
4.582700000000000000e+04 1.006518337313052402e+00 1.523825690971767899e-01
4.582800000000000000e+04 1.021915155885896098e+00 1.227448553899945644e-01
4.582900000000000000e+04 1.044550546593801865e+00 4.985274773339719995e-03
4.583000000000000000e+04 1.042942347240934486e+00 3.239117017432371209e-03
4.583100000000000000e+04 1.051747637203877428e+00 9.204889323616621821e-02
4.583200000000000000e+04 9.679640368441304599e-01 5.209271516249393968e-02
4.584000000000000000e+04 8.908719079796820761e-01 -1.082857838455826283e-01
4.584100000000000000e+04 8.648239465145473037e-01 8.289243030852430638e-02
4.585500000000000000e+04 1.053282534470392662e+00 9.609304384886475925e-02
4.585600000000000000e+04 1.064715130239123342e+00 5.528304832381173567e-02
4.585800000000000000e+04 1.009544253041747108e+00 -1.207671755492724028e-02
4.586800000000000000e+04 1.120280547976540308e+00 -2.704819353142387875e-02
4.586900000000000000e+04 9.931531265014447163e-01 3.002255965042813918e-02
4.587000000000000000e+04 9.683650155281317007e-01 -6.692596173198388232e-02
4.588200000000000000e+04 1.070411280576269775e+00 3.140637137572792337e-02
4.588300000000000000e+04 1.031762197488552246e+00 -3.234194360300152865e-02
4.588400000000000000e+04 1.046011993748165336e+00 7.371250547373846274e-02
4.588500000000000000e+04 1.053312002713845841e+00 8.236553507515416428e-02
4.588600000000000000e+04 1.066603704988315249e+00 6.224808077328476685e-02
4.588700000000000000e+04 1.073456719423765193e+00 1.188163862676973742e-01
4.588800000000000000e+04 9.740139890117761601e-01 -3.065109653968131273e-02
4.588900000000000000e+04 6.398170707574194482e-01 -1.765794063885043827e-02
4.589900000000000000e+04 1.113226068320874118e+00 4.391037131108289915e-02
4.590000000000000000e+04 1.003035209477326051e+00 -9.399897919865604634e-03
4.591500000000000000e+04 1.129658137931842887e+00 5.007640839322854975e-02
4.591600000000000000e+04 1.065406710804582158e+00 4.587190615743554079e-02
4.591700000000000000e+04 1.113682048120950396e+00 2.534924454993044141e-02
4.591800000000000000e+04 1.113807703116555414e+00 -4.506310675940080474e-02
4.591900000000000000e+04 1.188260329839653684e+00 -1.012070660868006657e-02
4.592000000000000000e+04 1.151044714462587049e+00 2.063185802444389427e-02
4.592800000000000000e+04 9.422022558997027453e-01 6.083543719087200659e-03
4.593100000000000000e+04 1.061355981951334293e+00 -9.749369782530668826e-02
4.594300000000000000e+04 1.075486716495474893e+00 4.076228352628150781e-02
4.594400000000000000e+04 1.043648949675124449e+00 6.996461704406346446e-03
4.594500000000000000e+04 1.104821025179252736e+00 8.130230531713319650e-03
4.594600000000000000e+04 1.151079687423592013e+00 5.689353756320232429e-03
4.595300000000000000e+04 1.002188531335921784e+00 -1.878906172302018118e-02
4.595600000000000000e+04 1.016086807052663410e+00 -6.636341290397015924e-02
4.595700000000000000e+04 1.078016697301655391e+00 1.496109280296967041e-02
4.596800000000000000e+04 1.085795206014694703e+00 3.132080315760416706e-02
4.596900000000000000e+04 1.057939853213837544e+00 2.478889852218008408e-02
4.597700000000000000e+04 9.480617616336806108e-01 -1.222813811593867206e-01
4.598100000000000000e+04 1.028819619050032719e+00 1.039537966938556234e-02
4.598200000000000000e+04 1.035124438148413262e+00 4.198723801485784030e-02
4.599800000000000000e+04 9.908375866231179385e-01 7.994164271713294009e-03
4.600200000000000000e+04 1.074380743079196288e+00 -6.183939452037670592e-02
4.600300000000000000e+04 1.088730434110545264e+00 -1.632775049888347818e-02
4.612300000000000000e+04 1.163668187798813758e+00 4.693973120347088787e-03
4.612400000000000000e+04 1.098321648650049331e+00 -6.199484846372989300e-02
4.612500000000000000e+04 1.124738467479840631e+00 3.886776509031139581e-02
4.613600000000000000e+04 1.030463645821356300e+00 -5.630468562095184565e-02
4.613700000000000000e+04 1.042173513650788585e+00 1.072139246269248891e-01
4.613800000000000000e+04 1.111772057664450086e+00 -2.854281832610978606e-03
4.615700000000000000e+04 1.047296142301866295e+00 9.302458404709956774e-02
4.615800000000000000e+04 1.067624822303751442e+00 3.603786358749350854e-02
4.616900000000000000e+04 9.962984125751666031e-01 5.578225280937457869e-02
4.617000000000000000e+04 1.079450708912681467e+00 5.611967484639955595e-02
4.617100000000000000e+04 1.021232221822439223e+00 4.323021530506077244e-03
4.623700000000000000e+04 1.031248743774709986e+00 6.547482690275803485e-02
4.623800000000000000e+04 1.000387478155180254e+00 1.550175649023422253e-01
4.623900000000000000e+04 9.769913889636526738e-01 7.098227892197647715e-02
4.625600000000000000e+04 9.905039978224018382e-01 6.884591343358043014e-02
4.629200000000000000e+04 1.043561273046376581e+00 1.969342548057086834e-02
4.631600000000000000e+04 1.025841679234914094e+00 -1.370801950066722827e-02
4.633000000000000000e+04 1.131277806996263235e+00 -6.707925103633929562e-03
4.633800000000000000e+04 1.000574066993973554e+00 7.130240386658245888e-02
4.636600000000000000e+04 1.018902395084467338e+00 6.411838730171835754e-02
4.638100000000000000e+04 1.016592082238024775e+00 -1.205411701770644183e-02
4.638200000000000000e+04 1.011655863038308567e+00 -4.002194132747673855e-02
4.638300000000000000e+04 1.002166322645794194e+00 -6.199194264275159627e-02
4.639100000000000000e+04 1.067916411233657215e+00 -6.155743320941319680e-02
4.640600000000000000e+04 1.124120469076839823e+00 -5.588616914437115335e-02
4.640800000000000000e+04 1.033647471722984434e+00 -2.117288999401427743e-02
4.640900000000000000e+04 1.032547655442794587e+00 -4.851597472266074018e-02
4.641000000000000000e+04 1.092087478933705391e+00 -1.104747092848180484e-01
4.642100000000000000e+04 1.063499512156075077e+00 1.432220282498267439e-01
4.642700000000000000e+04 9.734838276561834647e-01 6.448531668031487474e-02
4.642800000000000000e+04 9.538609478431310240e-01 6.563727287219928153e-02
4.643400000000000000e+04 1.019147309599146789e+00 4.038387660235791959e-02
4.643500000000000000e+04 9.432606941100888376e-01 -7.837048169303797648e-03
4.643700000000000000e+04 9.829479598536376983e-01 2.590646622112585673e-02
4.643800000000000000e+04 9.882486760651295610e-01 3.629512957572367943e-02
4.643900000000000000e+04 9.599964074991981233e-01 -6.838922583478060369e-02
4.644800000000000000e+04 1.060503353211385225e+00 8.267422575928207173e-02
4.645400000000000000e+04 1.034335553969496058e+00 3.147267442502968415e-02
4.645500000000000000e+04 9.107645368012741161e-01 1.014963107765152472e-01
4.645600000000000000e+04 9.761908244134073209e-01 7.847604534174605628e-02
4.645700000000000000e+04 9.346114019846987198e-01 5.914850054605444440e-05
4.646200000000000000e+04 1.013117162263446058e+00 -1.071618190531617304e-01
4.646400000000000000e+04 1.050785975384817661e+00 -1.756987582021692085e-02
4.646500000000000000e+04 9.984785112853867828e-01 3.150998326605190802e-02
4.646600000000000000e+04 9.612775009464340492e-01 -2.224753475959474411e-03
4.648800000000000000e+04 8.933337204448472679e-01 -4.132035006418606493e-02
4.648900000000000000e+04 1.015601691589560707e+00 -1.993259314868370616e-02
4.649000000000000000e+04 9.144133728342195289e-01 -5.374047546316274016e-02
4.655700000000000000e+04 9.086358572414585666e-01 1.722471911254289390e-01
4.655800000000000000e+04 9.088024292568317453e-01 7.324163893086423072e-02
4.656500000000000000e+04 9.593591977292168504e-01 -3.224513116213333086e-02
4.656600000000000000e+04 9.967057184752706744e-01 1.380449790633093421e-01
4.656700000000000000e+04 1.006952829673313010e+00 -3.720723360037479083e-02
4.656800000000000000e+04 1.037952829003970345e+00 -1.372692160375016956e-01
4.656900000000000000e+04 9.524438075310411866e-01 -1.418174060978858175e-01
4.657000000000000000e+04 9.569699417307878653e-01 -1.315957644572925411e-01
4.657800000000000000e+04 9.919292209965462348e-01 6.701598184150633908e-02
4.658800000000000000e+04 1.075672130192570464e+00 -5.930865500726878459e-02
4.658900000000000000e+04 9.425697096987313284e-01 -5.801550936073818221e-02
4.659000000000000000e+04 9.977262254181792356e-01 -2.770082870849487414e-02
4.664700000000000000e+04 1.109428521874598284e+00 -2.412719513417663220e-03
4.664800000000000000e+04 1.129131494119508305e+00 6.296617541521877526e-02
4.664900000000000000e+04 1.167553673006269443e+00 2.364890974511895186e-02
4.665000000000000000e+04 1.127765167772047716e+00 -2.677170461290540038e-02
4.665100000000000000e+04 1.100118202947155455e+00 -3.875421790693590191e-02
4.666700000000000000e+04 1.087231360864990837e+00 -8.160830049656438157e-02
4.666800000000000000e+04 1.109966202302518967e+00 2.840702134683219249e-02
4.666900000000000000e+04 1.055690574283461913e+00 7.400186179191853286e-02
4.667000000000000000e+04 1.100092502022777863e+00 1.143906539647389538e-02
4.667100000000000000e+04 1.098193698205914615e+00 -8.756412351591831567e-02
4.667200000000000000e+04 1.137218933194071857e+00 -3.579435973276121757e-02
4.670200000000000000e+04 1.065228497484799419e+00 1.036512651663276108e-01
4.670300000000000000e+04 1.051343134732211304e+00 -6.273768566431976723e-02
4.670400000000000000e+04 1.002198510120585473e+00 -7.490688542848543408e-02
4.671200000000000000e+04 1.027557354421877678e+00 5.064686191761824663e-02
4.671300000000000000e+04 1.065591231229595426e+00 -5.735146893680501991e-03
4.671400000000000000e+04 1.002033260091194311e+00 -9.639332605123986097e-02
4.671500000000000000e+04 9.768125347436444894e-01 -2.121524496953466205e-02
4.671600000000000000e+04 1.070846299985570571e+00 -6.618161471969011278e-02
4.678800000000000000e+04 9.165998614287741431e-01 -1.245362074568942684e-01
4.678900000000000000e+04 9.706501078373322988e-01 -9.324785479868714921e-02
4.689600000000000000e+04 9.392638833365354323e-01 2.607319264540483919e-02
4.689700000000000000e+04 9.944571764685519177e-01 -7.424680242247589518e-03
4.692300000000000000e+04 9.631194219057719330e-01 8.425584150674747530e-02
4.692500000000000000e+04 9.483833191764572401e-01 5.594416363615760390e-02
4.692600000000000000e+04 9.655491197647281254e-01 7.036678616269158304e-02
4.692800000000000000e+04 1.045885291273059847e+00 9.089994611128669050e-03
4.699200000000000000e+04 1.028942604049964737e+00 -3.408702693991872562e-02
4.699300000000000000e+04 1.045748296950620881e+00 4.584132634482238067e-02
4.699400000000000000e+04 1.036149741802728785e+00 4.815152047250338685e-03
4.699600000000000000e+04 1.085966842386746789e+00 -6.380482066585675682e-02
4.699700000000000000e+04 1.055419990269681474e+00 -1.970094834785187862e-02
4.699800000000000000e+04 1.146381884557025721e+00 3.820713024010739117e-02
4.703500000000000000e+04 1.166312793826463468e+00 4.265632247541611966e-02
4.703600000000000000e+04 1.076152887685080994e+00 6.065237607554112287e-04
4.707400000000000000e+04 1.136826724148610523e+00 3.714858808241211507e-02
4.707500000000000000e+04 1.160059497976631881e+00 -2.106489566594450412e-04
4.707600000000000000e+04 1.061885924008008963e+00 -2.517611078767764687e-02
4.707700000000000000e+04 1.101432396240260791e+00 -8.184756084540281695e-02
4.707800000000000000e+04 1.083676493858116263e+00 -1.023974868996335857e-01
4.707900000000000000e+04 1.060897844623595487e+00 -2.995341908790680879e-02
4.712200000000000000e+04 9.523879029788816508e-01 4.655492868411834073e-02
4.712400000000000000e+04 9.961736015691521340e-01 2.905198827189239136e-02
4.712800000000000000e+04 1.024654234872402592e+00 -4.931297099031576453e-02
4.712900000000000000e+04 1.054533921636909621e+00 1.816272911992191513e-02
4.713000000000000000e+04 9.841521655091873821e-01 -7.787423549831717917e-02
4.713100000000000000e+04 1.016046071010111351e+00 -1.410877990357204369e-02
