7.047000000000000000e+04 1.145710719492056162e+00 -2.972444446214206511e-03
7.047400000000000000e+04 1.056735881675410438e+00 1.017973739253025256e-01
7.047900000000000000e+04 1.034030782050924691e+00 -5.352485552309560468e-02
7.048900000000000000e+04 1.163667209618367782e+00 3.032722809764657260e-02
7.049000000000000000e+04 1.085687137776419231e+00 4.123688560390680047e-02
7.049100000000000000e+04 1.071046317988394447e+00 2.226960779044449834e-02
7.049200000000000000e+04 1.209476928207374291e+00 1.361011967935779055e-01
7.049300000000000000e+04 1.161380390882690961e+00 1.667507866227830038e-01
7.049500000000000000e+04 9.923258167332968949e-01 -5.773985143730006597e-02
7.051700000000000000e+04 1.143001607638985062e+00 9.357609381689986280e-03
7.051800000000000000e+04 1.134167733462801086e+00 -3.302255968903685182e-03
7.077700000000000000e+04 1.072582380225522103e+00 -3.122279304052934593e-02
7.077800000000000000e+04 1.086453289268642486e+00 6.347905199481924943e-02
7.078000000000000000e+04 1.164022987591968983e+00 4.501586662960611884e-02
7.081200000000000000e+04 9.310356426312931255e-01 1.491126114647948510e-02
7.096600000000000000e+04 1.097508364575110473e+00 -8.808099234532200741e-03
7.096700000000000000e+04 1.207407173373185705e+00 1.632658101652329982e-02
7.097100000000000000e+04 1.197784568827498397e+00 -7.392755528759419915e-03
7.097200000000000000e+04 1.194498890869703178e+00 -1.047134046038959709e-02
7.097300000000000000e+04 1.059222094612034315e+00 -3.286292875193869145e-02
7.097400000000000000e+04 1.211243228096082758e+00 -3.379051347650083303e-02
7.097500000000000000e+04 1.126773625932115497e+00 1.624399990178648084e-02
7.097600000000000000e+04 1.151147381030513284e+00 1.288146771422436603e-02
7.097700000000000000e+04 1.131440940430599618e+00 4.569154887550485461e-02
7.098800000000000000e+04 1.020558015914495353e+00 -2.867439089756513085e-02
7.203000000000000000e+04 1.089251259865760213e+00 5.665913220016879914e-02
7.220700000000000000e+04 1.130119876740113050e+00 2.022856916809492867e-02
7.220900000000000000e+04 1.103426335477756703e+00 4.878991305505199320e-03
7.221000000000000000e+04 1.091640638984399558e+00 -6.857648355205259172e-02
7.221100000000000000e+04 9.885884993966388423e-01 1.883996821219416640e-01
7.221200000000000000e+04 1.008806031179984242e+00 -3.576639328447746291e-02
7.272000000000000000e+04 1.057054902865593338e+00 1.885613319910005997e-02
7.281700000000000000e+04 9.305095190825350970e-01 8.799807827588190801e-02
7.283900000000000000e+04 1.118737314464556709e+00 6.176158031738575305e-02
7.284100000000000000e+04 1.113258924330511990e+00 -5.571712501819844204e-02
7.284200000000000000e+04 1.064412081185667436e+00 6.540971205319727477e-02
7.284300000000000000e+04 1.101233472129194757e+00 1.288144298368868734e-01
7.286000000000000000e+04 1.012653231612465232e+00 -4.514196489055519873e-02
7.286100000000000000e+04 9.948457546175154542e-01 1.261468008960381915e-01
7.286300000000000000e+04 9.088159434644487167e-01 8.860007597360058940e-02
7.286400000000000000e+04 9.234014912598931257e-01 7.759820394904427820e-02
7.286700000000000000e+04 1.031722784120543412e+00 9.778359427216894162e-02
7.289000000000000000e+04 1.044314415413073904e+00 -3.513397641372978386e-02
7.289300000000000000e+04 1.074469908259008566e+00 8.865236352565998568e-02
7.289400000000000000e+04 1.066928732147496506e+00 1.694105427823775212e-01
7.289800000000000000e+04 1.105502857995595223e+00 9.070579747161435641e-03
7.290000000000000000e+04 1.073288492240413117e+00 -2.194297188401112420e-03
7.290200000000000000e+04 1.024403529191145301e+00 4.430743728002079634e-02
7.290300000000000000e+04 8.739021542304250545e-01 1.050486221249183616e-01
7.290400000000000000e+04 1.000450606261053865e+00 1.570786352884952775e-01
7.291500000000000000e+04 9.398639803788991776e-01 -1.341622876277025894e-02
7.291600000000000000e+04 1.028645324520108817e+00 3.028459751332208960e-02
7.291700000000000000e+04 9.809613737346836171e-01 -1.228039454840678529e-02
7.292200000000000000e+04 1.114129851242894764e+00 -1.355206163375429450e-02
7.292300000000000000e+04 1.022915051695784561e+00 1.510711337224775186e-02
7.295200000000000000e+04 1.083216530218499063e+00 9.738315687245809038e-02
7.295300000000000000e+04 8.926422598666170494e-01 1.158095895137792319e-01
7.295400000000000000e+04 1.011111365698108777e+00 1.833929120692378567e-01
7.295500000000000000e+04 1.071368632321960224e+00 1.354660415775394977e-01
7.295600000000000000e+04 1.046671146106647354e+00 5.815135241387021231e-02
7.295700000000000000e+04 9.834654430834713912e-01 3.892340843085530244e-02
7.295800000000000000e+04 1.043651004867034660e+00 2.509479896763033152e-02
7.295900000000000000e+04 1.034561717344775644e+00 -9.933870825631518908e-03
7.298500000000000000e+04 9.864628947405845727e-01 3.616164095160511599e-02
7.300800000000000000e+04 1.038739177584921958e+00 2.158607881604610382e-02
7.303200000000000000e+04 1.112903844911828255e+00 5.116700114335515082e-02
7.303300000000000000e+04 1.136087741393237538e+00 -8.045867610820937182e-03
7.303500000000000000e+04 1.134673773150086662e+00 5.839328684554189602e-02
7.303600000000000000e+04 1.067738632827013090e+00 8.373720375001648952e-02
7.303700000000000000e+04 1.068687975432106807e+00 -5.906154788528131944e-03
7.303800000000000000e+04 1.134113916063361982e+00 5.678096652596368449e-02
7.304100000000000000e+04 1.009063887420890593e+00 9.557976753515561030e-02
7.304200000000000000e+04 1.017169733886781335e+00 1.283268464226017258e-01
7.306100000000000000e+04 1.101118864803865005e+00 6.775934375240447172e-02
7.306200000000000000e+04 1.030378619591428402e+00 7.432823206084682166e-02
7.312600000000000000e+04 9.382215540095011352e-01 8.123462079337068209e-02
7.315300000000000000e+04 1.155599649217354807e+00 4.284232936286348770e-02
7.322100000000000000e+04 1.352910739394836082e+00 8.085837869822336266e-02
7.322200000000000000e+04 1.152517728824282051e+00 1.954218952664522543e-02
7.424200000000000000e+04 1.083844592015269948e+00 1.902605756302209183e-01
7.424500000000000000e+04 1.038155383314192326e+00 4.223173465999080500e-02
7.425600000000000000e+04 1.024816827477491143e+00 1.075759744515523003e-01
7.425800000000000000e+04 1.090080100851848810e+00 1.826034813215661468e-02
7.425900000000000000e+04 1.013167695920918820e+00 3.312639493513035160e-03
7.426100000000000000e+04 1.112296898009264678e+00 6.678479562363397182e-02
7.426300000000000000e+04 1.021999652481913268e+00 4.634292067183612418e-02
7.426500000000000000e+04 9.552676094277656738e-01 5.831870959232442891e-02
7.439400000000000000e+04 1.105114082551822197e+00 2.647585981416906986e-02
7.439600000000000000e+04 1.090137382087769780e+00 8.548445645130998971e-02
7.439800000000000000e+04 1.195577459551689037e+00 9.595314146148320456e-02
7.440000000000000000e+04 1.119924294322527603e+00 1.055689220641801984e-01
7.440200000000000000e+04 1.079174677483841327e+00 4.621533458475100484e-03
7.440400000000000000e+04 1.150742536480460210e+00 1.038001264238407884e-01
7.501500000000000000e+04 1.226607488330420326e+00 1.046973830107690157e-01
7.504700000000000000e+04 1.143094934666120333e+00 2.671197897536092825e-02
7.536300000000000000e+04 9.817695243096502544e-01 6.621223862705995222e-02
7.541100000000000000e+04 1.090965569658566725e+00 8.201205150215436224e-02
7.541300000000000000e+04 1.036054162320540817e+00 -6.369687576445837163e-02
7.541500000000000000e+04 1.234212862653520038e+00 2.079440605015844823e-02
7.541700000000000000e+04 1.055760490652513983e+00 1.201486233834763925e-03
7.541900000000000000e+04 1.115287188385700956e+00 2.734084807712540074e-02
7.542100000000000000e+04 1.395281371080763000e+00 6.503166622922260109e-02
7.542400000000000000e+04 1.302506519960339615e+00 -2.983004673972675103e-02
7.542600000000000000e+04 1.352541066695680749e+00 4.264286169201961241e-02
7.542800000000000000e+04 1.240517002230842492e+00 2.745552445582866499e-02
7.543000000000000000e+04 1.329437121764297958e+00 5.807200558206192242e-02
7.544300000000000000e+04 1.106617503093516586e+00 -1.127169493778860943e-02
7.554700000000000000e+04 1.410443393154347858e+00 9.398791220272495472e-02
7.554900000000000000e+04 1.420178792149220603e+00 6.796197621720503901e-02
7.559600000000000000e+04 1.068508293092397921e+00 8.991397874483315900e-02
7.717900000000000000e+04 1.101215821526431826e+00 9.351599811719084332e-02
7.718500000000000000e+04 1.071987163965936851e+00 9.099056325443755089e-02
7.739900000000000000e+04 9.453283424610053887e-01 -5.067025409618913095e-02
7.740100000000000000e+04 9.667261596600145168e-01 -1.378274354555806235e-02
7.740200000000000000e+04 1.011216544573114717e+00 3.630041301165313344e-02
7.740400000000000000e+04 9.512387030640911956e-01 1.242237232527517304e-01
7.740700000000000000e+04 1.022438516835687983e+00 -1.131959994079582699e-01
7.740800000000000000e+04 1.108697475295491008e+00 -5.542307519302359237e-02
7.752900000000000000e+04 1.172758167451602107e+00 9.589782576448761808e-02
7.753000000000000000e+04 9.678434461893283824e-01 -1.748963357611964600e-02
7.753100000000000000e+04 1.036077467827470455e+00 -4.356548282342087575e-02
7.753400000000000000e+04 1.060416063025015232e+00 1.157496169339948672e-01
7.753500000000000000e+04 1.118376841006655020e+00 9.696352046438176317e-03
7.753600000000000000e+04 1.159991491909424299e+00 9.279551126760976487e-02
7.753700000000000000e+04 1.132646977538005917e+00 4.331819004982748883e-02
7.753800000000000000e+04 1.081066042197320165e+00 -1.360131872082446791e-01
7.753900000000000000e+04 1.033431673574984444e+00 -4.861590907561667146e-02
7.754000000000000000e+04 1.098972971484711625e+00 1.018791456976256421e-01
7.754100000000000000e+04 1.110847307720049360e+00 2.775247930558852674e-02
7.754200000000000000e+04 1.229269518832972752e+00 1.069160644908376812e-01
7.754300000000000000e+04 1.093557143333322879e+00 5.765027169734998624e-02
7.814100000000000000e+04 9.291939352994083023e-01 8.779544831905235214e-02
7.814300000000000000e+04 8.879153765740754878e-01 -1.517558863242905176e-01
7.850500000000000000e+04 1.028417432412435106e+00 -5.727128403734726286e-02
7.851000000000000000e+04 1.050967674441071198e+00 -7.780559475652092626e-03
7.852800000000000000e+04 9.677522332936551175e-01 2.570863581813844292e-02
7.853000000000000000e+04 1.048776157639270235e+00 -7.373417969870441069e-02
7.853400000000000000e+04 1.220992682255893858e+00 5.678581780276806962e-02
7.853600000000000000e+04 1.243572323546116909e+00 7.379232156835698053e-02
7.854100000000000000e+04 1.256735153734862109e+00 6.333225166814768214e-02
7.858400000000000000e+04 9.942663676462840661e-01 6.213630441691735118e-02
7.859900000000000000e+04 1.085777418138657247e+00 -7.313356908524833166e-02
7.860300000000000000e+04 8.098610683626922269e-01 -4.508982475457393863e-02
7.932700000000000000e+04 1.121177632483997932e+00 5.398937593487519726e-02
7.934500000000000000e+04 1.164201050197323450e+00 3.094806369124280393e-02
7.936600000000000000e+04 1.137311672671846852e+00 -4.386179282694573078e-02
7.942800000000000000e+04 1.140793374368358259e+00 1.723894195800674822e-01
7.943000000000000000e+04 1.108944270653550612e+00 2.280048725471316151e-02
7.948000000000000000e+04 9.342277215973423532e-01 1.066317694740455818e-01
7.959100000000000000e+04 1.174393011912392648e+00 4.395284368730802138e-03
7.959200000000000000e+04 1.403334780871436482e+00 3.401168602110238998e-02
7.959300000000000000e+04 1.140509086507873526e+00 -3.481646834010072161e-02
7.959400000000000000e+04 1.147168339512088187e+00 8.918815076156748345e-02
7.959500000000000000e+04 1.064392293221863905e+00 2.987634599431930257e-02
7.959600000000000000e+04 1.194872191893833202e+00 1.201343898266462630e-02
7.959700000000000000e+04 1.163783082701397964e+00 4.598512744707659167e-02
7.960000000000000000e+04 1.100698181708231305e+00 4.163955013495750784e-02
7.961400000000000000e+04 1.119455824244477427e+00 6.117798823007069425e-02
7.961500000000000000e+04 1.231841719502769772e+00 -1.954615933959147692e-02
7.961600000000000000e+04 1.226274815613965785e+00 1.835838491781332377e-02
7.961700000000000000e+04 1.158376067019949218e+00 -3.683001883685132344e-02
7.962000000000000000e+04 1.322375553491556444e+00 9.563346947101251938e-02
7.962400000000000000e+04 1.173836244279013119e+00 3.654664816628105245e-02
7.962700000000000000e+04 1.134268515328666682e+00 -5.781116970245096104e-02
7.963100000000000000e+04 1.044326002707611556e+00 -3.948452391716564952e-02
7.963500000000000000e+04 1.211451234246261999e+00 -2.939650240171358050e-02
7.963700000000000000e+04 1.014207697386397156e+00 6.242491412632783510e-02
7.964100000000000000e+04 1.046522361734867790e+00 2.979925246231203417e-02
7.964200000000000000e+04 1.121602581180838110e+00 -7.317436219040739098e-02
7.964500000000000000e+04 1.064798421782745974e+00 1.780320431560806702e-02
7.965700000000000000e+04 1.216834616316117890e+00 5.094948351184746399e-02
7.966100000000000000e+04 1.120945617690771945e+00 9.655423419846491384e-02
7.966800000000000000e+04 1.016270857672907590e+00 9.245440458974830966e-02
7.966900000000000000e+04 1.006859347628149326e+00 2.462675853185386510e-02
7.970100000000000000e+04 1.099544671112110850e+00 -1.996395712852682552e-02
7.970200000000000000e+04 1.084366456082486607e+00 1.009452906512173787e-01
7.970400000000000000e+04 9.737979931052394011e-01 -3.096949671794680531e-02
7.970600000000000000e+04 1.045703173061420577e+00 -3.833352027039094168e-02
7.972300000000000000e+04 1.100450438039091150e+00 -1.872726234335580359e-02
7.973500000000000000e+04 1.105680085972718940e+00 -7.368443777192652810e-02
7.973800000000000000e+04 1.173338233306306044e+00 -3.404300726148838663e-02
7.974000000000000000e+04 8.171896943859601192e-01 3.248166069734482325e-02
7.974200000000000000e+04 1.102231329754756350e+00 4.815884831875924359e-03
7.974600000000000000e+04 1.158607467559318538e+00 -5.384761504425918804e-02
7.975200000000000000e+04 1.219888022036395903e+00 6.343073175626520732e-02
7.976200000000000000e+04 1.133010213256816501e+00 -3.303674701562308441e-02
7.976400000000000000e+04 1.117951045982844782e+00 -7.585193291227924212e-04
7.978100000000000000e+04 1.151459383383499402e+00 -6.296940788667836075e-02
7.979000000000000000e+04 1.212029348917203597e+00 5.080022662130420641e-02
7.979200000000000000e+04 1.178696923033748512e+00 3.572696186768072046e-02
7.979700000000000000e+04 1.474432585269489948e+00 -1.361248535044923443e-02
7.979900000000000000e+04 1.123928921008696902e+00 -5.247850271337488326e-02
7.980100000000000000e+04 1.110615437900714042e+00 4.261067532988777745e-02
7.980300000000000000e+04 1.129688596283820790e+00 -1.035513594038962593e-01
7.980500000000000000e+04 1.111594051934968519e+00 -4.140666126057306745e-02
7.981900000000000000e+04 1.090052998873771495e+00 -2.985058536803096921e-02
7.982000000000000000e+04 1.120115829387969830e+00 -8.286826812410875986e-02
7.982400000000000000e+04 1.154642376246239666e+00 2.897480563905891968e-02
7.982500000000000000e+04 1.120767715766916917e+00 -5.967745865851335763e-02
7.982600000000000000e+04 1.064525117154043521e+00 -1.205149942700339469e-02
