3.672100000000000000e+04 1.026157514892478417e+00 8.411400158006121508e-02
3.672200000000000000e+04 1.075795753787651687e+00 1.263430365086826990e-01
3.672300000000000000e+04 1.136373501678083819e+00 1.257594589291319009e-01
3.672400000000000000e+04 1.062184437991341879e+00 1.589661397136760135e-01
3.672700000000000000e+04 1.040681980318982625e+00 7.124987950651301416e-02
3.672800000000000000e+04 1.130550595458559737e+00 1.015035901930954471e-01
3.673000000000000000e+04 1.037019176570485035e+00 -5.975255610884711716e-02
3.673100000000000000e+04 1.057614026156057818e+00 -1.563772959478005875e-01
3.673200000000000000e+04 1.062033676780475888e+00 -6.967459186496401113e-02
3.673300000000000000e+04 1.108015541424826500e+00 9.651498769034960734e-02
3.674400000000000000e+04 1.093630787970153007e+00 1.521020441182424354e-01
3.674500000000000000e+04 1.052941070210772212e+00 9.574297248361068879e-02
3.674600000000000000e+04 1.033921805783284409e+00 7.365854782933212164e-02
3.674700000000000000e+04 1.014459580084957846e+00 1.002220486697791013e-01
3.674800000000000000e+04 1.002522844766992050e+00 1.681575339074579609e-02
3.674900000000000000e+04 1.217948922965402359e+00 -4.661914390412850995e-02
3.675000000000000000e+04 1.038426724457373718e+00 -1.394549154975056604e-01
3.675100000000000000e+04 1.085828318864709985e+00 -8.596770936278948227e-02
3.675200000000000000e+04 1.077581913847415640e+00 -9.643163625537289063e-02
3.675300000000000000e+04 1.082526027535188229e+00 -1.272794339151236687e-01
3.675400000000000000e+04 1.123227714118865128e+00 2.421254669313378793e-02
3.675500000000000000e+04 9.293956118550070755e-01 1.213126448642178751e-02
3.675600000000000000e+04 9.751354830874158219e-01 4.897518463709951697e-02
3.676600000000000000e+04 1.054325501759877159e+00 9.567620300969549574e-02
3.676700000000000000e+04 8.929032559061390595e-01 1.793981046701315779e-02
3.676800000000000000e+04 9.140237830925682649e-01 7.924765171493872162e-02
3.676900000000000000e+04 9.294398919982428398e-01 8.959824881118318152e-02
3.677100000000000000e+04 9.551412059632650164e-01 8.244400632537850909e-03
3.677200000000000000e+04 9.043899529950268912e-01 -1.878340887243124067e-03
3.677300000000000000e+04 1.068545893942479230e+00 -4.099025295407703051e-02
3.677400000000000000e+04 1.014302872330830718e+00 -1.353669326943765794e-01
3.677500000000000000e+04 1.050909356774556214e+00 -8.253360982551027902e-03
3.677600000000000000e+04 1.077300303046594410e+00 6.570243958005816953e-02
3.677700000000000000e+04 9.846912719108532608e-01 3.901930077171368583e-02
3.677800000000000000e+04 8.521777565153646483e-01 -8.378298364464534242e-02
3.677900000000000000e+04 9.761351380114501319e-01 9.585892363706936814e-02
3.679300000000000000e+04 8.812417526846078042e-01 -2.217306601200116911e-02
3.679400000000000000e+04 9.951981552299078437e-01 -3.753024992512478397e-02
3.679500000000000000e+04 9.466819596924677116e-01 5.458545135018745553e-02
3.679600000000000000e+04 8.959950192586693118e-01 1.414386644908784407e-01
3.679700000000000000e+04 8.728868210415781093e-01 5.587969568556953870e-02
3.679800000000000000e+04 1.084886058348880189e+00 1.356744697748858142e-01
3.679900000000000000e+04 1.041489527603209453e+00 1.574154159326887903e-01
3.680000000000000000e+04 1.099576522105697673e+00 1.369074360497859189e-01
3.680100000000000000e+04 9.502511927671017933e-01 5.100782983555206956e-02
3.680200000000000000e+04 9.237173083530784146e-01 1.508876974994766487e-02
3.680300000000000000e+04 9.403609636005162420e-01 -3.581522833814423240e-02
3.680400000000000000e+04 9.750207515467873565e-01 -1.799438571248731904e-03
3.680500000000000000e+04 1.052715840086001275e+00 1.036188584226343801e-01
3.681700000000000000e+04 1.015288527290255649e+00 2.978437900488335732e-02
3.682100000000000000e+04 1.106575746819974615e+00 1.683527388797403934e-02
3.682200000000000000e+04 9.841825120511558112e-01 -6.364084300718097879e-03
3.682300000000000000e+04 1.003448123419097726e+00 -7.760851924491836418e-02
3.682400000000000000e+04 1.033137043761282792e+00 -3.428269587299154209e-02
3.682500000000000000e+04 9.901794296668792184e-01 2.278373851349607335e-02
3.682600000000000000e+04 9.931798357284827850e-01 -1.158387482627939030e-01
3.682700000000000000e+04 1.095917445601224172e+00 1.151842100077435233e-01
3.682800000000000000e+04 9.781869114902451701e-01 7.883271843844631699e-02
3.682900000000000000e+04 9.386610903987825383e-01 -8.839089355445398088e-02
3.683000000000000000e+04 9.309518946511007309e-01 -1.528398339971212272e-01
3.683100000000000000e+04 9.998059172006906747e-01 -8.066341051814779339e-03
3.684900000000000000e+04 1.040457622632291024e+00 3.630987755973475589e-02
3.685200000000000000e+04 1.036910087190824115e+00 3.800482035325284530e-02
3.685300000000000000e+04 9.270729600135100279e-01 9.276176886278263145e-02
3.685400000000000000e+04 9.970527213721442905e-01 3.230163027375282684e-04
3.685500000000000000e+04 9.522028781115746687e-01 -6.255832448646089783e-02
3.685600000000000000e+04 9.436719189357736237e-01 -1.056633140428568478e-02
3.685900000000000000e+04 1.044116516330441113e+00 1.390779359960665762e-01
3.686000000000000000e+04 9.847823961626117617e-01 8.647119111216478027e-02
3.686100000000000000e+04 9.156236671991262455e-01 -1.312649757064644485e-01
3.686200000000000000e+04 9.489834394138841889e-01 -1.225588051388068478e-01
3.686300000000000000e+04 8.756433050583554145e-01 -4.541728725308337433e-02
3.686400000000000000e+04 1.078328518376063361e+00 6.514324045614323933e-02
3.690500000000000000e+04 9.338618686130186752e-01 5.908454783676336114e-03
3.690600000000000000e+04 9.526788728022963504e-01 -2.281380835456254391e-02
3.692700000000000000e+04 9.351727832415650532e-01 -5.584644564328672400e-02
3.704300000000000000e+04 9.695891675002389354e-01 1.536613064833619868e-01
3.705300000000000000e+04 9.902793589388273476e-01 2.043713288280470386e-01
3.705400000000000000e+04 1.000313803531621248e+00 1.131975264014270927e-01
3.706600000000000000e+04 9.855144789936645111e-01 1.144163868792345551e-01
3.707600000000000000e+04 9.011880898876328816e-01 6.634805486160613719e-02
3.707700000000000000e+04 9.010589667915591683e-01 3.334098033181601833e-02
3.707800000000000000e+04 1.044981456733657499e+00 1.241697356086117199e-01
3.707900000000000000e+04 8.763252635221933096e-01 6.845999975717083352e-02
3.708300000000000000e+04 9.707360290523369128e-01 -2.395527182630778629e-02
3.708400000000000000e+04 1.023044789988949876e+00 5.494917549892086930e-03
3.708500000000000000e+04 1.012070346076046956e+00 9.012475071981751462e-02
3.710700000000000000e+04 9.763174788405865057e-01 9.505548250900838769e-02
3.710800000000000000e+04 8.351985088961609849e-01 8.509792730780087189e-02
3.711100000000000000e+04 8.516571157188534968e-01 1.583706414910235338e-01
3.711200000000000000e+04 1.025153213436935662e+00 5.289972537435891353e-02
3.711900000000000000e+04 9.221822670284641754e-01 9.861157567013952019e-02
3.712000000000000000e+04 8.522550283496528323e-01 2.744677066116745986e-02
3.712600000000000000e+04 1.045528875581810846e+00 -3.181125461601038568e-02
3.714200000000000000e+04 8.398791860527764497e-01 1.018572577367961307e-01
3.714300000000000000e+04 8.508486269897452825e-01 1.038135503048392694e-01
3.714700000000000000e+04 1.027399252598800272e+00 -3.169267650389365892e-02
3.714800000000000000e+04 1.002282593237320052e+00 -4.459208281617969144e-02
3.714900000000000000e+04 1.011417165667016782e+00 -6.873098002852462418e-02
3.715000000000000000e+04 1.013516923637850731e+00 8.081489361284321937e-02
3.715800000000000000e+04 9.167456568545994111e-01 7.944936670620869612e-02
3.715900000000000000e+04 7.574704299032324339e-01 1.171346606871495472e-01
3.716000000000000000e+04 9.915198085914037618e-01 6.322092365737025377e-02
3.716100000000000000e+04 1.067220901564860158e+00 1.079356556965623548e-01
3.716400000000000000e+04 9.836953462396246239e-01 2.100888578841966087e-02
3.716500000000000000e+04 1.096781615365406859e+00 -9.292027950668980962e-02
3.716600000000000000e+04 9.799224976158505962e-01 -1.864924378380491618e-02
3.716700000000000000e+04 9.772956352771089428e-01 6.469466118405298172e-02
3.716800000000000000e+04 9.660812149724424813e-01 4.482576437526648166e-02
3.716900000000000000e+04 9.349284529560590862e-01 6.601582691604045150e-02
3.718200000000000000e+04 8.704103623209722418e-01 7.071683034501079212e-02
3.718300000000000000e+04 1.022939449565538172e+00 1.488543948745476957e-02
3.718400000000000000e+04 1.146829678606205327e+00 1.040169500660423907e-01
3.718500000000000000e+04 1.031818107962047204e+00 -4.655742869090385982e-02
3.718600000000000000e+04 1.056109971612482656e+00 2.680853685472522202e-02
3.718700000000000000e+04 9.823728051206940259e-01 -5.551193165967229642e-02
3.718800000000000000e+04 9.223036146840438709e-01 1.884578826273612673e-01
3.718900000000000000e+04 9.347103756475260150e-01 8.338375313959280055e-02
3.719000000000000000e+04 9.316341580354515761e-01 6.795778643026123556e-02
3.719200000000000000e+04 9.973635310029825840e-01 6.375830328444349882e-02
3.719300000000000000e+04 1.018160724880703638e+00 1.700344403141275107e-01
3.719400000000000000e+04 1.023746051251424927e+00 1.710515308004277590e-01
3.720700000000000000e+04 8.974334723654356916e-01 9.407050897634615383e-02
3.720800000000000000e+04 9.187673072330063695e-01 4.836020522330213706e-02
3.721100000000000000e+04 1.068063080850397473e+00 -1.594959650620068337e-01
3.721200000000000000e+04 1.013434866423445602e+00 4.805672115335004463e-02
3.721300000000000000e+04 9.960442914594187513e-01 -4.589657849873703122e-02
3.721400000000000000e+04 1.070710459868291498e+00 -5.440862625028177607e-02
3.721500000000000000e+04 1.017156228299686660e+00 7.740113822411950895e-02
3.721600000000000000e+04 1.015540975424880754e+00 2.321693488006293729e-02
3.721700000000000000e+04 9.422540336612480472e-01 1.046719581543462813e-02
3.721800000000000000e+04 1.003110395088012252e+00 5.991770760782662297e-02
3.722100000000000000e+04 1.014470748190152705e+00 2.147792962864694399e-01
3.722200000000000000e+04 9.543310641580516895e-01 2.358469161783932067e-01
3.722300000000000000e+04 9.557722871666948228e-01 1.997350986342255885e-01
3.724000000000000000e+04 9.937195912792928798e-01 7.461081955217768735e-02
3.724100000000000000e+04 1.038727155879394015e+00 1.809793349437078813e-01
3.724200000000000000e+04 9.412798275249427693e-01 1.223483604640195586e-02
3.724300000000000000e+04 9.645573254769264082e-01 -5.380824796273152300e-02
3.724400000000000000e+04 9.541619950537154615e-01 -2.797543790906597411e-02
3.724500000000000000e+04 1.004028445413346571e+00 1.283321019851011990e-01
3.724600000000000000e+04 8.355688682472928175e-01 -1.620097861585728938e-01
3.724700000000000000e+04 8.444972717872045731e-01 -1.021106753977541332e-01
3.724800000000000000e+04 8.174539843583797927e-01 -8.422623070216420094e-02
3.724900000000000000e+04 9.662540190005907137e-01 9.836658931821908036e-02
3.725000000000000000e+04 9.805071620081117212e-01 1.807075233885699350e-01
3.725100000000000000e+04 8.973975520269689143e-01 1.820913378862114018e-01
3.725200000000000000e+04 9.084523004353107778e-01 1.498965939512089396e-01
3.726400000000000000e+04 7.927981727512085630e-01 8.904399444515989637e-02
3.726600000000000000e+04 1.046690338573799561e+00 9.540543839845062879e-02
3.726700000000000000e+04 6.941685990755673830e-01 -5.921322467990127597e-02
3.727500000000000000e+04 9.932931694059657923e-01 1.638412331048090531e-01
3.727700000000000000e+04 7.516647337201182166e-01 -1.621901270500309550e-02
3.727800000000000000e+04 8.124256403286402861e-01 -1.696169741393291630e-01
3.727900000000000000e+04 7.442011663896817009e-01 -5.342241122045982872e-04
3.728300000000000000e+04 1.005717281242731520e+00 1.653543741444355175e-01
3.728400000000000000e+04 7.802126769480727253e-01 1.261866855199778314e-01
3.728500000000000000e+04 9.515103675109627401e-01 1.651016785924210029e-01
3.729100000000000000e+04 9.610521369239708456e-01 -1.139315419485483066e-01
3.729200000000000000e+04 8.086498627788311078e-01 4.122999709185034417e-02
3.729300000000000000e+04 8.400362717772804633e-01 -1.775408080912880271e-01
3.729400000000000000e+04 9.167404336738529391e-01 5.600594058311129941e-02
3.729500000000000000e+04 9.781827114588139693e-01 -9.071680173843327255e-03
3.729600000000000000e+04 9.414271438511973011e-01 6.155576465354738180e-02
3.729700000000000000e+04 7.984730949544258660e-01 6.157296426152517738e-02
3.729800000000000000e+04 8.426437255145111660e-01 -9.245503420152295648e-02
3.729900000000000000e+04 9.093687042287228461e-01 -9.414965412249305665e-02
3.730200000000000000e+04 9.534231093081341202e-01 7.123814480984938524e-03
3.730300000000000000e+04 9.263717769439592242e-01 5.987395164617515669e-02
3.730400000000000000e+04 8.538201437945702743e-01 1.449796431282181219e-01
3.732400000000000000e+04 9.086128401458976045e-01 1.839259867818969843e-02
3.732500000000000000e+04 7.612998574620435388e-01 -1.298020848651428860e-01
3.732800000000000000e+04 9.290900525585714664e-01 -1.360470664635680602e-02
3.732900000000000000e+04 9.692528338183419301e-01 4.266350864691181854e-02
3.733000000000000000e+04 9.130083609404865408e-01 -6.107812156569827899e-02
3.733100000000000000e+04 8.830473280877225717e-01 -1.306697881015494167e-01
3.733200000000000000e+04 9.251023881640382251e-01 -3.912851676919293364e-02
3.733500000000000000e+04 8.776473518897255355e-01 7.044426694616781615e-02
3.733600000000000000e+04 9.114788140885492496e-01 1.094881016134572893e-01
3.734700000000000000e+04 9.680075681091069306e-01 6.663542377213654833e-02
3.734800000000000000e+04 9.004822105186971459e-01 6.563888844865070626e-03
3.734900000000000000e+04 8.526683367343879105e-01 -3.414408193756141019e-02
3.735000000000000000e+04 8.750770141673368530e-01 -3.704814038910546337e-02
3.735100000000000000e+04 8.708575471447842498e-01 -1.126491793650615317e-02
3.735200000000000000e+04 8.425386492550711592e-01 -1.693498716759625489e-01
3.735300000000000000e+04 8.275497456422331588e-01 -1.589584735971980578e-01
3.735400000000000000e+04 1.053031450639138944e+00 4.589416842015918430e-02
3.735500000000000000e+04 8.943005669178969441e-01 7.722996381508027974e-02
3.735600000000000000e+04 9.203388600127607733e-01 9.369403345638360747e-02
3.735700000000000000e+04 9.025825607065314227e-01 6.693825648265960826e-02
3.747900000000000000e+04 8.819639504298113497e-01 -1.695355330507049285e-02
3.749400000000000000e+04 9.576994093952879705e-01 -8.239979182858740703e-02
3.749500000000000000e+04 8.567545216090881599e-01 -1.247297561063960974e-01
3.749600000000000000e+04 1.017149476097705563e+00 1.164098053951430900e-01
3.756300000000000000e+04 8.801011688890350015e-01 1.871182461991651239e-02
3.756400000000000000e+04 7.984324390906221147e-01 1.176340700365953867e-01
3.765700000000000000e+04 7.847459573589248283e-01 9.549920793010008291e-03
3.765800000000000000e+04 9.579129690669893060e-01 -2.579637882902723056e-02
3.765900000000000000e+04 8.896238956853624869e-01 -3.059254023357135810e-02
3.766000000000000000e+04 6.126845846729852552e-01 1.156128657469033955e-01
