2.075800000000000000e+04 1.015056377283952260e+00 9.917086717567105691e-02
2.075900000000000000e+04 9.556517835155016183e-01 9.847927179714979773e-02
2.080100000000000000e+04 1.008461631460048968e+00 7.465683947209805771e-02
2.080200000000000000e+04 9.488861503447254542e-01 8.549449411817965083e-02
2.080300000000000000e+04 9.702676420093936382e-01 4.469716715394453366e-02
2.080400000000000000e+04 9.933988630752661475e-01 3.771435461714144066e-02
2.083100000000000000e+04 1.000280647541759382e+00 4.787309708135718128e-02
2.083200000000000000e+04 9.969841053003360987e-01 7.495004913944208758e-02
2.083400000000000000e+04 1.018030196687493394e+00 -8.863899979783101610e-03
2.083500000000000000e+04 9.834814139461929283e-01 6.779227164972145836e-02
2.086800000000000000e+04 9.700079108515718973e-01 5.982695715885447130e-02
2.086900000000000000e+04 9.530272868356490790e-01 3.565902831418395202e-02
2.087000000000000000e+04 9.402456083136851994e-01 3.270922600890095039e-02
2.087100000000000000e+04 1.012429044003575473e+00 8.362493702006208729e-02
2.089100000000000000e+04 1.051197937756363832e+00 6.958761090909425240e-02
2.089200000000000000e+04 1.006049685393632709e+00 4.204834763636245559e-02
2.089400000000000000e+04 9.914100759845553279e-01 3.596863910212359794e-02
2.089500000000000000e+04 9.330165363154886426e-01 -3.985456042413262207e-02
2.091200000000000000e+04 1.042601998966201871e+00 -2.809923230052720905e-02
2.091500000000000000e+04 1.014940430220442336e+00 -6.522702528691159962e-02
2.091600000000000000e+04 1.061131669342045614e+00 -9.598261876036479068e-02
2.091700000000000000e+04 1.025229071139915238e+00 -1.114829865497263262e-01
2.091800000000000000e+04 1.028704262274186210e+00 -2.179288075268860370e-01
2.093700000000000000e+04 1.031800406522773494e+00 -6.350958542227001877e-04
2.094600000000000000e+04 1.029160779726808084e+00 2.877490989244705158e-02
2.101000000000000000e+04 6.551159774381727363e-01 4.077043198864971352e-02
2.102000000000000000e+04 6.221751841656930626e-01 3.465880739501944752e-02
2.103700000000000000e+04 3.973502879291689327e-01 1.803753241958940268e-01
2.103800000000000000e+04 9.511643646376978234e-01 2.637392268336825607e-01
2.104500000000000000e+04 3.837462716114870553e-01 7.417084649997797430e-02
2.104600000000000000e+04 9.735343619238594481e-01 1.689343418061686197e-01
2.106700000000000000e+04 9.895804999392572299e-01 2.909466833887686121e-01
2.106800000000000000e+04 8.935917397702825005e-01 3.033456494495118116e-01
2.106900000000000000e+04 9.920680876490144406e-01 9.051721470855789153e-02
2.107000000000000000e+04 1.020113221517748636e+00 1.998546437035249035e-01
2.107100000000000000e+04 9.780615673172731173e-01 5.576987869308973160e-03
2.107200000000000000e+04 1.022741983116817854e+00 4.333495975814331824e-02
2.107300000000000000e+04 8.798460603637550115e-01 -5.915841999733219975e-02
2.107700000000000000e+04 9.205608684076207471e-01 2.947894422068831344e-01
2.107800000000000000e+04 9.477931637445072832e-01 1.547542722215542454e-01
2.107900000000000000e+04 9.908925354537506669e-01 8.657465773693324290e-03
2.108000000000000000e+04 9.552111692229299234e-01 1.440879081994050626e-01
2.108100000000000000e+04 9.710175591808222206e-01 9.874849350435411371e-03
2.108200000000000000e+04 1.010692748764079552e+00 2.147647705271837903e-02
2.109700000000000000e+04 8.790875482938222962e-01 3.177075486020680684e-01
2.109800000000000000e+04 9.020345911312696030e-01 2.441213307009105771e-01
2.110000000000000000e+04 1.018872443061882738e+00 2.110675194672979871e-01
2.112800000000000000e+04 7.295952640525382726e-01 1.363335289782499071e-01
2.119300000000000000e+04 8.852107019073708338e-01 5.872375557424792253e-02
2.119600000000000000e+04 9.922669879723418074e-01 1.312190849243276836e-01
2.119700000000000000e+04 9.121466782882384772e-01 1.057497202384028445e-01
2.122100000000000000e+04 1.064575275134996613e+00 5.027428059640249441e-02
2.122200000000000000e+04 1.025783469435314288e+00 1.271589576896493476e-02
2.122300000000000000e+04 1.052054891278860760e+00 8.732191072570918977e-02
2.122400000000000000e+04 1.024591627053208720e+00 1.756633159247425746e-01
2.127700000000000000e+04 9.344678020182303202e-01 7.255228901211807635e-02
2.127800000000000000e+04 1.039177331240190183e+00 4.957724939433075240e-02
2.130400000000000000e+04 9.569058247274755402e-01 -2.936324068559328232e-02
2.130500000000000000e+04 9.723081524201175885e-01 9.089456933225126267e-02
2.133000000000000000e+04 9.414330239134288680e-01 1.092460545428961287e-03
2.135300000000000000e+04 1.000605998650669015e+00 1.415060341507588526e-01
2.135400000000000000e+04 8.993450204720365715e-01 2.285401614581589469e-01
2.138000000000000000e+04 1.014028733436227014e+00 -4.076467950954407865e-02
2.138100000000000000e+04 1.111604940154780730e+00 2.398414838577271890e-01
2.139900000000000000e+04 9.195044477908963509e-01 4.655604341049040390e-02
2.140000000000000000e+04 1.048137292577534296e+00 1.016577801310334650e-01
2.141400000000000000e+04 1.073759400907179140e+00 4.073738766039022505e-03
2.141500000000000000e+04 1.032456471350626570e+00 7.913286244392452040e-02
2.141600000000000000e+04 9.892452417876139714e-01 2.119829574241493056e-02
2.143000000000000000e+04 8.583874467507195405e-01 1.452765573581737968e-01
2.143100000000000000e+04 3.387010373481687542e-01 5.821127192865098443e-02
2.144400000000000000e+04 1.061375480420448936e+00 8.400291100178093606e-02
2.144500000000000000e+04 9.765782915546787901e-01 7.531773333693171646e-02
2.144600000000000000e+04 4.405257919290964108e-01 5.900728244833002012e-02
2.145600000000000000e+04 1.058125803329466708e+00 1.835720956398642356e-01
2.145800000000000000e+04 1.084872008041421143e+00 -3.818490171586119003e-02
2.146500000000000000e+04 1.055204429757569562e+00 9.789866553175674557e-02
2.146600000000000000e+04 1.061836155495202938e+00 1.693713460015995875e-01
2.146700000000000000e+04 4.846729107769829903e-01 2.591143783014481297e-02
2.147200000000000000e+04 8.648073129218941668e-01 1.216383914369204150e-01
2.147800000000000000e+04 5.615212145195388471e-01 8.210849231086671252e-02
2.152000000000000000e+04 5.568154919923820501e+00 1.489507797966801161e-01
2.157400000000000000e+04 1.038122721793409919e+00 6.515288103450003754e-02
2.159600000000000000e+04 1.001596136911943935e+00 1.651131530906640721e-01
2.161200000000000000e+04 1.037146029265854974e+00 1.044559998348306568e-01
2.161300000000000000e+04 1.065852796496827182e+00 -4.477350652531923714e-02
2.161400000000000000e+04 1.747736709711949610e+00 6.228213832795645444e-02
2.163100000000000000e+04 7.824422512527555718e-01 6.069131217477972268e-02
2.163300000000000000e+04 1.033216415974678615e+00 3.238488585793662666e-02
2.165000000000000000e+04 6.431702455653330874e-01 8.665784918754517938e-03
2.168000000000000000e+04 5.211932105773365853e-01 2.207263879882792323e-01
2.170200000000000000e+04 4.638636041733169568e-01 -4.143508438887445744e-02
2.170300000000000000e+04 8.329650265756983751e-01 1.119260041708098063e-01
2.170400000000000000e+04 9.939130262528816928e-01 9.840628054303425520e-02
2.170700000000000000e+04 1.011302098307300668e+00 4.690127827888816020e-02
2.170800000000000000e+04 9.816866256945697700e-01 -5.578290580820486483e-02
2.172200000000000000e+04 5.745382082752436004e-01 9.274307224966607532e-02
2.172300000000000000e+04 9.649427561822879751e-01 2.517267263832955737e-01
2.172400000000000000e+04 1.026665651381242661e+00 2.201789430774949152e-01
2.172500000000000000e+04 1.059025679033261280e+00 -5.115771642841417804e-02
2.172600000000000000e+04 1.041818668790240876e+00 -2.477409652523256123e-02
2.172700000000000000e+04 9.921043832370850524e-01 2.191986751688784207e-01
2.174900000000000000e+04 4.772257209973225223e-01 -8.934240360449363649e-02
2.175000000000000000e+04 1.028774946766667586e+00 2.309737838759802486e-01
2.175100000000000000e+04 9.375820669078026581e-01 3.190478054114722628e-01
2.175200000000000000e+04 1.050010203349047933e+00 1.820090596014098741e-02
2.175300000000000000e+04 1.056281983004105918e+00 -1.062503748986597628e-02
2.175400000000000000e+04 9.095319763761832155e-01 2.817727560139183796e-01
2.175500000000000000e+04 9.601941369901301204e-01 2.222965774921592808e-01
2.177000000000000000e+04 7.562103794537481383e-01 1.494877747044819905e-01
2.177100000000000000e+04 1.019474175047921038e+00 2.491531193009249023e-01
2.177200000000000000e+04 1.013444473386784894e+00 2.533593234176051423e-01
2.177300000000000000e+04 1.018699479236971905e+00 6.037844189071520790e-02
2.177400000000000000e+04 9.894703245698450722e-01 9.258410556499130362e-02
2.177500000000000000e+04 9.622216489895260016e-01 2.099418024378019720e-01
2.178800000000000000e+04 1.140223891037339454e+00 -1.561847379747643462e-02
2.178900000000000000e+04 1.099955991378531950e+00 -4.715942687674239131e-02
2.179000000000000000e+04 1.086265580112083518e+00 2.437461229715132960e-01
2.179200000000000000e+04 1.036554338784120510e+00 4.059712480420309827e-02
2.179300000000000000e+04 1.116307861661889334e+00 -8.691248153101839569e-02
2.179400000000000000e+04 1.017467552175011392e+00 1.516685266602250670e-01
2.179500000000000000e+04 1.005168267905892865e+00 1.784930100366465267e-01
2.180500000000000000e+04 1.037864430804712468e+00 1.939999115914816177e-02
2.180600000000000000e+04 1.094693753180961515e+00 6.365059740995779314e-02
2.180700000000000000e+04 9.385247460744673420e-01 2.697518151158589395e-01
2.180800000000000000e+04 8.986737459893578972e-01 2.992151625608164278e-01
2.181400000000000000e+04 7.975838079822706872e-01 1.387290282809146014e-01
2.181500000000000000e+04 9.331316756162246762e-01 1.113906960325621309e-01
2.181800000000000000e+04 1.057554252326162292e+00 4.706364033356981447e-02
2.181900000000000000e+04 9.657412799375939549e-01 1.825505932227645955e-01
2.182000000000000000e+04 1.038328741122700238e+00 2.181656949306905735e-01
2.182200000000000000e+04 1.065556105102794193e+00 -1.258560003495860086e-02
2.182300000000000000e+04 9.195777756684540005e-01 8.483765811714040483e-02
2.182400000000000000e+04 1.181724616237277425e+00 5.257680865579293650e-02
2.182500000000000000e+04 1.071826523981651125e+00 2.107429943894550683e-01
2.183100000000000000e+04 1.008771344024252059e+00 1.951335005012911905e-01
2.183200000000000000e+04 9.660625444797487082e-01 3.756028152908039847e-02
2.183300000000000000e+04 9.274745427855567437e-01 1.409553926997055562e-01
2.183400000000000000e+04 1.046106023842582333e+00 -1.398512286094865872e-03
2.183500000000000000e+04 1.227717774591225552e+00 1.095166774062410475e-01
2.183600000000000000e+04 7.471867461992409698e-01 1.032437700572812200e-01
2.185100000000000000e+04 8.847610914209960153e-01 2.403387326768079979e-01
2.185300000000000000e+04 9.998137997747359451e-01 1.348902528888791252e-01
2.188400000000000000e+04 1.870114820035755798e+00 6.242509767634218248e-02
2.188500000000000000e+04 1.186739478352403676e+00 -1.103404901882942823e-01
2.188600000000000000e+04 1.319333612306993642e+00 -1.504938830514095799e-02
2.189800000000000000e+04 1.054545620571570419e+00 3.299525053283395258e-03
2.189900000000000000e+04 1.078987013247877602e+00 6.066039528407806553e-02
2.190000000000000000e+04 1.077673715434903201e+00 -9.245943009600116058e-02
2.190100000000000000e+04 1.058777200031894239e+00 8.878534862709649977e-02
2.191200000000000000e+04 1.039824269584861405e+00 9.341054519285096891e-02
2.191300000000000000e+04 9.895971836637613706e-01 7.109513253990709658e-02
2.191400000000000000e+04 1.003351104550475714e+00 1.133607518608734654e-01
2.191500000000000000e+04 1.024861591803694516e+00 -4.520236723541833784e-02
2.191600000000000000e+04 1.095026996379137030e+00 9.336433493368483105e-02
2.191700000000000000e+04 8.856013544606932131e-01 2.739596054678398174e-01
2.192600000000000000e+04 1.180794934436814936e+00 2.964873112435479838e-02
2.192700000000000000e+04 1.110530896837151005e+00 7.992408859132474341e-02
2.192800000000000000e+04 9.755903351438389715e-01 -3.547478075104423118e-02
2.192900000000000000e+04 1.072634629535537565e+00 2.116579948981914816e-01
2.193000000000000000e+04 9.914832461202446323e-01 8.885747253646768262e-02
2.193300000000000000e+04 3.240138866842103837e-01 2.242301145594327930e-02
2.193400000000000000e+04 6.174964091337761252e-01 4.405789987699897797e-02
2.194400000000000000e+04 1.066289806494103765e+00 -1.981630131180290300e-01
2.194700000000000000e+04 1.165597304688250402e+00 9.813747186685071316e-03
2.194800000000000000e+04 1.078883782511542933e+00 -7.317456327574406449e-02
2.194900000000000000e+04 9.533045848030711200e-01 1.044996582418197296e-03
2.195000000000000000e+04 1.000751999919676560e+00 7.665020881330612823e-02
2.195100000000000000e+04 9.354705640337503958e-01 1.967691139621088880e-01
2.195200000000000000e+04 9.583617837543689788e-01 2.272437048540134064e-01
2.195300000000000000e+04 9.449628012651518638e-01 2.654949475018369420e-01
2.196700000000000000e+04 6.154459903252614827e-01 8.850347212123525764e-02
2.196800000000000000e+04 3.679425601891132547e-01 3.465047055603302784e-02
2.196900000000000000e+04 8.318285327222418868e-01 2.262270528592625896e-01
2.197000000000000000e+04 8.598564171899271136e-01 6.898693566923834453e-02
2.197800000000000000e+04 7.014801142289337488e-01 1.621144822767116855e-01
2.197900000000000000e+04 8.649994480057328072e-01 1.238727771631873281e-01
2.198000000000000000e+04 2.938013569797135460e-01 7.143670029995383142e-02
2.198100000000000000e+04 8.877237550464862625e-01 2.174155658190619622e-01
2.198200000000000000e+04 9.030228609130005468e-01 2.248302381620126134e-01
2.198300000000000000e+04 8.667713883011006759e-01 2.712724385626884005e-01
2.198400000000000000e+04 9.105990983930234428e-01 8.280960824858020486e-02
2.198500000000000000e+04 8.893551564347108584e-01 1.575435661586917502e-01
2.198600000000000000e+04 9.334842384647334956e-01 1.220843048484016903e-02
2.198700000000000000e+04 9.253781838491922374e-01 -2.177449502059475295e-04
2.200000000000000000e+04 1.025378165086511695e+00 5.826830636154418930e-02
2.200100000000000000e+04 1.002568295675474452e+00 8.782612621037456241e-03
2.200200000000000000e+04 9.830670987276213246e-01 6.528685690040253453e-02
2.200300000000000000e+04 4.580210654776857293e-01 2.959825456857655135e-02
2.200400000000000000e+04 1.004559407806563165e+00 1.794267511523904846e-01
2.200500000000000000e+04 9.719689496191895595e-01 2.064834120239416870e-01
2.200600000000000000e+04 1.006690558534479640e+00 6.852075827798193713e-03
2.200700000000000000e+04 9.433369441402086331e-01 1.698631086940797716e-02
2.200800000000000000e+04 9.251628446511178661e-01 5.036779263197301709e-02
2.200900000000000000e+04 9.579622408846888426e-01 5.164563779255057496e-02
2.201100000000000000e+04 1.000597776349128498e+00 8.711154718080763026e-02
2.201200000000000000e+04 1.183650121088444029e+00 1.027641743064853785e-01
2.201800000000000000e+04 1.235721799388838749e+00 1.694222233682338846e-02
2.202100000000000000e+04 1.050794568655877503e+00 1.726025767272369379e-02
