2.255700000000000000e+04 1.041673145906599984e+00 1.597274247584880291e-01
2.255800000000000000e+04 9.981597920334646101e-01 1.522706157865239274e-01
2.256900000000000000e+04 9.559631885689083841e-01 7.215114057642242618e-02
2.257000000000000000e+04 9.492974408562639965e-01 7.575167250789177631e-02
2.257100000000000000e+04 9.485305523847378240e-01 2.450757719523082578e-01
2.257200000000000000e+04 9.468678914563253279e-01 2.877690669658656275e-01
2.257300000000000000e+04 8.063391505112592617e-01 6.886384571127568410e-02
2.257400000000000000e+04 9.230543624307282480e-01 5.210361835331262653e-02
2.257500000000000000e+04 1.004074958325086087e+00 4.655190848449579366e-02
2.257600000000000000e+04 1.025663670538957684e+00 7.061727082140913103e-02
2.257700000000000000e+04 9.833399985660533638e-01 1.156889757270746083e-01
2.257800000000000000e+04 9.357428488211507744e-01 1.490731326470481066e-01
2.258600000000000000e+04 9.889940834996705510e-01 6.257143715786239735e-02
2.258700000000000000e+04 9.747173649551761354e-01 4.853070829298630762e-02
2.258800000000000000e+04 9.789412463005638942e-01 2.243068910374893532e-01
2.258900000000000000e+04 9.559769950796189741e-01 2.363863538365104933e-01
2.259000000000000000e+04 1.013773579551650927e+00 8.765394133858181447e-02
2.259100000000000000e+04 9.436249873406016286e-01 8.886674404270562821e-02
2.259200000000000000e+04 9.830651670350180060e-01 -2.250822798765922741e-02
2.259300000000000000e+04 1.051866915696715976e+00 7.630151336889684499e-02
2.259400000000000000e+04 9.552042459079924663e-01 -7.947678137858003866e-02
2.259500000000000000e+04 9.822599589902711870e-01 5.152717977366173818e-02
2.260800000000000000e+04 9.908158735215207846e-01 1.494678057381093328e-01
2.260900000000000000e+04 1.013934832666514962e+00 1.325219387601531962e-01
2.261000000000000000e+04 1.042525570124928747e+00 2.102190118775221564e-02
2.261100000000000000e+04 1.156536870474053291e+00 3.206557740523383743e-02
2.261200000000000000e+04 1.300086356672800258e+00 -7.728580985446975582e-02
2.261300000000000000e+04 1.211219130573574665e+00 1.951922620757683483e-02
2.261400000000000000e+04 1.141027241799019709e+00 -1.155145052836553804e-01
2.261500000000000000e+04 1.092926387399890453e+00 -8.439652961312505905e-03
2.262400000000000000e+04 1.222050568108217883e+00 -4.595757920952108638e-02
2.262500000000000000e+04 1.271546947239886816e+00 4.061713310373859381e-02
2.262700000000000000e+04 1.558284761303054600e+00 -1.690347308065773616e-02
2.262800000000000000e+04 1.180993305487868961e+00 -2.304704257132734468e-01
2.272300000000000000e+04 1.155588854938129240e+00 7.051212057984715398e-02
2.272400000000000000e+04 1.234949568495963046e+00 -7.936029152785987681e-03
2.272700000000000000e+04 1.253770153163259460e+00 -3.618458668082506768e-02
2.272800000000000000e+04 1.369289469354836974e+00 -1.738928269175888872e-02
2.280700000000000000e+04 1.358522556798593905e+00 7.809608535005750640e-02
2.280800000000000000e+04 1.567903930825535364e+00 4.531365636211365233e-02
2.284100000000000000e+04 1.012431259500593761e+00 3.359993094692764748e-02
2.284200000000000000e+04 1.019268399809374781e+00 -4.829004613821991088e-02
2.284300000000000000e+04 1.062410685567057422e+00 -9.272868836978999385e-02
2.284400000000000000e+04 1.099612231419718977e+00 5.117491044308538489e-02
2.284500000000000000e+04 1.050670096102960471e+00 3.909288692531540793e-02
2.284700000000000000e+04 1.089329936706528335e+00 2.132849046594702605e-02
2.284800000000000000e+04 1.140374149417353378e+00 9.882543373188930336e-02
2.285200000000000000e+04 9.815612216212996621e-01 3.442174271711991029e-02
2.285300000000000000e+04 9.490846865772990526e-01 1.385925860262913756e-01
2.285400000000000000e+04 9.642464881009017441e-01 4.112607040202979208e-02
2.288400000000000000e+04 9.398609605540395595e-01 1.197435085777742436e-01
2.288500000000000000e+04 9.811711495279232809e-01 6.831958033571138011e-02
2.288700000000000000e+04 9.935899206969975861e-01 3.868469695935226188e-02
2.288800000000000000e+04 1.003964310811177318e+00 7.239331625025705041e-02
2.288900000000000000e+04 9.378180193087920502e-01 -1.682109479036974359e-03
2.289000000000000000e+04 9.439711279177334102e-01 6.151463551660348722e-02
2.289100000000000000e+04 1.093110526763089174e+00 1.211734516698948633e-01
2.289200000000000000e+04 9.545123913497480794e-01 2.258099177696654969e-01
2.289400000000000000e+04 9.720359193949695831e-01 5.495000461628120336e-02
2.289500000000000000e+04 9.443557448866065629e-01 5.778774040131820500e-02
2.289600000000000000e+04 8.947360658404605038e-01 -8.924816628041409849e-02
2.291000000000000000e+04 9.758066666424836111e-01 -7.622486731525462966e-02
2.291100000000000000e+04 9.978052884517831789e-01 8.225224305483082310e-02
2.291200000000000000e+04 9.756108756111196989e-01 9.957510294733333545e-02
2.291300000000000000e+04 9.746923663601668730e-01 7.354672889009387926e-02
2.291400000000000000e+04 9.840234319445122502e-01 1.018848602132872427e-01
2.291500000000000000e+04 1.015116605199369415e+00 1.618425227548276335e-01
2.291600000000000000e+04 1.112341179844071215e+00 4.115744410890907409e-03
2.291700000000000000e+04 9.683699169938924101e-01 1.695564240175701995e-02
2.291800000000000000e+04 1.049766282718464172e+00 5.319856233650496063e-02
2.291900000000000000e+04 1.029174277635170220e+00 5.628865819458346575e-02
2.295800000000000000e+04 1.036000455809516607e+00 1.549043057831975788e-02
2.295900000000000000e+04 1.011752945330466114e+00 2.885823556830948225e-02
2.296000000000000000e+04 9.227818876960925953e-01 6.793833370505418523e-02
2.296100000000000000e+04 9.933229048537469685e-01 7.137785770477722558e-02
2.296200000000000000e+04 1.020043689383010932e+00 1.198448161879474283e-01
2.296300000000000000e+04 9.649841363424687124e-01 -4.087626526399484178e-02
2.299000000000000000e+04 8.998811130003645520e-01 8.137919708713423073e-02
2.299400000000000000e+04 8.814306306866684926e-01 2.328890273426697521e-01
2.299500000000000000e+04 9.097853839778077267e-01 1.041139311030487707e-01
2.299600000000000000e+04 8.865149703697120520e-01 3.962954093069548378e-02
2.299700000000000000e+04 9.723593174726832267e-01 8.461428566691378550e-02
2.299800000000000000e+04 9.346469496115447084e-01 7.611649800842387736e-02
2.299900000000000000e+04 1.057991455643781276e+00 7.266364794681351956e-03
2.300100000000000000e+04 9.577862507119430102e-01 -3.256220553693556230e-02
2.300200000000000000e+04 9.643113181950816459e-01 -2.443611578778434601e-02
2.302600000000000000e+04 9.542416614552867715e-01 7.010177909831412715e-03
2.302700000000000000e+04 8.912960232921870452e-01 -7.068809188829321653e-03
2.302800000000000000e+04 9.151309764208951369e-01 2.220510210545584839e-01
2.302900000000000000e+04 9.355601825709284336e-01 1.850990742305039793e-01
2.303500000000000000e+04 9.950170371178901352e-01 1.247075655519033904e-01
2.303600000000000000e+04 1.021574969658479271e+00 1.958493165359147248e-02
2.303700000000000000e+04 7.641135838289819793e-01 -6.677714207645976674e-02
2.303800000000000000e+04 1.020736797704681731e+00 5.823702444008792972e-02
2.303900000000000000e+04 8.144460041548906570e-01 -4.257286719184260639e-03
2.304000000000000000e+04 9.688537416234627164e-01 -9.887025644488416087e-02
2.304100000000000000e+04 9.183642870814178183e-01 -2.145937263685972901e-02
2.305300000000000000e+04 9.635970756874057130e-01 1.555382575824761082e-01
2.305400000000000000e+04 8.818036312476952299e-01 1.943345852908394400e-01
2.305500000000000000e+04 9.148989230547618368e-01 1.388990777705753632e-01
2.305600000000000000e+04 9.555340276245158915e-01 1.446070504416586966e-01
2.306000000000000000e+04 9.827231328501048191e-01 5.873341426473910332e-02
2.306100000000000000e+04 9.112174403479518237e-01 6.828187502917378027e-02
2.306300000000000000e+04 9.451211018992458079e-01 -5.005798070100372921e-02
2.306400000000000000e+04 9.778073987304241044e-01 6.088788841170830052e-02
2.306500000000000000e+04 9.261075184240179503e-01 -5.215530312044726335e-02
2.306600000000000000e+04 9.265738367046966184e-01 -7.913770079689860792e-02
2.306700000000000000e+04 9.306059396065203826e-01 7.172324705587003468e-02
2.307300000000000000e+04 9.562541985214361162e-01 1.499187624163119958e-01
2.307400000000000000e+04 9.157338268023308414e-01 1.959817670470347384e-01
2.307500000000000000e+04 9.841336564066396342e-01 6.739779220516672886e-02
2.307600000000000000e+04 9.832676984748698334e-01 1.193791452249086532e-01
2.307700000000000000e+04 9.797903351547392337e-01 2.511356052526158428e-02
2.307800000000000000e+04 9.604067940438737461e-01 7.843780041246602164e-02
2.308100000000000000e+04 8.338269656684023090e-01 -9.812491334606610049e-02
2.308200000000000000e+04 8.964608065345371912e-01 4.184482605626450857e-02
2.308300000000000000e+04 1.093927072419005553e+00 -3.798874739142162060e-02
2.308400000000000000e+04 7.378056348530532826e-01 -5.026153087678771753e-02
2.308500000000000000e+04 8.252180034448973744e-01 -4.494799433499832575e-02
2.311700000000000000e+04 6.642755939701496803e-01 8.632632220545461560e-03
2.312200000000000000e+04 9.338200802747875784e-01 1.744562715303260292e-01
2.312300000000000000e+04 9.720892386869653956e-01 -4.477218722017516778e-03
2.312400000000000000e+04 9.902349520076949574e-01 -1.346960039331379921e-01
2.312500000000000000e+04 8.873742975870853034e-01 5.568916486765010387e-02
2.313200000000000000e+04 9.105189561131861176e-01 -7.893341826923772064e-02
2.313400000000000000e+04 7.522613549372478836e-01 6.722811479048963756e-02
2.314100000000000000e+04 1.076652222402765702e+00 -5.447078158329776536e-03
2.314200000000000000e+04 1.024100330657323532e+00 5.013930531111600308e-02
2.314300000000000000e+04 9.975754901289186627e-01 -3.042844781774920251e-02
2.314400000000000000e+04 1.083990860781345100e+00 -2.218377195650711453e-02
2.314500000000000000e+04 9.855834382935436677e-01 1.660866961016481402e-01
2.315300000000000000e+04 5.781179998768214423e-01 5.350645717083962749e-02
2.315400000000000000e+04 8.811854543128638806e-01 1.021574759133128951e-01
2.315500000000000000e+04 6.797717192206320647e-01 4.617430117558458946e-02
2.315600000000000000e+04 8.002168887767042715e-01 -4.234280466776004642e-02
2.318200000000000000e+04 9.603686317456658905e-01 1.483728930610959951e-01
2.320400000000000000e+04 4.791712035177784212e-01 -1.248288116599795966e-01
2.320500000000000000e+04 8.018390886686723729e-01 -3.309331557053185602e-02
2.322100000000000000e+04 9.665571765641279844e-01 9.833546931708164046e-04
2.322600000000000000e+04 8.733746967570034103e-01 1.593711364043604584e-01
2.322800000000000000e+04 7.977478416852938903e-01 -4.369574132371668168e-02
2.322900000000000000e+04 9.654652063599835632e-01 -5.918994535183587369e-02
2.323000000000000000e+04 6.102912004700618009e-01 2.497622841657953785e-02
2.323100000000000000e+04 6.772674875716470089e-01 -2.729238430750747374e-02
2.323200000000000000e+04 8.030547958058125158e-01 -9.168268796161027634e-02
2.323300000000000000e+04 8.464235536140910510e-01 3.405531462441539065e-02
2.323400000000000000e+04 7.942283997035954890e-01 -1.004786890472925964e-01
2.323700000000000000e+04 8.075853183074808150e-01 1.397495244356361244e-01
2.323800000000000000e+04 7.995951143635571245e-01 2.277965603945485140e-01
2.323900000000000000e+04 8.367066674812244642e-01 -3.734029872566217712e-02
2.324000000000000000e+04 8.964968582142821552e-01 1.726534431989170879e-02
2.324100000000000000e+04 9.186883709254821673e-01 1.703750991393329986e-02
2.324200000000000000e+04 8.775876153216136677e-01 -2.168983911244536187e-03
2.324300000000000000e+04 8.749086620260323466e-01 -3.869896246571254833e-02
2.324400000000000000e+04 8.597083973725647699e-01 1.335726265387132961e-01
2.324500000000000000e+04 8.111545469890294457e-01 -1.263768443455320634e-01
2.324600000000000000e+04 8.046169257496335048e-01 9.986239946841272974e-02
2.324700000000000000e+04 8.329690244512515385e-01 -5.891987463269007103e-02
2.325600000000000000e+04 8.487152137488198633e-01 5.489353356314112531e-02
2.325800000000000000e+04 7.158789641437747209e-01 -6.038968991661529395e-02
2.326000000000000000e+04 8.051191654388231145e-01 -1.444476180101783927e-02
2.326100000000000000e+04 8.153818123597416090e-01 -1.202263659533368556e-01
2.326200000000000000e+04 9.044680647657465933e-01 -3.912411721983777291e-02
2.326300000000000000e+04 8.792502294614259473e-01 -4.626854718642823411e-02
2.326400000000000000e+04 8.370499698854245718e-01 2.015447830803957646e-02
2.326500000000000000e+04 8.615217396327126131e-01 -9.888952531442155025e-02
2.326600000000000000e+04 9.218348962813628367e-01 -9.388617425585166210e-02
2.326700000000000000e+04 9.038742698330490821e-01 -9.460266988156137979e-02
2.327100000000000000e+04 9.780754402919554780e-01 -1.265140678967161328e-02
2.327200000000000000e+04 8.240091620366202241e-01 1.440532417325623427e-01
2.327300000000000000e+04 8.216318106744460170e-01 2.209652927349516904e-01
2.327400000000000000e+04 8.442552869957379302e-01 2.977156802831194132e-02
2.327500000000000000e+04 8.617679635641006808e-01 5.798932945638262532e-02
2.327600000000000000e+04 8.584732708562067272e-01 -7.691727277144719266e-02
2.327700000000000000e+04 9.178751670544363916e-01 -3.065601444789582339e-02
2.327800000000000000e+04 8.432264992609250776e-01 -1.000397808696058960e-01
2.327900000000000000e+04 8.288261297159952301e-01 2.511815138340753317e-02
2.328000000000000000e+04 8.394245121051272518e-01 -1.065803618597460783e-01
2.330400000000000000e+04 9.645688103197349594e-01 -6.863605357157752211e-03
2.330900000000000000e+04 9.796806612746649101e-01 1.863037379231435864e-02
2.331000000000000000e+04 9.503772632685114630e-01 3.942830593172794162e-02
2.350000000000000000e+04 1.056746032376325140e+00 7.206898603893019395e-02
2.350100000000000000e+04 1.051942555166463844e+00 -1.842274945830916057e-03
2.350200000000000000e+04 8.704916733229514092e-01 3.571910104164925659e-02
2.350300000000000000e+04 1.090609729965876573e+00 4.331990281617819488e-02
2.352000000000000000e+04 1.044353949222796674e+00 2.118451156018344439e-02
2.352100000000000000e+04 1.082846024356866721e+00 -1.000652786265861516e-01
2.352200000000000000e+04 1.161691302257300329e+00 1.678496521848133610e-02
2.352300000000000000e+04 1.074287513650577175e+00 1.707586897339698553e-02
2.352600000000000000e+04 9.966694524501327201e-01 -3.897066982100621559e-03
2.353800000000000000e+04 1.009424625279904175e+00 4.105501580410014784e-02
2.353900000000000000e+04 1.040087888877877953e+00 1.179019036672316612e-01
2.354000000000000000e+04 1.087208847499572473e+00 -4.167926453061217978e-02
2.354100000000000000e+04 1.158290557201342885e+00 -1.754962624988437581e-02
2.354200000000000000e+04 1.090343990484327508e+00 -9.354354633590809820e-02
2.354300000000000000e+04 1.205125909992521116e+00 4.168825432935060332e-02
2.354400000000000000e+04 1.113920008590059796e+00 6.401353938621606732e-02
2.354500000000000000e+04 1.020763900098706989e+00 7.066335281785945249e-05
2.355300000000000000e+04 1.083517815185494060e+00 -7.967157874538827178e-02
2.355400000000000000e+04 1.098686301114473185e+00 6.899862330551798095e-02
