2.454800000000000000e+04 9.746442992026127516e-01 3.141129970949423783e-02
2.454900000000000000e+04 9.911577342126446366e-01 -1.103964932559826223e-02
2.455000000000000000e+04 1.219509739262421899e+00 4.598707035265694326e-02
2.455800000000000000e+04 9.803251494678095757e-01 -8.602319658284895976e-03
2.455900000000000000e+04 1.096911463863504466e+00 7.774912045837864549e-02
2.456000000000000000e+04 1.067268193096365225e+00 1.309910596998454524e-01
2.457000000000000000e+04 7.254853637113137799e-01 -5.216241031835337078e-02
2.457100000000000000e+04 7.635972483734971838e-01 4.178539512524998695e-02
2.457300000000000000e+04 8.491864969005150643e-01 -7.078235227563420273e-02
2.457700000000000000e+04 1.096672897435515104e+00 1.770224432178624241e-02
2.457800000000000000e+04 1.059187008729011614e+00 2.040474845991064878e-01
2.457900000000000000e+04 1.108654039126991897e+00 2.267319754363743556e-01
2.458000000000000000e+04 1.122378850324252220e+00 1.829348155786666985e-01
2.458100000000000000e+04 9.870585504451171444e-01 2.284922712468983597e-01
2.458300000000000000e+04 5.143097000179222000e-01 6.986907332118592884e-02
2.458400000000000000e+04 6.697882212509524980e-01 8.865261518764988580e-02
2.459400000000000000e+04 1.024343913766844638e+00 1.124024652611577274e-01
2.459500000000000000e+04 7.331797289286795527e-01 1.515743698009035800e-01
2.459600000000000000e+04 1.025423007299209432e+00 -4.590630711309280632e-02
2.459700000000000000e+04 4.813788436546224681e-01 5.272143930009560650e-03
2.459800000000000000e+04 9.197653481783024665e-01 4.293135397611483328e-02
2.459900000000000000e+04 6.668963188982206525e-01 1.321411957207138110e-01
2.460100000000000000e+04 6.160007170588772674e-01 6.218541549193317558e-02
2.460200000000000000e+04 6.118317089171998457e-01 -3.442819292008850868e-02
2.460300000000000000e+04 6.815649102801871750e-01 -9.124241777564080780e-02
2.460400000000000000e+04 8.264538699885591866e-01 -7.545577560217009427e-02
2.461900000000000000e+04 1.027897370567378399e+00 -5.764688504598801388e-02
2.462000000000000000e+04 9.128283942262893635e-01 -1.037463232228666432e-01
2.462100000000000000e+04 4.686209133674316685e-01 -3.756742329948607739e-02
2.471400000000000000e+04 1.088561417026480793e+00 1.306543785555025761e-01
2.473800000000000000e+04 1.040134768772864815e+00 2.677277017747656251e-04
2.473900000000000000e+04 1.355908616634016628e+00 -9.373400870997526321e-03
2.474000000000000000e+04 1.144085157708851330e+00 1.491298446368874431e-01
2.474100000000000000e+04 1.080606930986272918e+00 1.166362067974977823e-01
2.483300000000000000e+04 1.091926459973381558e+00 2.769155728050570753e-01
2.483400000000000000e+04 1.067841751967604003e+00 -1.305389332463551813e-03
2.484100000000000000e+04 1.192274941206273420e+00 4.892130781549273305e-02
2.484200000000000000e+04 1.167423023046756381e+00 1.160277468210388907e-01
2.484300000000000000e+04 1.117026102160081358e+00 -4.998724252259785505e-03
2.484400000000000000e+04 1.104100756034137820e+00 1.123554577443922411e-02
2.484500000000000000e+04 9.373500324039463205e-01 -1.049861530406461657e-01
2.484600000000000000e+04 1.062616824460649090e+00 3.406837876121863225e-03
2.484700000000000000e+04 1.062334595852157060e+00 -8.589258557211458187e-03
2.486500000000000000e+04 9.644301072001801867e-01 -6.768544589560587799e-02
2.486600000000000000e+04 1.008246281782920084e+00 4.706753927407632265e-02
2.486700000000000000e+04 7.272104974655255738e-01 -8.453607901682154424e-03
2.487700000000000000e+04 1.153316981504360905e+00 -2.443004690102576829e-02
2.487800000000000000e+04 1.168098821795553244e+00 4.435321211706884370e-02
2.487900000000000000e+04 1.107030190159201011e+00 -3.028366542696794839e-02
2.488000000000000000e+04 1.005833344776544624e+00 2.097565754650657522e-03
2.488100000000000000e+04 1.133527366357796495e+00 1.674462577587411405e-02
2.488300000000000000e+04 1.068360454784203606e+00 3.242366317429651312e-02
2.488400000000000000e+04 1.064683653558908816e+00 4.083278918408500546e-02
2.489000000000000000e+04 1.164341542759715242e+00 7.253195049455561649e-02
2.489100000000000000e+04 1.112435492792169356e+00 1.285826388399327058e-01
2.489200000000000000e+04 1.118381581153389259e+00 9.054807718198865096e-02
2.489300000000000000e+04 1.097866013430152110e+00 -1.100835526716822527e-01
2.489400000000000000e+04 1.219674037831615765e+00 -5.577026225771807011e-02
2.490600000000000000e+04 1.136332030268345727e+00 1.136319472509115247e-01
2.490700000000000000e+04 1.028551417988995187e+00 -8.759811690849189647e-02
2.490800000000000000e+04 1.095721088921960185e+00 2.069605510513545729e-02
2.491000000000000000e+04 1.056124727244426964e+00 7.975483761870334753e-02
2.492400000000000000e+04 1.194979098620847502e+00 3.559497370095385249e-02
2.492500000000000000e+04 1.180934697046037041e+00 1.548060779944068419e-02
2.492600000000000000e+04 1.431767178010903363e+00 -5.345891773087010912e-02
2.492800000000000000e+04 1.004271450758074113e+00 -4.045430079452871225e-02
2.494800000000000000e+04 1.128696389958062651e+00 3.806502682507801466e-02
2.494900000000000000e+04 1.125540870943170235e+00 1.016970063559880927e-01
2.495200000000000000e+04 1.059767423517145035e+00 1.985303603088276955e-02
2.497000000000000000e+04 1.171900083469981535e+00 -2.378915100619256526e-02
2.497100000000000000e+04 1.103829713984298966e+00 9.750248729266616787e-02
2.497200000000000000e+04 1.034365219639781674e+00 1.258475203641067075e-02
2.497700000000000000e+04 1.014450008637036937e+00 -8.069246420868814162e-02
2.500200000000000000e+04 1.046491594755250665e+00 -1.586836935979623817e-02
2.500300000000000000e+04 9.904575096029816228e-01 -7.198173506031543822e-02
2.500400000000000000e+04 9.448750017087248487e-01 -1.170176944449710481e-02
2.500500000000000000e+04 1.057123107954953234e+00 1.211305584150795638e-02
2.502400000000000000e+04 9.874630563414137363e-01 -7.898632641466236948e-02
2.502500000000000000e+04 1.047719962957566420e+00 -1.014998134185336326e-01
2.504300000000000000e+04 1.035895022050311143e+00 5.337267856671127492e-02
2.524700000000000000e+04 1.236507418186659990e+00 5.632773415929172994e-02
2.524900000000000000e+04 1.041635315312424925e+00 -5.076802741941895819e-02
2.529300000000000000e+04 9.724379733391573799e-01 -1.728638961960692333e-01
2.529400000000000000e+04 9.324906756508476446e-01 -9.381184744592242775e-02
2.529500000000000000e+04 9.841494861305727371e-01 -7.960871879867659207e-02
2.529700000000000000e+04 9.665090211881028903e-01 1.199129867132401814e-02
2.529800000000000000e+04 9.902452153653124034e-01 -8.639513934229728007e-03
2.529900000000000000e+04 9.435740893376496352e-01 1.534026388790899614e-03
2.530000000000000000e+04 9.661072724848025484e-01 8.028636948141166726e-03
2.530100000000000000e+04 1.021497567750423885e+00 1.790533311980090081e-02
2.530200000000000000e+04 1.002689412074200481e+00 -3.709223133017598706e-02
2.531800000000000000e+04 9.605232036073119151e-01 -1.091522856352420690e-01
2.531900000000000000e+04 1.305297422950228547e+00 -2.454146564141252707e-01
2.532000000000000000e+04 9.826468869084779012e-01 -1.039932246397282448e-02
2.532100000000000000e+04 1.024092500968977859e+00 5.920128683914767376e-02
2.532200000000000000e+04 1.015124354984939359e+00 -4.131653020144263055e-02
2.532300000000000000e+04 1.017314694206416181e+00 -1.917697218018526648e-02
2.532400000000000000e+04 1.053090436466965096e+00 6.822114523534507369e-02
2.532700000000000000e+04 1.000270979989461795e+00 3.477535417908982074e-02
2.532800000000000000e+04 8.519760514670227103e-01 -5.498183562283336448e-03
2.532900000000000000e+04 1.011866005859114459e+00 5.205660590096108237e-02
2.533700000000000000e+04 1.026537747605319240e+00 -1.335527964243592158e-01
2.533800000000000000e+04 1.009059511986308388e+00 2.247219977277066169e-02
2.533900000000000000e+04 1.004389467926723345e+00 -9.503320399872634133e-03
2.534000000000000000e+04 1.103658789138787455e+00 -1.270407152160598352e-01
2.534100000000000000e+04 9.854588369333795450e-01 -3.054883226900002857e-02
2.534200000000000000e+04 9.921416814585557464e-01 -1.495050959869882214e-02
2.534300000000000000e+04 1.015047588352664620e+00 -1.679607046377150012e-02
2.534400000000000000e+04 9.813457299431772585e-01 3.542202055782485426e-02
2.534500000000000000e+04 1.231758860264662303e+00 -3.312198823662339947e-02
2.534600000000000000e+04 1.006150790163753861e+00 2.224280811072605613e-02
2.534700000000000000e+04 1.020850442271154401e+00 -5.589207650096572610e-03
2.534800000000000000e+04 1.066885551325512216e+00 1.078663946096414944e-01
2.536600000000000000e+04 1.175219382684949299e+00 -3.078649580083114932e-03
2.536700000000000000e+04 1.135897572552041934e+00 9.539909145913303204e-03
2.536800000000000000e+04 1.133474037316100080e+00 -6.500344205510612261e-02
2.536900000000000000e+04 8.974997981748590314e-01 -9.307952863247651032e-02
2.538700000000000000e+04 1.013262570952734531e+00 -1.497217613488269761e-01
2.538800000000000000e+04 1.106380842901737438e+00 -2.813373681049785233e-02
2.538900000000000000e+04 1.111868206703212847e+00 -2.304414013638079670e-02
2.539000000000000000e+04 8.849377653799928023e-01 -2.763746493967273246e-02
2.539100000000000000e+04 1.098123524938270812e+00 4.225817782051661392e-02
2.539200000000000000e+04 1.059991302164485782e+00 9.608326765189480201e-02
2.541300000000000000e+04 1.120214298476698289e+00 -1.185772820599084731e-01
2.541400000000000000e+04 1.026470658710048500e+00 3.354660014057072107e-03
2.541500000000000000e+04 8.864301512042614961e-01 -3.874962392330928707e-02
2.542000000000000000e+04 9.340117593828384246e-01 -8.434074838423472054e-02
2.542100000000000000e+04 1.151712990186307906e+00 -3.095610653301354362e-02
2.542200000000000000e+04 1.014316764997459153e+00 -1.624451403644037659e-02
2.542300000000000000e+04 9.489702356504596814e-01 -5.297150209376756680e-02
2.542400000000000000e+04 9.397513621491171421e-01 -1.148335438186501856e-01
2.542500000000000000e+04 8.738400126003202928e-01 -8.099115692943539835e-02
2.544200000000000000e+04 8.794894136335633661e-01 7.270202472481351874e-02
2.544300000000000000e+04 1.090855173588488602e+00 8.531879648140468231e-02
2.544400000000000000e+04 8.987319132734790106e-01 2.007687647670972075e-01
2.544800000000000000e+04 1.112670678207664965e+00 -2.183948797177896750e-02
2.544900000000000000e+04 9.551041338404524517e-01 -8.792352429483397958e-02
2.545000000000000000e+04 1.051981035118157326e+00 5.439553329448719443e-02
2.545100000000000000e+04 9.459112872332002819e-01 -5.290374522798552137e-02
2.545200000000000000e+04 9.924674413377483351e-01 -7.106913089218301616e-02
2.545300000000000000e+04 8.420471344303535055e-01 -6.607857868473934748e-02
2.549300000000000000e+04 1.022717804554932552e+00 1.320749605205436550e-01
2.549400000000000000e+04 1.047455530997380535e+00 1.342246415554765593e-01
2.549500000000000000e+04 8.993068829565200595e-01 4.291797416102872964e-02
2.549600000000000000e+04 7.997780162102292589e-01 6.952038395623212630e-02
2.550600000000000000e+04 1.096184084094526945e+00 -1.065187311930640146e-01
2.550700000000000000e+04 9.985389698944387993e-01 -3.390001140873855068e-02
2.550800000000000000e+04 9.985707534523600160e-01 -2.867244473859023590e-02
2.550900000000000000e+04 9.522016501250802900e-01 -3.111168403651518033e-02
2.551000000000000000e+04 1.000026399953242828e+00 1.289734334054176979e-01
2.551100000000000000e+04 1.090114719237573970e+00 2.293388396817973643e-02
2.551600000000000000e+04 1.081677889212391719e+00 1.324815612774809040e-02
2.551700000000000000e+04 9.635014191298680863e-01 -4.234962013547891035e-02
2.551800000000000000e+04 1.067502995368552865e+00 -5.257224496058044566e-02
2.554000000000000000e+04 9.415047257281832227e-01 2.187721461634853024e-02
2.554100000000000000e+04 9.306961733869894005e-01 -2.437617269213066332e-02
2.554200000000000000e+04 9.542581031772856548e-01 -2.336010017030110131e-02
2.554400000000000000e+04 8.827843078509932662e-01 -1.002215244533603278e-01
2.554500000000000000e+04 9.733991803402571863e-01 1.340558330298561619e-02
2.554600000000000000e+04 9.575827745722071960e-01 5.560932038927652102e-03
2.557500000000000000e+04 1.196147666948770505e+00 -5.190949931104448141e-03
2.557600000000000000e+04 1.005260800357136608e+00 -1.366879841955702043e-02
2.602400000000000000e+04 1.053782337720266193e+00 -1.212735186969601531e-01
2.602500000000000000e+04 1.153282987370672474e+00 -1.087399302253204414e-03
2.602600000000000000e+04 1.151227282675236108e+00 1.538071222480346181e-02
2.602700000000000000e+04 1.135802175712305351e+00 1.586838374081051689e-02
2.602900000000000000e+04 1.199673346774483340e+00 1.008756384811797802e-01
2.603000000000000000e+04 1.071421312839432316e+00 4.902559533579596562e-02
2.607600000000000000e+04 1.020878805651969534e+00 -4.367511920742159909e-02
2.607700000000000000e+04 1.215205014257282112e+00 -3.326168024964652747e-02
2.610300000000000000e+04 1.049532663445711167e+00 -3.077794216632719071e-02
2.616200000000000000e+04 1.069377886592173477e+00 8.156702817870210842e-03
2.616400000000000000e+04 9.106171692865497880e-01 1.298614849029381124e-01
2.616500000000000000e+04 9.280674105351439662e-01 -4.683093656427574775e-02
2.618900000000000000e+04 1.022792492887233395e+00 -3.911646868112285402e-02
2.619000000000000000e+04 1.089846006745850637e+00 6.149841310209419598e-02
2.619100000000000000e+04 1.072647908972603759e+00 4.554732725311161357e-02
2.621200000000000000e+04 1.052679104870295701e+00 -3.784578753791827815e-02
2.621300000000000000e+04 1.151278637831837148e+00 1.631403937242694932e-02
2.621400000000000000e+04 1.156795196259780445e+00 9.394212103849668150e-02
2.624400000000000000e+04 1.177176507893426205e+00 -2.604999490069200008e-02
2.624500000000000000e+04 9.959853106879790197e-01 -9.276500588946036407e-02
2.624600000000000000e+04 1.081503611174249757e+00 -2.899023816500911205e-02
2.624700000000000000e+04 1.109797600757180369e+00 -3.790016047260483939e-02
2.624800000000000000e+04 1.111046770285461838e+00 -1.585789406320459909e-03
2.626400000000000000e+04 8.159821074023257959e-01 -1.744748471276194035e-01
2.626500000000000000e+04 9.437996056042572413e-01 -7.194962862734045894e-02
2.626600000000000000e+04 9.812950117897213387e-01 -5.432035613942367419e-02
2.626700000000000000e+04 1.083257593956374443e+00 -6.792128048815110342e-02
2.626800000000000000e+04 1.047436602974021413e+00 3.194032336682250256e-02
2.626900000000000000e+04 1.132796840326822041e+00 4.467139749371863700e-02
2.629600000000000000e+04 8.181970666956538407e-01 -1.426806987208696920e-01
2.629700000000000000e+04 9.412704326079185391e-01 -9.528199686704257043e-02
2.629800000000000000e+04 9.969234888909076497e-01 -2.868921608308556276e-02
2.629900000000000000e+04 1.035316421210651372e+00 -6.152278167199726894e-02
2.630000000000000000e+04 1.079076738071624852e+00 -4.306523817680789866e-03
2.630100000000000000e+04 1.364912199711542318e+00 1.792118493463999013e-02
2.634900000000000000e+04 9.719859741821110788e-01 8.283119057723626905e-04
2.635000000000000000e+04 1.044438660465202062e+00 9.269306711676904634e-03
2.635100000000000000e+04 1.060926975753080370e+00 8.317424453100279169e-02
