2.635200000000000000e+04 9.949230049176029933e-01 -6.195848883801599594e-02
2.642200000000000000e+04 8.477836175124482399e-01 -1.566667020816973066e-01
2.642300000000000000e+04 9.549394453466687471e-01 -4.449023453911479103e-02
2.642400000000000000e+04 1.019628662255006146e+00 -1.563779496361120472e-02
2.642500000000000000e+04 1.061391441232860666e+00 1.069115045320641333e-02
2.642800000000000000e+04 9.864737726452567079e-01 9.830204299097360099e-03
2.649700000000000000e+04 1.189706787883984429e+00 3.867067997801581884e-03
2.649800000000000000e+04 1.108068731270066998e+00 6.958442054104324592e-02
2.649900000000000000e+04 1.104531061163543715e+00 8.223387946265474369e-02
2.650000000000000000e+04 1.127873831641670765e+00 3.912545988803854680e-02
2.650100000000000000e+04 1.090493887058499478e+00 1.955196715199427476e-02
2.650200000000000000e+04 1.036351853059212846e+00 3.608489821471898978e-02
2.650300000000000000e+04 1.048432261072750560e+00 2.155221336070194116e-02
2.657800000000000000e+04 2.091830108426016022e+00 -2.588268914796871406e-02
2.657900000000000000e+04 1.832945578956041155e+00 7.369455552397097264e-02
2.658000000000000000e+04 9.917368570649597315e-01 -1.028819221557001479e-02
2.658100000000000000e+04 1.234116718958846448e+00 -5.193188427510230833e-03
2.658300000000000000e+04 1.454628858665736768e+00 -8.073179532402846581e-02
2.658400000000000000e+04 8.569910164224571192e-01 -6.731539977930613150e-02
2.662000000000000000e+04 3.304296346621680147e+00 -3.300667647780187314e-03
2.662100000000000000e+04 1.015705060886362254e+00 -1.098320977990185632e-01
2.662200000000000000e+04 1.575551687274532986e+00 -2.028684966184097355e-04
2.662300000000000000e+04 1.391820174817353983e+00 -7.826813333885197788e-02
2.670300000000000000e+04 9.903376724278349919e-01 -6.943247202366575888e-02
2.670400000000000000e+04 1.144628387319425844e+00 5.790005732766373425e-02
2.670500000000000000e+04 1.124331733456184645e+00 -4.488954277316532793e-02
2.671400000000000000e+04 9.282448117391403075e-01 3.160879509593400583e-02
2.674600000000000000e+04 1.060591747528286666e+00 -9.471652790328452531e-03
2.674700000000000000e+04 1.007512984846230975e+00 1.222580243134045036e-02
2.676400000000000000e+04 1.058427126674390983e+00 -5.010622051589912890e-02
2.676500000000000000e+04 1.327356851797059534e+00 4.819429935473737436e-02
2.676600000000000000e+04 1.122392891603156029e+00 1.785194127754998958e-02
2.676700000000000000e+04 1.187379261960870735e+00 3.262985594091534491e-02
2.678700000000000000e+04 1.221666986763830787e+00 -7.697617345501515940e-02
2.678800000000000000e+04 1.060380424973075275e+00 2.917616705480231571e-03
2.680200000000000000e+04 1.190865806622205314e+00 -3.782314300210007189e-03
2.680700000000000000e+04 1.033133832649968609e+00 7.448460864451530994e-02
2.680800000000000000e+04 1.143342995707346210e+00 2.153602818693898732e-02
2.680900000000000000e+04 9.644965977355358655e-01 -9.619546323395015974e-02
2.682300000000000000e+04 1.087612910145348888e+00 3.403139731123504264e-02
2.682400000000000000e+04 9.621050088643554599e-01 -5.315220600451764366e-02
2.682500000000000000e+04 1.080225725349560628e+00 -1.053473404401077118e-02
2.682600000000000000e+04 9.874806009943051244e-01 -2.386198393823607544e-02
2.682700000000000000e+04 9.829834257188306834e-01 3.369020010765127852e-03
2.682800000000000000e+04 1.124295983406229160e+00 7.004078651608529327e-02
2.682900000000000000e+04 1.034839455953113108e+00 -4.631244264229406743e-02
2.683000000000000000e+04 1.000000000000000000e+00 0.000000000000000000e+00
2.683100000000000000e+04 1.000000000000000000e+00 0.000000000000000000e+00
2.683200000000000000e+04 9.957726525146138874e-01 1.156957079174070341e-01
2.683300000000000000e+04 1.064403753670272623e+00 1.899546747786184583e-02
2.683400000000000000e+04 1.067699360955481014e+00 1.963168309011696644e-02
2.684600000000000000e+04 9.751270840832295672e-01 -1.126149581282335915e-01
2.685000000000000000e+04 9.694315174813038505e-01 1.753887987519140712e-01
2.687700000000000000e+04 1.061726202692568677e+00 -1.771611523432933474e-03
2.687800000000000000e+04 7.945982090390262265e-01 3.604329108231720258e-01
2.687900000000000000e+04 9.287343733406879798e-01 1.313671378105232546e-01
2.691300000000000000e+04 1.008237953184075719e+00 5.024082332818146507e-02
2.691400000000000000e+04 9.006627380855498632e-01 1.403916091631652848e-03
2.693400000000000000e+04 1.080699027632438192e+00 -6.238441551711685490e-02
2.693500000000000000e+04 1.000000000000000000e+00 0.000000000000000000e+00
2.696300000000000000e+04 1.063109159888784072e+00 -1.909939058395078437e-02
2.696400000000000000e+04 7.657965802979961323e-01 5.095809206298773653e-01
2.697700000000000000e+04 1.054938053811606880e+00 -8.581050378986024296e-02
2.697800000000000000e+04 1.156079031198188556e+00 4.570172077216841378e-02
2.701500000000000000e+04 6.622749919418774445e-01 4.246106390416627407e-01
2.701700000000000000e+04 8.778119214932844638e-01 3.287843194511730349e-02
2.702700000000000000e+04 1.037649443479794931e+00 -1.505979023751017609e-01
2.704400000000000000e+04 7.520797546643634979e-01 4.815519374403170461e-01
2.704600000000000000e+04 1.007593528518889725e+00 9.128753612096963954e-02
2.706300000000000000e+04 1.233056595349523832e+00 -2.125951766480262822e-02
2.706400000000000000e+04 1.015158554217023390e+00 -1.511065221276138293e-01
2.707900000000000000e+04 9.551829212439137962e-01 -2.865147559471140776e-02
2.708000000000000000e+04 1.008095666163927318e+00 4.076313573815759650e-02
2.708900000000000000e+04 1.082694067012978545e+00 -1.399461278786234830e-01
2.710300000000000000e+04 1.018572946641193022e+00 -8.843425118458089068e-03
2.710400000000000000e+04 1.056419334512453068e+00 2.250476442338327637e-02
2.710500000000000000e+04 9.058442588264431494e-01 -7.808442843450276449e-02
2.711300000000000000e+04 1.110674752065617499e+00 -1.228005680105046932e-01
2.711900000000000000e+04 1.080510968859457410e+00 -3.334093504738901842e-02
2.712000000000000000e+04 8.126293021483323997e-01 4.054359240722190671e-01
2.713200000000000000e+04 1.102138005849436331e+00 -9.814300514783805274e-02
2.713300000000000000e+04 1.090536588936929840e+00 8.627938189644276945e-02
2.713400000000000000e+04 1.056975352656373657e+00 1.015327357157309596e-01
2.716300000000000000e+04 1.028231247634911805e+00 -1.422821564689494001e-01
2.716400000000000000e+04 1.140418863079514900e+00 -1.386921757220599405e-01
2.717800000000000000e+04 1.008111869174790343e+00 -3.678193188710832118e-02
2.718700000000000000e+04 1.091141182517076924e+00 -1.135558635090979374e-01
2.718800000000000000e+04 1.026480629531558275e+00 8.027207434496962113e-02
2.720500000000000000e+04 9.863504291607151364e-01 -2.193314857755242556e-02
2.720600000000000000e+04 1.006784084102410715e+00 -4.947815004205384504e-02
2.720700000000000000e+04 1.006131149536371616e+00 1.241170808571461642e-01
2.726000000000000000e+04 1.112640679142899325e+00 1.192257239965484883e-01
2.726100000000000000e+04 1.069421721014252480e+00 1.371423417114735199e-01
2.726200000000000000e+04 1.080618819006018638e+00 1.261864308757749686e-01
2.729400000000000000e+04 1.136762165912891254e+00 -4.632066274207630174e-02
2.729500000000000000e+04 1.140810589435780953e+00 -1.300825248943711931e-01
2.729600000000000000e+04 1.094724927536072201e+00 7.177244248341482780e-02
2.733000000000000000e+04 1.177078104331847896e+00 -2.543226480072813267e-02
2.733100000000000000e+04 1.126276089962246152e+00 -1.080480706305248367e-01
2.733200000000000000e+04 1.047923827025215582e+00 9.344452700238468912e-02
2.734100000000000000e+04 1.070134521656812998e+00 -5.466283029521418202e-02
2.734200000000000000e+04 1.096309549403841066e+00 7.632689588711180639e-02
2.734300000000000000e+04 1.017237771632108823e+00 -5.980605184537819696e-02
2.740400000000000000e+04 1.095786220111458764e+00 2.691534773465424982e-02
2.740500000000000000e+04 1.159194100688766271e+00 -6.557373384140829410e-03
2.744800000000000000e+04 1.023329434008166228e+00 -9.900167929511411932e-04
2.744900000000000000e+04 1.010307932241166551e+00 -7.473795831096928521e-02
2.745000000000000000e+04 1.031401439970772715e+00 -1.050819022103782335e-01
2.745100000000000000e+04 1.030477697125019354e+00 -6.046914581201329880e-02
2.745500000000000000e+04 1.090515249587538094e+00 9.653704049517784769e-02
2.760800000000000000e+04 1.148459003038910353e+00 -4.899035101461750308e-02
2.763900000000000000e+04 1.044814832523357051e+00 3.805062963470293158e-02
2.764000000000000000e+04 1.012667646480864159e+00 -3.051380248221458730e-02
2.766100000000000000e+04 9.787347620333011200e-01 -6.762602213346019520e-02
2.767200000000000000e+04 1.103275773548322958e+00 -4.391475992737840089e-02
2.767300000000000000e+04 1.074736127275912834e+00 -5.829599262371112922e-02
2.767400000000000000e+04 1.143295353591368357e+00 2.491096997290899104e-02
2.767500000000000000e+04 1.166300600802721243e+00 2.817752211392868245e-02
2.767600000000000000e+04 1.068192085432031924e+00 8.269143840018249036e-02
2.767700000000000000e+04 1.107124900625528152e+00 1.503580044455501141e-01
2.769500000000000000e+04 1.147170354725386643e+00 3.626697499976928862e-02
2.769700000000000000e+04 1.145084489841317055e+00 6.563417430584912726e-02
2.770500000000000000e+04 1.041696007978645255e+00 1.081173722381928437e-02
2.770600000000000000e+04 1.048669007452405433e+00 -7.839641258130132517e-02
2.770700000000000000e+04 1.180990714917885986e+00 8.280816844754473882e-02
2.770800000000000000e+04 1.087356765662599756e+00 8.829432515787177804e-02
2.770900000000000000e+04 1.147574767772227888e+00 -1.402346931352632317e-02
2.771000000000000000e+04 1.117631963467001999e+00 1.655974121482596262e-01
2.772200000000000000e+04 1.073437891841183767e+00 4.776129473331874181e-02
2.772500000000000000e+04 1.180111203971495160e+00 5.383303883625210201e-02
2.772600000000000000e+04 1.175341588277868610e+00 4.830076020267878162e-02
2.773300000000000000e+04 1.087456474674083351e+00 4.381749537541093989e-03
2.773400000000000000e+04 1.017136934990229058e+00 -1.468375914661291387e-02
2.773500000000000000e+04 1.134606419486662521e+00 3.141988206416974211e-02
2.773600000000000000e+04 1.042620646413038310e+00 1.213791208511735970e-01
2.773700000000000000e+04 1.150060182526009056e+00 5.818843255206265774e-02
2.773800000000000000e+04 1.072695416607224894e+00 1.201999321467922544e-01
2.775200000000000000e+04 1.123601227734814634e+00 -9.693258793983151531e-03
2.775300000000000000e+04 1.106280122627409268e+00 -4.624198621724732311e-02
2.776900000000000000e+04 1.009284738597719944e+00 -6.867307553965559808e-02
2.777000000000000000e+04 1.132197064048962920e+00 2.499809668439572155e-02
2.777100000000000000e+04 9.887678807047773910e-01 6.006739483425534848e-02
2.777200000000000000e+04 1.145314796004633706e+00 6.182792960667015530e-02
2.777300000000000000e+04 1.054465256930245731e+00 1.391870653156643050e-03
2.777400000000000000e+04 1.042170935147733957e+00 1.173480277135750677e-01
2.779500000000000000e+04 1.003489701854247906e+00 -5.311398328594865714e-02
2.779600000000000000e+04 1.114529876143991682e+00 -5.459626243055742262e-02
2.779700000000000000e+04 9.671787637848217045e-01 -2.774073518493094109e-02
2.779800000000000000e+04 1.095522371407827267e+00 -3.327589573575560206e-02
2.779900000000000000e+04 5.663862869339786332e-01 -8.432719612258522679e-02
2.783100000000000000e+04 9.412796732937012134e-01 -5.250504645212426824e-02
2.783200000000000000e+04 1.129228766545105067e+00 -7.490750055182166141e-03
2.783300000000000000e+04 9.381357123342818349e-01 -3.085347463397391035e-02
2.783500000000000000e+04 9.903026038254830743e-01 -1.507970807821835653e-03
2.783600000000000000e+04 1.004896098021543338e+00 2.912284459043286769e-02
2.785200000000000000e+04 1.094294955742139530e+00 6.171919556330690386e-03
2.785300000000000000e+04 1.096693804756218027e+00 -1.932142461078106485e-02
2.785400000000000000e+04 1.014427479368589458e+00 -1.024760980282034099e-02
2.785500000000000000e+04 1.011226413446138617e+00 1.336148485620515004e-02
2.785600000000000000e+04 8.980363016737653581e-01 1.515487425537271060e-01
2.785700000000000000e+04 9.220610678954808126e-01 1.325834070230159645e-01
2.785800000000000000e+04 1.002380959938493632e+00 6.305775654853190346e-03
2.785900000000000000e+04 1.270334226605424943e+00 -3.755430164587677394e-03
2.787500000000000000e+04 1.118201756326830720e+00 4.182560378281456603e-02
2.789600000000000000e+04 1.121437539686712004e+00 1.701565861900113108e-02
2.789700000000000000e+04 1.055827855435485185e+00 3.269598872873284712e-02
2.791900000000000000e+04 1.000000000000000000e+00 0.000000000000000000e+00
2.792000000000000000e+04 1.049950511128681319e+00 1.602158182582364143e-01
2.792100000000000000e+04 1.000000000000000000e+00 0.000000000000000000e+00
2.792200000000000000e+04 1.000000000000000000e+00 0.000000000000000000e+00
2.792300000000000000e+04 1.058702275095888101e+00 -5.444437413215198057e-02
2.792400000000000000e+04 1.138210075639899843e+00 1.235955040475924943e-01
2.793700000000000000e+04 1.102477795772700553e+00 3.689197207309417165e-02
2.793800000000000000e+04 9.223532443367724598e-01 -3.064930336725402160e-02
2.793900000000000000e+04 1.000000000000000000e+00 0.000000000000000000e+00
2.794000000000000000e+04 1.000000000000000000e+00 0.000000000000000000e+00
2.794100000000000000e+04 1.019645397832597888e+00 -2.623492532410827763e-02
2.794200000000000000e+04 1.006949911984256207e+00 8.783072497896148023e-02
2.794300000000000000e+04 9.353506266515447809e-01 -3.023641710842004185e-02
2.798000000000000000e+04 9.997819174420509158e-01 3.958622777600591738e-03
2.798100000000000000e+04 1.048255383778490923e+00 6.868350814770525503e-02
2.798200000000000000e+04 1.009113549579470304e+00 7.743628239512510836e-02
2.798300000000000000e+04 9.601470874993408566e-01 1.505172607233821458e-01
2.798400000000000000e+04 1.037228611414386714e+00 1.308956461734911703e-01
2.798500000000000000e+04 1.016810514809561639e+00 1.382867696823018022e-01
2.798600000000000000e+04 1.035549369393268471e+00 7.604631214614433754e-02
2.798700000000000000e+04 1.026282235560110223e+00 1.442384581468817983e-01
2.804600000000000000e+04 9.605112040635189752e-01 -3.137282524745612332e-03
2.804700000000000000e+04 8.865286736757944652e-01 5.400327903271959912e-02
2.805000000000000000e+04 6.999700081693382980e-01 1.483103962786061492e-01
2.809200000000000000e+04 1.000000000000000000e+00 0.000000000000000000e+00
2.809300000000000000e+04 9.975882313056012585e-01 -2.630935615772304198e-02
2.809400000000000000e+04 1.005185747355717307e+00 4.011439205592091939e-02
2.809500000000000000e+04 1.018907105251906753e+00 -1.607299686400670835e-01
2.810900000000000000e+04 1.022572012792984708e+00 -1.186746535797379432e-01
2.811000000000000000e+04 1.037022548415410750e+00 1.591537770675752195e-02
2.820600000000000000e+04 9.006738217222108878e-01 9.501985033537599379e-02
2.825600000000000000e+04 8.773703257780630649e-01 -3.443361864503780706e-02
2.825700000000000000e+04 8.558553553226844191e-01 6.591672305461593329e-02
2.826100000000000000e+04 6.751578951960093278e-01 1.979998529372562488e-01
