7.982700000000000000e+04 1.208207417446433896e+00 6.089762998673713471e-03
7.982800000000000000e+04 1.133108002798310254e+00 -1.169965296058994714e-01
7.982900000000000000e+04 1.084104340989503479e+00 -1.084985169053527820e-01
7.983000000000000000e+04 1.093957891045340247e+00 -1.596230414780668017e-02
7.983100000000000000e+04 1.214791129163674599e+00 -1.125920807850992744e-01
8.012200000000000000e+04 8.458691696082684119e-01 -2.885761661827921168e-03
8.012400000000000000e+04 8.502098635972430429e-01 7.060078469787281485e-02
8.012900000000000000e+04 8.607351280667751015e-01 -1.600791506905789325e-03
8.013200000000000000e+04 7.708250441599171499e-01 4.225174338882018571e-02
8.013400000000000000e+04 8.826406986468957605e-01 -6.210758843582945936e-03
8.015800000000000000e+04 8.401073518883793723e-01 8.601928749609220187e-03
8.016100000000000000e+04 8.397063878401774817e-01 -9.560931469932808235e-02
8.016300000000000000e+04 9.034110717146143221e-01 -7.484152963006196480e-02
8.016500000000000000e+04 7.799405089274429326e-01 -2.543196240202256347e-02
8.016700000000000000e+04 8.964538651113559409e-01 -3.747684600686841672e-02
8.017000000000000000e+04 9.109038958207771319e-01 3.758849865450419880e-02
8.019000000000000000e+04 1.054352343699285433e+00 3.655498996552885432e-02
8.019100000000000000e+04 9.410470535237512868e-01 -4.741174273795870434e-03
8.032800000000000000e+04 8.447089541609816843e-01 -1.001460452442869409e-01
8.032900000000000000e+04 8.449497815326119099e-01 -4.937401845213134494e-02
8.036500000000000000e+04 5.017372805231585797e-01 -1.129835479098688193e-02
8.036900000000000000e+04 8.786902236170895941e-01 -3.799729902093212930e-02
8.037000000000000000e+04 7.923303042464096002e-01 -5.099848192583178452e-02
8.037100000000000000e+04 8.437836138118338658e-01 1.559464220649778125e-02
8.037200000000000000e+04 8.922359215288231393e-01 -2.119064076489844337e-02
8.040800000000000000e+04 9.221482581231523756e-01 1.235215120179964654e-01
8.041100000000000000e+04 8.682901843374213335e-01 -7.693513875592917529e-03
8.041500000000000000e+04 8.923905867082160270e-01 8.253973439202932916e-02
8.041600000000000000e+04 8.115104747037514832e-01 7.063274533716280834e-02
8.041700000000000000e+04 8.401647857771251671e-01 -9.292330894671806119e-02
8.053900000000000000e+04 8.232699393065279203e-01 -8.711414225875725031e-03
8.056000000000000000e+04 8.735929081153706033e-01 5.592261070790374711e-03
8.056100000000000000e+04 7.875714565526210631e-01 1.338778467391643912e-01
8.056200000000000000e+04 8.077635069884214758e-01 2.783443132031144379e-02
8.056400000000000000e+04 7.685504624370980142e-01 4.766014334980619993e-02
8.056600000000000000e+04 8.225993484238024456e-01 -5.323402588714168382e-02
8.056800000000000000e+04 8.235146778519715216e-01 -6.282155733361875771e-02
8.059500000000000000e+04 8.416748423097965004e-01 -4.243451742212684535e-02
8.059900000000000000e+04 8.209402031491949137e-01 -9.755293072994350445e-02
8.060200000000000000e+04 8.098718959458585109e-01 8.138330766775125208e-03
8.061600000000000000e+04 8.858489891635809022e-01 1.123113206804438602e-01
8.072200000000000000e+04 9.582303689942123226e-01 -3.023763474876892815e-02
8.072400000000000000e+04 8.767798585162452918e-01 -5.281635040098377198e-02
8.074300000000000000e+04 8.437135465834787462e-01 4.612597462255758896e-02
8.074500000000000000e+04 8.197401153738954616e-01 -7.873794937346013934e-02
8.074900000000000000e+04 8.473259072825453098e-01 2.236667781134580452e-02
8.075400000000000000e+04 9.015577430919613500e-01 6.238639982886426405e-02
8.076500000000000000e+04 5.766523945706321097e-01 6.986400137073874028e-02
8.076600000000000000e+04 6.992948590645517992e-01 4.537190934142316251e-02
8.076700000000000000e+04 8.471560359581771227e-01 4.134541510426031213e-02
8.076800000000000000e+04 8.318139381463256488e-01 7.981187448394521863e-03
8.079700000000000000e+04 8.819433656083986994e-01 2.762225371117574269e-02
8.080000000000000000e+04 8.766568765738881330e-01 -1.825470604496907609e-02
8.080300000000000000e+04 8.938575327956724825e-01 4.567320940252796863e-02
8.080600000000000000e+04 8.278346619756454805e-01 -1.048526569946130332e-01
8.080700000000000000e+04 7.766178790265868548e-01 -2.400557924324484005e-02
8.086100000000000000e+04 7.991157622540877581e-01 5.087196782953976731e-02
8.090500000000000000e+04 7.747015197701648814e-01 -3.877569138522711512e-02
8.090700000000000000e+04 7.961245069827608267e-01 -6.495298209856689708e-02
8.091900000000000000e+04 8.267175754437112722e-01 -6.132600370423899744e-02
8.092000000000000000e+04 9.117306255062577192e-01 2.348251780713063799e-02
8.092100000000000000e+04 7.800158249011318601e-01 9.602910263072450200e-03
8.092200000000000000e+04 8.051701430305906459e-01 8.656662059900101236e-03
8.095100000000000000e+04 8.647249980365333544e-01 1.337899664207874498e-02
8.095200000000000000e+04 8.651417054070039692e-01 -6.272670360661038516e-03
8.095500000000000000e+04 8.869642689631880295e-01 3.946985392933088921e-02
8.095700000000000000e+04 8.095685642476847521e-01 -4.237736383513383137e-02
8.095900000000000000e+04 8.437473479857153791e-01 -4.229595536066703410e-02
8.096000000000000000e+04 8.382687967419140129e-01 -8.669392275189580915e-03
8.096300000000000000e+04 8.279483000382407143e-01 -1.713992913829346168e-02
8.096600000000000000e+04 8.398434487172311558e-01 -5.429281589488095527e-02
8.096800000000000000e+04 8.219739462375428296e-01 -1.099719631617082222e-01
8.097000000000000000e+04 9.116239441943281285e-01 3.773773179084043139e-02
8.097300000000000000e+04 8.591848894028547567e-01 -2.288455741689682937e-02
8.097400000000000000e+04 8.348365008139299048e-01 1.684775351449171663e-02
8.097500000000000000e+04 8.428289474879875343e-01 1.281878433465432135e-02
8.099700000000000000e+04 9.448938952748794362e-01 4.923428874008695111e-02
8.099800000000000000e+04 9.232739104850595790e-01 7.382774973811556674e-02
8.100300000000000000e+04 9.194026757650459736e-01 -8.062519395504580411e-02
8.100400000000000000e+04 8.611610651970438290e-01 -7.580335381962757108e-04
8.100500000000000000e+04 8.816533900961025516e-01 2.215332543162183698e-02
8.100600000000000000e+04 8.174648135012911876e-01 2.791123897888853761e-02
8.100700000000000000e+04 8.610789819479774954e-01 -2.244985448792962898e-02
8.100800000000000000e+04 8.660703572081853707e-01 -1.404577040354788517e-02
8.100900000000000000e+04 9.045621678423524381e-01 4.627389907648339629e-02
8.101000000000000000e+04 8.942467639497845289e-01 1.883981300885184118e-01
8.102400000000000000e+04 9.239316097575828168e-01 -4.477313310373384758e-02
8.102500000000000000e+04 9.294355707373335163e-01 -7.905990143791832500e-03
8.102700000000000000e+04 9.448414068789107167e-01 3.640632768428906513e-02
8.102900000000000000e+04 8.751663275329979452e-01 -4.666398485410255120e-02
8.103000000000000000e+04 8.498463452537464713e-01 -3.742886632214869475e-02
8.103100000000000000e+04 8.823047501119055669e-01 -3.462930859908697201e-02
8.103300000000000000e+04 8.344184033835277958e-01 4.113026065186571600e-02
8.103500000000000000e+04 8.300096846899216452e-01 1.481991060236326208e-02
8.104300000000000000e+04 8.632641053235876605e-01 -2.348614226495562840e-02
8.106200000000000000e+04 8.010773930535539655e-01 3.596963482312139082e-02
8.106400000000000000e+04 9.702727571647812299e-01 3.857209710074036013e-02
8.106600000000000000e+04 8.708947458621958404e-01 1.794501629343669968e-01
8.108600000000000000e+04 7.858905634700871223e-01 -2.588791461872645000e-02
8.108900000000000000e+04 8.634205493705380263e-01 1.960533325155170564e-02
8.109300000000000000e+04 8.229922756170990894e-01 5.166382882736067148e-03
8.109500000000000000e+04 8.057647688867189961e-01 9.042405386806011414e-02
8.109800000000000000e+04 7.752193470686121746e-01 1.032089481369999513e-02
8.110200000000000000e+04 8.447959774824392865e-01 -3.143619186061825943e-02
8.110700000000000000e+04 8.711003101172760665e-01 1.033101178422060340e-01
8.111100000000000000e+04 8.634128872925939113e-01 4.662601742065138055e-02
8.111300000000000000e+04 8.497149295709081063e-01 -3.636297570893917003e-02
8.111500000000000000e+04 8.725079021624307929e-01 1.391634261458737920e-01
8.111600000000000000e+04 8.844484997547175098e-01 1.526416207875969933e-01
8.111700000000000000e+04 9.133877327135547786e-01 1.334635045609948167e-01
8.113300000000000000e+04 8.973981730381900279e-01 -2.955505868450730017e-02
8.113400000000000000e+04 7.815219350939573983e-01 -7.201726664291067947e-02
8.113500000000000000e+04 8.971115249290393390e-01 -8.891473298643455883e-03
8.113600000000000000e+04 8.891390386731148343e-01 -3.269627179062011002e-02
8.113900000000000000e+04 8.839166370969985254e-01 2.410071773327456326e-02
8.114000000000000000e+04 8.682002367395434961e-01 -6.193191105698103716e-02
8.114100000000000000e+04 8.938695421625617588e-01 4.310573062400546024e-02
8.114200000000000000e+04 8.866575375748033672e-01 -3.129618555174074057e-03
8.114300000000000000e+04 8.161455634540917270e-01 -1.338201358961694024e-02
8.114400000000000000e+04 8.213254586341424135e-01 -8.151154962105347512e-02
8.114500000000000000e+04 8.926335541762239201e-01 4.382663716648277363e-02
8.114600000000000000e+04 8.822919748102364679e-01 1.857708115565248341e-01
8.114700000000000000e+04 9.201790250924047898e-01 1.721634969764161693e-01
8.114800000000000000e+04 9.912378356556330594e-01 2.625996661717330122e-02
8.116200000000000000e+04 7.013136172993990058e-01 -3.445957681911573228e-02
8.116400000000000000e+04 8.190576240190127200e-01 6.840207775537583863e-03
8.117200000000000000e+04 9.351937240394451178e-01 1.639069037280947994e-01
8.117400000000000000e+04 8.954245832453038290e-01 1.473873631972298648e-01
8.118000000000000000e+04 7.935758226125911863e-01 -5.838629109354146612e-02
8.118200000000000000e+04 8.670288287259182436e-01 -1.682365871161566051e-02
8.118400000000000000e+04 9.732087434646360391e-01 1.506242422163478738e-03
8.118600000000000000e+04 9.930901877365254649e-01 -1.415298000024070232e-02
8.118800000000000000e+04 9.833486792274643840e-01 -1.281163832958997877e-03
8.118900000000000000e+04 9.868461826557293204e-01 -2.128784382934545763e-02
8.119000000000000000e+04 9.972313980214495555e-01 7.468442369870784137e-02
8.123200000000000000e+04 7.666580131256464092e-01 -4.898773005029304767e-02
8.123300000000000000e+04 9.409098005259188824e-01 -2.768907843312184980e-02
8.123400000000000000e+04 8.285332179228703797e-01 -2.607023638330800350e-02
8.123500000000000000e+04 9.354002942200470017e-01 -3.509577038948366503e-03
8.123600000000000000e+04 8.802428048334168809e-01 -4.555439133617123632e-02
8.123700000000000000e+04 8.656882252727655658e-01 2.441225919647721787e-01
8.129500000000000000e+04 8.603941687724788734e-01 1.505320882196365395e-01
8.144300000000000000e+04 8.164355032243633126e-01 8.560706989676414302e-02
8.152700000000000000e+04 8.945484642927664654e-01 5.401610609129109397e-04
8.154300000000000000e+04 7.812461787925186751e-01 -1.187472317036051238e-02
8.166600000000000000e+04 7.653485395254299162e-01 -5.428993077875739204e-02
8.166700000000000000e+04 7.041700147866113424e-01 -3.584500019071028623e-03
8.166900000000000000e+04 8.964521526054157752e-01 1.513502133079845102e-01
8.167000000000000000e+04 8.426634316562695570e-01 -5.381003762737334578e-02
8.167200000000000000e+04 8.549601837374721791e-01 -2.305215012076025291e-03
8.167400000000000000e+04 8.456732990305400044e-01 -4.879855410657841716e-03
8.167600000000000000e+04 7.538090065203416623e-01 7.549200532986123646e-02
8.167800000000000000e+04 7.954541504558839682e-01 3.773583718773341339e-02
8.168200000000000000e+04 7.791267440869565908e-01 -2.451322445441034021e-04
8.173100000000000000e+04 7.969899089288660088e-01 9.830324550639607528e-02
8.173600000000000000e+04 8.719314553976194038e-01 1.922350106000207948e-01
8.173800000000000000e+04 9.293050049184050643e-01 1.149711584630825831e-02
8.174200000000000000e+04 7.818832358384972814e-01 5.624624150311353238e-02
8.174400000000000000e+04 9.124804971105812124e-01 6.383299487956856089e-02
8.174500000000000000e+04 8.637802033815213942e-01 4.254347065382450832e-02
8.174700000000000000e+04 8.723796536746359909e-01 -8.402306577063073378e-02
8.175000000000000000e+04 8.078473533931911366e-01 -5.518548392248290996e-02
8.175200000000000000e+04 8.240237364738420833e-01 2.495762374673446068e-02
8.179400000000000000e+04 7.878627337331238767e-01 8.679843624707139771e-02
8.179500000000000000e+04 7.999823828822957283e-01 1.811907600780795491e-01
8.179800000000000000e+04 7.340234746676626010e-01 -7.096335086662072800e-02
8.180000000000000000e+04 7.089836945710121796e-01 -9.374042445875140073e-02
8.180400000000000000e+04 8.457056381289782543e-01 -6.142227807059277844e-02
8.180500000000000000e+04 8.244634348510936350e-01 1.095333390731118538e-02
8.180600000000000000e+04 8.673012903558457998e-01 3.330988564732015322e-02
8.180700000000000000e+04 8.425624402570196514e-01 -1.569512450919731752e-02
8.185800000000000000e+04 7.760108399227053644e-01 -1.472602726425638331e-01
8.186100000000000000e+04 7.774389785295083843e-01 -6.144138537497605829e-02
8.186300000000000000e+04 6.968145574597176539e-01 -1.379666522002182677e-02
8.186500000000000000e+04 7.539152034272532665e-01 -3.035763453841048773e-02
8.186600000000000000e+04 8.412466477894191552e-01 3.077671294349120998e-02
8.186700000000000000e+04 7.903753149630721175e-01 -1.028283585874205895e-02
8.186800000000000000e+04 8.115820410198012480e-01 -2.405340417859265500e-02
8.209700000000000000e+04 7.878632574140330691e-01 3.595849740560234584e-03
8.210100000000000000e+04 7.968953523985357057e-01 2.166622693120726431e-02
8.210400000000000000e+04 8.239586816105649580e-01 -6.622249932360056712e-02
8.211400000000000000e+04 7.402910608423153294e-01 5.748021235578192750e-02
8.211500000000000000e+04 7.728028651689644590e-01 -6.014945139920425780e-03
8.211800000000000000e+04 5.931180957920442198e-01 1.990425561467043247e-01
8.247500000000000000e+04 7.960887107399773344e-01 2.561771256033161526e-02
8.247600000000000000e+04 7.777513374658197032e-01 -1.716217699979843535e-03
8.247700000000000000e+04 7.473494584487483383e-01 -6.405816446835191358e-02
8.270300000000000000e+04 5.364760182372585451e-01 -5.917285937895552794e-02
8.270400000000000000e+04 8.391443396155309209e-01 3.572348563139370881e-01
8.270500000000000000e+04 8.643680380697780219e-01 1.994906246199879551e-01
8.285600000000000000e+04 8.697561151177736205e-01 2.662370787168369390e-01
8.285700000000000000e+04 9.204620935769053380e-01 1.196419191926426928e-01
8.292800000000000000e+04 8.574217601598150829e-01 5.806602851933644061e-02
8.292900000000000000e+04 8.030587021652800805e-01 1.726070776087601857e-02
8.293500000000000000e+04 7.896556070592607446e-01 3.565180068605100158e-03
8.293600000000000000e+04 8.444155270497167853e-01 -9.014003596589662687e-03
8.293800000000000000e+04 8.144106413192754301e-01 -3.352272800837387268e-02
8.294000000000000000e+04 8.146508148527575877e-01 -2.830830774006410505e-03
8.294200000000000000e+04 8.247470447130572646e-01 2.155714896641009251e-03
8.294400000000000000e+04 7.718427912105274569e-01 -2.714091379701655260e-02
