4.262000000000000000e+04 9.222620626328172921e-01 4.080433117118141551e-02
4.265500000000000000e+04 8.854944367492698643e-01 9.127591771248956543e-02
4.266600000000000000e+04 9.112265574593791939e-01 3.686386398747758253e-02
4.266700000000000000e+04 1.025929221435468497e+00 -5.927530022489064382e-02
4.266800000000000000e+04 9.986607680973534906e-01 5.451462741673972212e-02
4.266900000000000000e+04 9.475320495578617441e-01 -4.086888750252950370e-02
4.267000000000000000e+04 9.251217544432199791e-01 1.026618022625433724e-01
4.267300000000000000e+04 9.873865586678938211e-01 8.253580863038546822e-02
4.267400000000000000e+04 9.583640466483370757e-01 1.893857288480704504e-01
4.267500000000000000e+04 9.874605155948683599e-01 1.253404694090069944e-02
4.268600000000000000e+04 9.376344055526287802e-01 -4.508707190903398637e-02
4.268700000000000000e+04 1.031454606071055879e+00 1.953790076530135741e-02
4.268800000000000000e+04 1.011818318420363072e+00 4.667487417890291840e-02
4.268900000000000000e+04 1.045722166778439322e+00 1.156621292175880229e-02
4.269000000000000000e+04 1.055099607705755949e+00 8.239397245939118763e-02
4.269100000000000000e+04 1.035730148328346090e+00 -2.048291447328502712e-02
4.269200000000000000e+04 1.052315246199622134e+00 3.598711673794754984e-02
4.269300000000000000e+04 1.061851347304852533e+00 3.966646499157101824e-02
4.269400000000000000e+04 1.029372831233257068e+00 7.926269989442133457e-02
4.269500000000000000e+04 1.197271713354200795e+00 1.454980467439292158e-01
4.269600000000000000e+04 1.002207302121258303e+00 1.478154370598178113e-01
4.273800000000000000e+04 9.182477895814562530e-01 -2.287174028367717701e-02
4.274200000000000000e+04 8.747713118486903916e-01 1.171419114143942147e-01
4.274300000000000000e+04 1.052448921895911660e+00 7.345607265705603184e-02
4.274400000000000000e+04 1.026248568461495703e+00 9.917111464838160306e-02
4.274500000000000000e+04 1.025876340357652072e+00 1.117017007397466816e-01
4.274600000000000000e+04 1.098065489344570489e+00 1.260551667435524104e-01
4.274700000000000000e+04 9.608509102331156404e-01 2.064637018090451914e-01
4.275100000000000000e+04 1.027756282466752547e+00 4.197071389968107941e-02
4.280700000000000000e+04 1.007208544494309965e+00 1.559091182093821741e-02
4.280800000000000000e+04 1.078861202549987741e+00 1.895235949456457736e-01
4.280900000000000000e+04 1.082977896407389728e+00 1.785177571863947044e-01
4.281100000000000000e+04 1.105766183424907290e+00 9.226652914272547024e-02
4.281200000000000000e+04 1.073164368184248207e+00 6.062438083597754962e-02
4.281300000000000000e+04 9.397932166408129451e-01 -2.157949047436197310e-02
4.281400000000000000e+04 8.564047392037014150e-01 -1.215679004209634095e-01
4.281500000000000000e+04 8.866719787128952701e-01 -3.872150220697515716e-02
4.281700000000000000e+04 1.012193404872120617e+00 -5.140115787630813310e-02
4.281800000000000000e+04 9.656059754292086739e-01 9.971758029403643420e-02
4.283400000000000000e+04 1.048463561304766589e+00 -4.530037825045175187e-03
4.283500000000000000e+04 1.070161821150843684e+00 7.522499412350444614e-02
4.283600000000000000e+04 1.077087314681532293e+00 -3.284271847517557068e-03
4.283700000000000000e+04 1.020770153475462294e+00 1.214533586306394686e-01
4.283800000000000000e+04 1.094831672964950764e+00 1.050735078814699630e-01
4.283900000000000000e+04 1.112127338450207503e+00 -2.332152488518246525e-02
4.284000000000000000e+04 8.601258676414120785e-01 1.320693225233023627e-01
4.284100000000000000e+04 1.068537896301745116e+00 7.028031242363000364e-02
4.284300000000000000e+04 1.069295060636513028e+00 7.648835461454397966e-02
4.284400000000000000e+04 9.176077910750943811e-01 8.837717320650270714e-02
4.284500000000000000e+04 9.839768959670929238e-01 6.200253047096897230e-02
4.284600000000000000e+04 1.032236855326705394e+00 9.205536110894585455e-02
4.284700000000000000e+04 1.028545518388085611e+00 5.738609150107880363e-02
4.284800000000000000e+04 9.808751132851215582e-01 1.093432825309159778e-01
4.284900000000000000e+04 9.995124796798500189e-01 -4.764941214162943250e-02
4.285800000000000000e+04 9.402598836782984915e-01 3.586359396054231152e-02
4.285900000000000000e+04 1.047731365987272234e+00 1.167076271903730866e-01
4.286000000000000000e+04 9.788687862976500620e-01 6.156007935823831767e-02
4.286100000000000000e+04 1.015179986800470724e+00 -1.041872657299656030e-01
4.286200000000000000e+04 1.086587962022789622e+00 9.700722222420979368e-02
4.286300000000000000e+04 1.065589903203684408e+00 6.591785935167726596e-02
4.286400000000000000e+04 1.051781539749189420e+00 9.425914065024931787e-02
4.286500000000000000e+04 1.045093604389920827e+00 9.517928100659880930e-02
4.286600000000000000e+04 1.085490028319902933e+00 -4.117737954494764957e-02
4.286700000000000000e+04 1.144350205232201212e+00 1.610826237911547054e-01
4.286800000000000000e+04 1.015438055465001321e+00 -2.400224785574337199e-03
4.286900000000000000e+04 9.799270317072019676e-01 1.505004433864462476e-01
4.287000000000000000e+04 9.887022199758712659e-01 -5.213850326251395079e-02
4.287100000000000000e+04 1.055748311913880189e+00 -1.517719463094929257e-02
4.287200000000000000e+04 1.075846235504085868e+00 -1.647022830046044467e-02
4.288000000000000000e+04 1.025193182055303076e+00 4.741107953290292498e-02
4.288100000000000000e+04 9.788023721601257776e-01 -7.120187621100584202e-03
4.288200000000000000e+04 1.037804173373898964e+00 9.474500486098087759e-02
4.288300000000000000e+04 1.042321496977858031e+00 2.271741712405006552e-02
4.288400000000000000e+04 1.043852479831044455e+00 1.012920621729568038e-01
4.288500000000000000e+04 1.073691534243023771e+00 5.005827997844576605e-02
4.288600000000000000e+04 1.072579798039647869e+00 9.971903611448174054e-02
4.288700000000000000e+04 1.079099158597349728e+00 1.208633499348910068e-02
4.288800000000000000e+04 1.005685061607225483e+00 1.628637098699205477e-01
4.289000000000000000e+04 9.263516446536033122e-01 1.201007407196798410e-01
4.289300000000000000e+04 1.022898454902563481e+00 -6.952485396678097229e-02
4.290600000000000000e+04 9.708556268440450276e-01 8.684895362770453375e-02
4.290700000000000000e+04 9.901695276910995602e-01 1.420566917218480663e-01
4.290800000000000000e+04 1.006617687802485950e+00 -1.065948068866825159e-03
4.291000000000000000e+04 1.124394500676578978e+00 -5.025109248562421166e-02
4.291100000000000000e+04 1.017131215352641727e+00 8.729696072054315970e-02
4.291200000000000000e+04 1.011046676332225447e+00 1.380425422113749356e-01
4.291300000000000000e+04 1.051182607824385773e+00 2.802937687237015002e-02
4.291400000000000000e+04 1.088670752143052090e+00 2.916739094852523889e-02
4.291500000000000000e+04 9.566815573178465426e-01 1.142398441083336685e-01
4.291600000000000000e+04 1.041867203639278650e+00 9.017587554209988143e-02
4.291700000000000000e+04 1.004231536589613727e+00 -8.182563587379586278e-02
4.291800000000000000e+04 9.944166514210470709e-01 2.715073383908103710e-02
4.291900000000000000e+04 9.377615467743549704e-01 6.858396287069744302e-02
4.293100000000000000e+04 9.476192816708884914e-01 7.910407926754516386e-03
4.293300000000000000e+04 9.555749189800996080e-01 1.176031400785912950e-01
4.293500000000000000e+04 9.002297336500922897e-01 1.667244305917108677e-02
4.293900000000000000e+04 8.437777725822079855e-01 -5.454947611175948313e-04
4.294000000000000000e+04 1.007703951380953367e+00 -6.013253649573474524e-03
4.294100000000000000e+04 9.219986812930738296e-01 -1.580189305701609282e-03
4.295700000000000000e+04 6.209929487658534253e-01 1.879830750348505247e-02
4.301700000000000000e+04 8.478052853638300412e-01 5.517167946184178134e-02
4.303900000000000000e+04 8.304822485411033073e-01 -2.968886176583605818e-02
4.304000000000000000e+04 9.100251001608339330e-01 7.929667721760386145e-02
4.304100000000000000e+04 8.683755384364462149e-01 -4.713974333554198093e-02
4.313100000000000000e+04 9.701415046378329965e-01 4.571859019506314264e-02
4.326300000000000000e+04 1.028940504652213983e+00 1.214430286132417297e-01
4.330600000000000000e+04 1.043234695855807637e+00 1.343518001500517978e-01
4.330700000000000000e+04 1.142318142447180440e+00 1.489047227793349470e-01
4.330800000000000000e+04 1.178737217225335199e+00 5.755594741967953731e-02
4.330900000000000000e+04 1.096792954172506551e+00 7.933867207156138079e-02
4.331000000000000000e+04 1.087791419460103048e+00 6.312210888124419883e-02
4.331100000000000000e+04 1.105555083185634446e+00 -1.181526323327878377e-03
4.331200000000000000e+04 1.095826518542180494e+00 -7.641975566055623018e-03
4.331300000000000000e+04 5.960575334083890731e-01 -1.059087389606224727e-01
4.332100000000000000e+04 1.060274647567569284e+00 4.316992919048216054e-02
4.332200000000000000e+04 1.103326017123334335e+00 1.801425946115975396e-01
4.332300000000000000e+04 1.161692912250257281e+00 -2.458355211507179741e-02
4.332400000000000000e+04 1.106911375817790422e+00 1.900323994219129953e-01
4.332500000000000000e+04 9.988793542376500634e-01 9.667828425562019490e-02
4.332600000000000000e+04 1.405998195811378304e+00 1.175763680146113543e-01
4.332700000000000000e+04 9.436241650750776255e-01 -6.128432764640552588e-02
4.332800000000000000e+04 8.812322713394793450e-01 -7.649616949217949435e-02
4.332900000000000000e+04 1.045970534162333765e+00 -4.434213115801141636e-02
4.333000000000000000e+04 1.072172834904292715e+00 -4.762798535766320229e-02
4.334200000000000000e+04 1.054801894479562296e+00 -1.852332453759550010e-02
4.335200000000000000e+04 1.127683051750316467e+00 1.910182873731638281e-02
4.335400000000000000e+04 1.008706315702341927e+00 -9.167203430087404736e-02
4.335500000000000000e+04 1.082347719794629182e+00 -2.437608322299864363e-02
4.335600000000000000e+04 1.051199149374153485e+00 -1.392225202816921650e-02
4.335800000000000000e+04 1.001705137216016617e+00 -8.233828351669041437e-03
4.337000000000000000e+04 9.819069233514877704e-01 1.759572790075111526e-01
4.337200000000000000e+04 1.042483214600490760e+00 3.185199196940585731e-02
4.337400000000000000e+04 1.166795922848455458e+00 1.190078864576852441e-01
4.337500000000000000e+04 1.010460333248470954e+00 -1.219488262368379275e-02
4.337600000000000000e+04 1.169850959866927553e+00 5.133116357413609887e-02
4.337700000000000000e+04 1.100993070851987499e+00 -2.127246907230612161e-02
4.337800000000000000e+04 1.020584272810080018e+00 -7.600650045319612413e-02
4.338200000000000000e+04 8.038618973018992753e-01 -1.202308834908928474e-02
4.341500000000000000e+04 1.121796919463725617e+00 3.496016163479265942e-02
4.341600000000000000e+04 1.173222409139082600e+00 8.853814334979859257e-02
4.341700000000000000e+04 1.076883301552639338e+00 2.816193016273124336e-02
4.341800000000000000e+04 1.068036260696823003e+00 5.956878516440363563e-02
4.341900000000000000e+04 1.091348558370376587e+00 7.414757019764664503e-02
4.342100000000000000e+04 1.155611931753095512e+00 4.586812729170958863e-02
4.342200000000000000e+04 1.044870173688911663e+00 1.229429404537790566e-01
4.342300000000000000e+04 1.038731918317402192e+00 3.854760778278509825e-02
4.342400000000000000e+04 9.103255106836333210e-01 -4.878026656213107354e-02
4.342500000000000000e+04 9.790766995797023364e-01 5.870339007774000306e-02
4.342600000000000000e+04 1.026620248823394421e+00 -4.845661856310037180e-02
4.342700000000000000e+04 9.410820045793965027e-01 -6.757569675934278763e-02
4.342800000000000000e+04 9.678047668707125961e-01 4.477119894370121950e-02
4.342900000000000000e+04 9.501612201106528488e-01 -4.114732222835724290e-02
4.343700000000000000e+04 1.073504287381075173e+00 8.650381528290075617e-02
4.343800000000000000e+04 1.004866576134681333e+00 8.428178013458571816e-02
4.343900000000000000e+04 1.015688185579011638e+00 1.137923531073151834e-01
4.344000000000000000e+04 9.648705675291830985e-01 6.260092304316276779e-02
4.344100000000000000e+04 1.102420578330577383e+00 1.314749289975948067e-02
4.344400000000000000e+04 1.025628940947937107e+00 5.474078888859955361e-02
4.344500000000000000e+04 1.031219781406018443e+00 2.410623836710821394e-02
4.344600000000000000e+04 8.959236390613469769e-01 9.769480635508143163e-02
4.344700000000000000e+04 8.653715788006186571e-01 4.194767863495141302e-02
4.344800000000000000e+04 9.184546798857617933e-01 9.350614379934160669e-03
4.346200000000000000e+04 1.145402495303748047e+00 1.097079582736624342e-01
4.346300000000000000e+04 1.050531564686400188e+00 1.283311087234000059e-01
4.346400000000000000e+04 1.047549927960183647e+00 1.594972540838340835e-02
4.346500000000000000e+04 1.101120161961359534e+00 1.227166803207636187e-01
4.346600000000000000e+04 1.014407980343912996e+00 1.051176192927133490e-02
4.346800000000000000e+04 1.029790661236353433e+00 6.582720627770340116e-02
4.346900000000000000e+04 9.531949775958346027e-01 5.101343449459291163e-02
4.347000000000000000e+04 1.051276230187533800e+00 7.706148114140687344e-02
4.348100000000000000e+04 1.116030351413559218e+00 6.698347997748589633e-02
4.348200000000000000e+04 1.085092902900997691e+00 7.472407278145069831e-02
4.348300000000000000e+04 1.066661780719007968e+00 7.539910148916814658e-02
4.348400000000000000e+04 1.074358206136316385e+00 -8.485935462982750754e-02
4.348500000000000000e+04 1.107618248357272739e+00 -2.047005896228627948e-03
4.348600000000000000e+04 1.039851629126322452e+00 -6.415929457909876066e-02
4.348800000000000000e+04 1.058630907880041327e+00 1.096790637223167414e-01
4.348900000000000000e+04 9.409395298051147494e-01 -6.176858346678621922e-03
4.349000000000000000e+04 8.672809228747995203e-01 -5.923368646958480921e-02
4.349100000000000000e+04 9.845551471320992398e-01 -2.682362878773664194e-02
4.352700000000000000e+04 1.009887990720917506e+00 7.461722058780841105e-02
4.352900000000000000e+04 9.162478369110402809e-01 -3.547706235846859180e-02
4.353000000000000000e+04 9.285718272412395446e-01 -2.670019546530865914e-02
4.353100000000000000e+04 1.100819812586005142e+00 -2.304763432666609088e-02
4.353300000000000000e+04 1.028402437242890377e+00 2.376919900982885428e-03
4.353400000000000000e+04 1.085134800049881054e+00 1.947693039000471943e-02
4.353500000000000000e+04 1.051338675417590185e+00 -1.990653130628739984e-02
4.353600000000000000e+04 9.569668161378941384e-01 -6.283504166600174280e-03
4.353700000000000000e+04 9.911962259543486420e-01 -1.199750407737365521e-01
4.353800000000000000e+04 1.104312821477597240e+00 -2.952159194351944901e-03
4.354500000000000000e+04 1.012995071787167856e+00 -2.539051210892356858e-02
4.354600000000000000e+04 1.032783153917739227e+00 5.407497944902600606e-02
4.354800000000000000e+04 9.961126938463071845e-01 7.270447704777935338e-02
4.355100000000000000e+04 1.037299774670132679e+00 7.205457603232602593e-02
4.355200000000000000e+04 1.114299282183886186e+00 1.528670398707390569e-02
4.355300000000000000e+04 1.106992763204948993e+00 3.160179851864427462e-03
4.365100000000000000e+04 9.894630660827302693e-01 1.290062683599229286e-02
4.365200000000000000e+04 1.150770021974907964e+00 1.141308088457426151e-01
4.365300000000000000e+04 9.522401025842877065e-01 -1.096509461503241377e-02
4.365400000000000000e+04 9.829804182839894100e-01 -8.858258408498695391e-02
