4.955800000000000000e+04 1.142393403921087902e+00 -1.433043311687812703e-02
4.955900000000000000e+04 1.060393297389818024e+00 -5.859183820347142746e-02
4.956000000000000000e+04 1.019938844546995460e+00 4.358155426259247359e-03
4.956700000000000000e+04 9.805889891275649806e-01 3.201593286755794431e-03
4.956800000000000000e+04 1.075049069693515325e+00 -3.355842348774794315e-02
4.956900000000000000e+04 1.011937304512294356e+00 -4.308401060082636680e-03
4.957000000000000000e+04 1.003028217105577991e+00 -1.650420298150468562e-02
4.957100000000000000e+04 9.871048029593031403e-01 -1.196678973842756760e-01
4.957200000000000000e+04 9.122349979593558089e-01 -9.014939554890105677e-02
4.957300000000000000e+04 1.009587300581022307e+00 -6.056585026928549415e-02
4.957400000000000000e+04 1.112774140463885564e+00 3.041507036284652951e-02
4.957500000000000000e+04 1.072990177607832107e+00 5.493262278209455965e-03
4.957600000000000000e+04 9.700176220292919815e-01 -9.012647407827487078e-02
4.957700000000000000e+04 9.871682070695633193e-01 -1.670956292943662769e-01
4.958000000000000000e+04 1.050368101554075562e+00 -1.030350700069722902e-01
4.958100000000000000e+04 1.106846030479439857e+00 -8.141792790932753099e-02
4.959000000000000000e+04 1.025471694069006290e+00 -4.070553019601148848e-02
4.959100000000000000e+04 1.083048882390089673e+00 -1.219104708583914343e-01
4.959200000000000000e+04 1.070157849447946008e+00 3.445306611162194527e-02
4.959300000000000000e+04 1.030397270511186347e+00 8.826383536220802281e-03
4.959400000000000000e+04 1.062120396581579751e+00 -4.301948319833052287e-02
4.959500000000000000e+04 1.009733953630281844e+00 -1.491519894738035923e-02
4.959600000000000000e+04 9.923512549609896372e-01 3.040358984710171859e-03
4.959700000000000000e+04 9.898156663878975303e-01 -3.180597230428505728e-02
4.959800000000000000e+04 9.394162734444386764e-01 -7.216618570879369809e-02
4.959900000000000000e+04 8.326786976521550754e-01 -1.373578851173814369e-02
4.960100000000000000e+04 1.035697988578663020e+00 -8.788162824124622075e-02
4.960200000000000000e+04 1.046598644318027960e+00 -3.574664916427871403e-02
4.961400000000000000e+04 1.012910253575855402e+00 -7.101171770532747896e-02
4.961500000000000000e+04 1.055843912105439930e+00 -6.428603857480282013e-02
4.961600000000000000e+04 1.042638059257148919e+00 -8.954777244524335378e-02
4.961700000000000000e+04 1.074961042685013579e+00 -1.626515323585743522e-02
4.961800000000000000e+04 1.069400380093162184e+00 -3.703516417315833031e-02
4.961900000000000000e+04 1.013418327456178103e+00 -6.727100447869494015e-02
4.962000000000000000e+04 1.115597764776022016e+00 2.205026224563123860e-02
4.962100000000000000e+04 1.044462525842865697e+00 3.214789790021335691e-02
4.962200000000000000e+04 1.009146680079083369e+00 -8.880322421958997126e-02
4.962300000000000000e+04 9.711391466306498188e-01 5.656381455449031176e-03
4.962500000000000000e+04 8.987289481069783426e-01 -4.691357841092441694e-02
4.962600000000000000e+04 1.030942893488412615e+00 -6.509227095693360943e-02
4.963000000000000000e+04 1.102495650785733972e+00 -1.335021966771135493e-01
4.963200000000000000e+04 1.076765704010436142e+00 -1.041513008036589749e-01
4.964100000000000000e+04 9.808673317269898106e-01 -1.556127854862936200e-02
4.964200000000000000e+04 1.039582512797026626e+00 -7.934054758884535874e-02
4.964300000000000000e+04 9.607239057659683334e-01 -2.278297490464731290e-02
4.964400000000000000e+04 9.692994083258722471e-01 3.155951272209377156e-02
4.964500000000000000e+04 9.751340688862637496e-01 -4.815291190485058992e-02
4.964600000000000000e+04 1.091589221235699680e+00 7.339258691926624223e-02
4.964700000000000000e+04 9.730142072184962965e-01 4.083912915851894976e-02
4.965900000000000000e+04 1.019444028433962757e+00 -8.995316468276509658e-02
4.966000000000000000e+04 1.105841364589687847e+00 -9.068776767184938414e-02
4.966100000000000000e+04 1.140685349555135009e+00 1.625872716296140330e-01
4.966200000000000000e+04 1.044435782931524059e+00 4.414169610224475543e-02
4.966300000000000000e+04 9.590171067407513572e-01 -3.700758737165872787e-03
4.966400000000000000e+04 1.046088859129204574e+00 5.059169358534518213e-02
4.966500000000000000e+04 1.008109465213566036e+00 -1.409353124370998044e-02
4.966600000000000000e+04 9.938529444313115579e-01 -4.017512484243612736e-02
4.966700000000000000e+04 1.026191755922255755e+00 4.620346551012748104e-02
4.966800000000000000e+04 1.017078384538286251e+00 -7.804454165073479444e-02
4.966900000000000000e+04 9.600376117870129677e-01 -4.504748315217155935e-02
4.967000000000000000e+04 1.012024377815305964e+00 -4.576131464012500594e-02
4.967200000000000000e+04 1.018932169115946751e+00 -9.245356476456373374e-02
4.967300000000000000e+04 1.023361409297887770e+00 -1.570011320729885196e-01
4.968400000000000000e+04 1.038751720911438081e+00 -8.746140892088538621e-02
4.968500000000000000e+04 1.077786681117251844e+00 -8.245305380462671085e-02
4.968600000000000000e+04 9.463089355643334866e-01 7.187982032070938665e-03
4.968700000000000000e+04 1.026423995280974388e+00 3.309817778888547724e-02
4.968800000000000000e+04 9.837377994233309497e-01 -1.618160911895744417e-02
4.968900000000000000e+04 1.075324054169730204e+00 9.070351512203341307e-03
4.969000000000000000e+04 9.316742414326889543e-01 -2.981033740656868075e-02
4.969100000000000000e+04 1.115068410958962808e+00 5.524898684430566004e-02
4.969200000000000000e+04 1.041527560350344883e+00 -3.917722160911286944e-02
4.969300000000000000e+04 1.060958896385213901e+00 -7.314749613191928734e-02
4.969800000000000000e+04 1.097394824121255219e+00 -8.956181038866482813e-02
4.971100000000000000e+04 9.433145825537889717e-01 -1.842976425488375078e-02
4.971300000000000000e+04 1.044932843473822093e+00 1.165687240666466069e-02
4.971500000000000000e+04 1.070353669228397253e+00 -8.909849009905516926e-02
4.971600000000000000e+04 1.375253144120757165e+00 5.805284168174155990e-02
4.971700000000000000e+04 1.073510216529928174e+00 -4.665978926652288722e-02
4.971800000000000000e+04 1.053684090904059678e+00 -1.162334336599350412e-02
4.972000000000000000e+04 1.041453064433781828e+00 -2.956405230398043843e-02
4.972200000000000000e+04 1.029445134414232355e+00 -7.994626898641556123e-02
4.972300000000000000e+04 1.096982724047297131e+00 -2.160323206860728998e-02
4.972400000000000000e+04 1.087121807796903594e+00 7.012664885167899098e-02
4.972500000000000000e+04 9.584496312529199313e-01 8.137612918944378548e-02
4.973200000000000000e+04 9.840811095364681016e-01 -2.493608969174258665e-03
4.973300000000000000e+04 9.977214300440957473e-01 -1.605011051952812476e-02
4.973400000000000000e+04 9.697225745077329151e-01 -6.591156492625654603e-03
4.973500000000000000e+04 1.036746416196287157e+00 1.854878548575067398e-02
4.973600000000000000e+04 9.964962873535998522e-01 1.989306485112149383e-04
4.973700000000000000e+04 1.094799109496268574e+00 -5.574048986442357856e-02
4.973800000000000000e+04 1.038072592497610191e+00 8.137680080323318743e-03
4.973900000000000000e+04 1.042297799871551689e+00 -8.073454353090472879e-02
4.974100000000000000e+04 9.869846676349323111e-01 8.655510999233759911e-03
4.974200000000000000e+04 9.774846091884074051e-01 2.861764690577425427e-02
4.974300000000000000e+04 9.836075164054199904e-01 5.690922774418076535e-02
4.975300000000000000e+04 1.017776903241119690e+00 -1.976827034753602351e-03
4.975400000000000000e+04 1.042792018078562588e+00 2.538469029683367711e-02
4.975500000000000000e+04 1.013571363091325672e+00 1.844576974096257330e-03
4.975700000000000000e+04 1.000058546612845989e+00 -7.257309300206957192e-02
4.976100000000000000e+04 1.085722235283845594e+00 -5.611781168988206475e-02
4.976200000000000000e+04 1.032590088509818038e+00 -1.027709397626430932e-01
4.976300000000000000e+04 1.000699375940688141e+00 -5.802837893595448604e-02
4.977000000000000000e+04 9.664319702634255327e-01 -6.333663539693915046e-02
4.977100000000000000e+04 1.034845189442552549e+00 -2.130390933667349745e-02
4.977200000000000000e+04 9.857022472979571903e-01 2.778840408321337635e-02
4.977600000000000000e+04 1.039100247828201651e+00 -7.426443205777080725e-02
4.977700000000000000e+04 1.054717296841572782e+00 -1.775560901435336014e-01
4.977800000000000000e+04 1.033106525367942563e+00 -2.986570640336650047e-03
4.977900000000000000e+04 1.070159769828950669e+00 -2.283835959692694095e-02
4.979500000000000000e+04 1.136789681251480832e+00 -1.902213599108287523e-01
4.981000000000000000e+04 1.070932594788745362e+00 9.827201207250173005e-04
4.981100000000000000e+04 1.084053016898947286e+00 -3.158855714298998418e-02
4.981200000000000000e+04 1.009525289317023677e+00 3.063131490955758526e-02
4.981300000000000000e+04 8.889677731432872321e-01 -1.015162455111607159e-01
4.981700000000000000e+04 9.882251795836815011e-01 -4.949420463449298591e-02
4.982800000000000000e+04 1.045065666058230258e+00 5.790043696198844680e-02
4.982900000000000000e+04 9.989942382799982257e-01 -4.619923857259006922e-02
4.983200000000000000e+04 1.019008653469943182e+00 -3.356861345525851900e-03
4.985000000000000000e+04 9.901744529399308936e-01 -1.375973731451644588e-01
4.985100000000000000e+04 9.371302090315167810e-01 -1.681555340254823061e-01
4.985200000000000000e+04 8.704748959834730515e-01 4.321247958793161120e-02
4.989800000000000000e+04 8.785902337319237976e-01 -5.857534183810228501e-02
4.995900000000000000e+04 1.081822913881416381e+00 -5.087151620807029741e-03
4.996000000000000000e+04 9.660158119355761741e-01 -4.381793853484820811e-02
4.998400000000000000e+04 8.906821325830960312e-01 -1.026102578402217080e-01
4.998500000000000000e+04 9.474858014792235661e-01 -7.313091797921633663e-02
4.998600000000000000e+04 1.087233187669290002e+00 3.478378790337361554e-02
4.999600000000000000e+04 1.067507908573332553e+00 -2.409805498800974763e-02
4.999700000000000000e+04 1.062591673059414488e+00 -2.644334453212780420e-02
4.999800000000000000e+04 1.046368017570718401e+00 -5.833364748278246914e-02
4.999900000000000000e+04 1.150553022033841799e+00 2.172336902201129835e-02
5.000900000000000000e+04 1.034361019532104464e+00 1.464082257660317965e-02
5.004600000000000000e+04 1.027763504167910069e+00 7.362113238206707821e-02
5.004900000000000000e+04 1.007979569654601448e+00 -2.716127586189373208e-02
5.005000000000000000e+04 1.074127785923410405e+00 -1.570465480997189356e-02
5.005600000000000000e+04 9.960845107366080864e-01 -1.050673060302577400e-01
5.005700000000000000e+04 1.014764224938007775e+00 -1.601488431740581975e-01
5.006400000000000000e+04 9.653703466162026903e-01 -1.119910472413651464e-01
5.006500000000000000e+04 1.049247263561260857e+00 -8.167006130376500486e-03
5.006600000000000000e+04 1.016735654525460886e+00 -6.263299715774950371e-02
5.006900000000000000e+04 1.128310838935875804e+00 1.045208879591079214e-02
5.007000000000000000e+04 9.949979710504200936e-01 5.495003002812064424e-04
5.008900000000000000e+04 1.061066116986082219e+00 -1.647719793922403086e-01
5.011200000000000000e+04 8.288335441483515309e-01 -1.186295524572670013e-01
5.011600000000000000e+04 8.622654523372257351e-01 -6.153108566642695454e-02
5.011700000000000000e+04 9.475288076704609930e-01 -4.152377322773030677e-02
5.011800000000000000e+04 9.742527007376410308e-01 -6.886159460262689103e-02
5.011900000000000000e+04 1.041101336719422621e+00 -2.349916824067700694e-02
5.013000000000000000e+04 9.271105966817063671e-01 6.195668714320751516e-04
5.013100000000000000e+04 1.078994561102225580e+00 -6.393568202559557490e-02
5.013200000000000000e+04 9.388696650865988591e-01 -3.720015827394466956e-02
5.016400000000000000e+04 6.984986094078007302e-01 2.865324903511162410e-03
5.016500000000000000e+04 8.363781239645380339e-01 -2.914307203203367856e-03
5.018000000000000000e+04 9.133793023056725469e-01 -5.725246257786251874e-02
5.029500000000000000e+04 1.014796247917155059e+00 1.102396621985687018e-02
5.030400000000000000e+04 8.452148265625497592e-01 -1.071126571343845590e-01
5.030500000000000000e+04 8.099656661257575996e-01 -7.686708491732036075e-02
5.030600000000000000e+04 1.230039667308689744e+00 7.778963916810922863e-02
5.030700000000000000e+04 9.633500352391894950e-01 -5.584509419756622517e-02
5.030800000000000000e+04 1.252280680473923047e+00 9.208740528860054342e-02
5.030900000000000000e+04 1.123898044751863834e+00 -3.029918330044315683e-02
5.031000000000000000e+04 1.020249147434185488e+00 4.534759513188144076e-02
5.032000000000000000e+04 8.974260010365560092e-01 -3.512251859376862295e-02
5.032100000000000000e+04 7.253504991047075023e-01 -8.119151140401872913e-02
5.032300000000000000e+04 9.085141451933356205e-01 6.182363794654281361e-03
5.032400000000000000e+04 1.025403195689999380e+00 5.242606577796016243e-02
5.032500000000000000e+04 1.020170474585712306e+00 -9.022381742704489380e-03
5.032600000000000000e+04 8.972113059080032427e-01 7.241279197996014494e-02
5.032700000000000000e+04 9.736281357474270148e-01 -1.256855810235327775e-01
5.032800000000000000e+04 1.121954115121400752e+00 6.464293999003573044e-02
5.033700000000000000e+04 9.858381723333434765e-01 -1.913039430532430252e-02
5.034300000000000000e+04 1.107973874446688489e+00 -1.286711734680809523e-02
5.034400000000000000e+04 1.046334402084486248e+00 -4.753174215048737439e-02
5.034500000000000000e+04 1.121896728222389283e+00 -1.704103553615348224e-03
5.034600000000000000e+04 1.193490892685547422e+00 2.554430677823800802e-02
5.035300000000000000e+04 1.124898648186303696e+00 -9.716897950897547542e-02
5.035500000000000000e+04 9.625606353769845525e-01 4.005140729074348899e-02
5.035700000000000000e+04 1.068295269467111952e+00 7.836271818125734034e-02
5.036000000000000000e+04 1.050016747029587805e+00 8.072092517722138927e-03
5.036200000000000000e+04 1.050032138334191290e+00 3.906792455511365683e-03
5.036300000000000000e+04 1.047852526252290861e+00 1.097107390301622042e-02
5.040100000000000000e+04 9.389769443495712409e-01 3.535483165594627969e-02
5.044800000000000000e+04 1.084597003114519564e+00 -9.957395524255076291e-02
5.044900000000000000e+04 1.193460373173457656e+00 -1.493589317315021162e-02
5.045000000000000000e+04 9.649772836713907953e-01 5.929081796920601666e-02
5.045600000000000000e+04 1.031946468933228944e+00 -8.875302501880852346e-02
5.045900000000000000e+04 1.065761066896240283e+00 -1.523898335855768393e-01
5.046000000000000000e+04 1.008183392371164722e+00 -2.104406655044273045e-01
5.046100000000000000e+04 9.644263833013403397e-01 -2.507787387609847762e-01
5.047100000000000000e+04 9.731432591915191166e-01 -1.362027718023295086e-01
5.047300000000000000e+04 9.400940432586057938e-01 4.901026082422660357e-02
5.047400000000000000e+04 1.073988746608348865e+00 -6.861720041832398975e-02
5.048000000000000000e+04 1.073593001490550813e+00 -1.094549341748865534e-01
5.048500000000000000e+04 1.048793942925639211e+00 3.152696504127659727e-02
5.048600000000000000e+04 1.056524909086939967e+00 -1.721041390364847412e-03
5.052100000000000000e+04 1.601685233667506925e+00 1.453968346464570849e-01
5.067800000000000000e+04 1.086303535953240473e+00 4.628971791653285761e-02
5.126400000000000000e+04 8.893977022497013829e-01 -7.083452186818736673e-02
5.131700000000000000e+04 8.701678057307328240e-01 9.636733930394893177e-02
