4.864600000000000000e+04 1.002738825768354936e+00 -5.170297136485083045e-02
4.867900000000000000e+04 1.108807275303218987e+00 5.397634891908705858e-03
4.868000000000000000e+04 1.017884480665681046e+00 -4.099178610770529835e-03
4.868100000000000000e+04 9.628178589472958793e-01 -1.674171705554688624e-02
4.868200000000000000e+04 1.030918103095274097e+00 7.207948898409190230e-02
4.871500000000000000e+04 1.085364967792372015e+00 -1.307063479988485322e-01
4.871600000000000000e+04 9.585916162178043098e-01 -5.951259966312225785e-02
4.871700000000000000e+04 1.064772282055915564e+00 9.707732298505000745e-02
4.873300000000000000e+04 9.053771064596274343e-01 9.300281901266971296e-03
4.873400000000000000e+04 1.050856479523568199e+00 -3.686138276763752109e-02
4.876200000000000000e+04 9.350225557523850206e-01 5.033502292242846704e-02
4.880900000000000000e+04 1.048133194837705728e+00 1.094817964319760584e-01
4.881000000000000000e+04 8.708422763639840358e-01 -1.261120012657407363e-01
4.882100000000000000e+04 9.281328190001532086e-01 3.015367194380499244e-02
4.882300000000000000e+04 8.776324728349206294e-01 -6.808744016255394160e-02
4.882400000000000000e+04 8.288434782524326527e-01 -7.924477281004152496e-02
4.882500000000000000e+04 8.623515877352564418e-01 8.073947602850420346e-02
4.883600000000000000e+04 9.998983177598114169e-01 -2.661507585747526633e-02
4.883700000000000000e+04 4.201016267963123552e-01 -3.402659665468664163e-01
4.883800000000000000e+04 9.409464929293850366e-01 -2.793907022053669642e-03
4.884000000000000000e+04 9.402640966310538140e-01 2.371803742879913246e-02
4.884100000000000000e+04 8.711295746439560173e-01 -7.600278419904832328e-02
4.884200000000000000e+04 9.498905329971218947e-01 -1.084695624042627919e-02
4.885100000000000000e+04 9.452966118402359452e-01 -5.895359746403321805e-02
4.885200000000000000e+04 1.356198058499614501e+00 -1.987135841316115328e-02
4.885300000000000000e+04 1.067106246385205015e+00 -3.367572001685734118e-02
4.885400000000000000e+04 1.120555928078764696e+00 -5.761996181042587650e-02
4.885500000000000000e+04 1.297438033531625567e+00 -5.591263955724805335e-02
4.885600000000000000e+04 1.068159415109537269e+00 -5.895944803218910318e-02
4.885700000000000000e+04 1.064431013346129884e+00 -7.108793277669872568e-02
4.885800000000000000e+04 1.048823511242425566e+00 -1.481193195047283973e-02
4.886800000000000000e+04 8.801697664033126811e-01 -7.708741576644406734e-02
4.886900000000000000e+04 1.047789166667220773e+00 -9.023383136966241225e-02
4.887000000000000000e+04 1.025588598921477690e+00 2.768451574737156376e-02
4.887100000000000000e+04 1.108941897490593131e+00 -3.032106339671261641e-02
4.887200000000000000e+04 9.649263726413020992e-01 1.678258638310756862e-02
4.887300000000000000e+04 1.050643911673957431e+00 -6.855879450551832788e-02
4.887400000000000000e+04 1.035281357476026010e+00 -8.680907290601208581e-02
4.887500000000000000e+04 9.953373455482302790e-01 -5.057636550497642686e-02
4.887600000000000000e+04 8.907489249084407090e-01 -1.230186292565444012e-01
4.887700000000000000e+04 1.078507509570294287e+00 3.185753296615372737e-02
4.888900000000000000e+04 8.016738469448421167e-01 -9.784127521592260457e-02
4.889000000000000000e+04 1.059818726435951985e+00 6.586362815587547270e-02
4.889100000000000000e+04 1.025029458846737906e+00 -2.369213906920313029e-02
4.889200000000000000e+04 1.035267422290284456e+00 -1.051261702304510069e-02
4.889300000000000000e+04 9.413007817652723208e-01 -8.892244433114089575e-02
4.889400000000000000e+04 9.748398141817584683e-01 -1.132633578691958770e-01
4.889500000000000000e+04 9.034030065854127267e-01 -1.811149221670200690e-02
4.889600000000000000e+04 9.369593006431141680e-01 -1.084389030215618943e-01
4.889700000000000000e+04 7.896654069813133781e-01 4.595144885425467285e-02
4.889800000000000000e+04 1.024016226489361525e+00 6.436270409311675711e-02
4.889900000000000000e+04 9.116410666909970928e-01 2.874569547082016230e-02
4.890000000000000000e+04 1.093955684223780533e+00 9.779925369492147025e-02
4.892000000000000000e+04 1.053690383274758835e+00 6.805477244202726150e-02
4.892100000000000000e+04 1.097256955893535890e+00 9.042534213078586014e-02
4.892200000000000000e+04 1.107966787874450354e+00 1.385368379960074392e-01
4.892300000000000000e+04 9.142067714042423354e-01 1.427746327622310962e-01
4.893300000000000000e+04 9.960766571970744998e-01 -1.690099821806385072e-01
4.893400000000000000e+04 9.896346900393329094e-01 -8.146615015020979012e-02
4.893500000000000000e+04 1.015669559771542385e+00 6.036615509099670096e-02
4.893600000000000000e+04 1.006122203395950265e+00 -1.349435848628336918e-02
4.893700000000000000e+04 1.038817915144053527e+00 -3.311042453194899121e-02
4.893800000000000000e+04 1.137148013159975823e+00 9.056057418318501362e-02
4.894100000000000000e+04 1.129865246670485490e+00 8.916795274188324405e-02
4.894200000000000000e+04 9.485210554070689914e-01 1.272664165698692562e-01
4.894300000000000000e+04 1.003989626631059950e+00 5.357166241236745868e-02
4.894400000000000000e+04 1.040648965347751531e+00 9.164867343758692497e-02
4.894500000000000000e+04 9.495511387997088715e-01 -4.744482662894933256e-02
4.894600000000000000e+04 8.967475248698697499e-01 -3.378691970109305720e-02
4.895300000000000000e+04 6.726021991354302898e-01 -2.837220156491514211e-02
4.895400000000000000e+04 1.014176466256051512e+00 6.591860587757893131e-02
4.895500000000000000e+04 1.005577006830141507e+00 -1.169653288383176448e-01
4.895600000000000000e+04 8.316534928653366299e-01 4.746781079962260168e-03
4.895800000000000000e+04 9.696296960219722427e-01 1.022263389029142849e-01
4.895900000000000000e+04 1.133473984472583185e+00 1.070365459243100420e-01
4.896000000000000000e+04 1.060919993436453712e+00 9.400749825715516705e-02
4.896100000000000000e+04 7.044788266874442151e-01 1.242314021486339709e-01
4.896200000000000000e+04 1.096250755348885608e+00 1.184917081071680256e-01
4.896400000000000000e+04 1.045969624802640441e+00 1.444530974070779294e-01
4.896800000000000000e+04 8.719051065088564423e-01 -1.847451533646708027e-02
4.896900000000000000e+04 9.084247459441469053e-01 -9.065354529172192644e-02
4.897500000000000000e+04 1.015513109031490391e+00 3.631876064002596827e-02
4.897600000000000000e+04 1.024735690799165155e+00 2.594302344241824002e-02
4.897700000000000000e+04 8.043865777697742914e-01 -9.450595984779748202e-03
4.897800000000000000e+04 1.043961165451712914e+00 -5.107252094673389586e-02
4.897900000000000000e+04 8.907960301832762440e-01 -9.404490573970311629e-02
4.898000000000000000e+04 1.131716768634559278e+00 1.294615498137452470e-01
4.898100000000000000e+04 1.146005062834614785e+00 1.015503335855433842e-01
4.898200000000000000e+04 1.083346358845063140e+00 1.192375652508324418e-01
4.898300000000000000e+04 1.096921106515723165e+00 1.114229352407282436e-01
4.898400000000000000e+04 1.057745210105793809e+00 8.583713051281731399e-02
4.898500000000000000e+04 1.072541887031822405e+00 1.105105847344598491e-01
4.898900000000000000e+04 9.398272032864607439e-01 4.628452195585400220e-03
4.899800000000000000e+04 9.908483160881269569e-01 1.221365441337034230e-01
4.899900000000000000e+04 1.059495229469215705e+00 -6.618718850976196277e-02
4.900000000000000000e+04 1.033840061955582534e+00 -6.240326099431567353e-02
4.900100000000000000e+04 1.139785518538765974e+00 1.047967800272082972e-01
4.900200000000000000e+04 1.146641959613773798e+00 9.200512509865114985e-02
4.900300000000000000e+04 1.135298861485992461e+00 1.091403496468989626e-01
4.900400000000000000e+04 9.974698947600025845e-01 1.200301964339715310e-01
4.900500000000000000e+04 1.082843335206415292e+00 9.200131702463523742e-02
4.900600000000000000e+04 1.067774835356300800e+00 3.667401398013173108e-02
4.900700000000000000e+04 1.055283043752090810e+00 5.651810097599659771e-02
4.900800000000000000e+04 1.034296740510901591e+00 1.227068837017186165e-01
4.900900000000000000e+04 9.428159942175667885e-01 -3.092883793690741345e-02
4.901000000000000000e+04 9.442591039181228441e-01 -9.293810237195883339e-02
4.902200000000000000e+04 1.022284602050577806e+00 -1.127323634045254569e-01
4.902300000000000000e+04 1.121151238279790796e+00 7.797982916136643461e-02
4.902400000000000000e+04 1.125536273300381307e+00 1.262619307827493875e-01
4.902500000000000000e+04 9.441691710199395793e-01 6.215884553827248638e-02
4.902600000000000000e+04 1.018171885141184729e+00 1.220428020564065935e-01
4.902700000000000000e+04 1.118266005014448172e+00 5.913964398583698712e-02
4.902800000000000000e+04 1.076931925759880615e+00 2.528551872818552912e-02
4.902900000000000000e+04 1.075424255880530922e+00 9.025350812212627749e-02
4.903000000000000000e+04 1.027595567765090534e+00 8.768758070467563837e-02
4.903100000000000000e+04 9.539412318221377474e-01 -1.511569313997567221e-01
4.903300000000000000e+04 1.022484574694157544e+00 -6.106763229534822868e-02
4.904000000000000000e+04 1.144642724549786106e+00 9.709673124391224319e-02
4.904100000000000000e+04 1.128232553702203989e+00 8.292724192160501329e-02
4.904200000000000000e+04 1.142730280272432397e+00 5.950481757683870332e-02
4.904300000000000000e+04 1.093308658740702377e+00 5.537945874509048183e-02
4.904400000000000000e+04 1.082999258470983772e+00 7.225753312100537118e-02
4.904600000000000000e+04 9.932478540822448076e-01 3.953303347517207744e-02
4.904700000000000000e+04 1.008322233519722166e+00 -4.660126541274255824e-02
4.904800000000000000e+04 1.008823394695027575e+00 1.028290185672654615e-03
4.904900000000000000e+04 1.027234907896888538e+00 3.811854299220591991e-02
4.906200000000000000e+04 1.161649602622703892e+00 1.372242946423508636e-01
4.906300000000000000e+04 1.011738147416158862e+00 5.587749499387710365e-03
4.906400000000000000e+04 1.081229692957644373e+00 3.415313217431426018e-02
4.906500000000000000e+04 1.068242660809594069e+00 6.997139468487412195e-02
4.906600000000000000e+04 1.054068179079959977e+00 1.306200690006991127e-01
4.906700000000000000e+04 9.763029494203115943e-01 4.667119353170908619e-02
4.906800000000000000e+04 1.039469160144516291e+00 4.992816680184800071e-02
4.906900000000000000e+04 1.053639037043688997e+00 8.637039578582318688e-02
4.912300000000000000e+04 9.742408574122202181e-01 -9.620037619145429056e-03
4.912400000000000000e+04 1.040103109630520439e+00 7.567995010392079835e-02
4.912600000000000000e+04 1.038432324397328577e+00 5.875654180542369542e-02
4.912700000000000000e+04 1.019019540377870126e+00 -4.776105226608768316e-03
4.912800000000000000e+04 9.743659455380264678e-01 2.339469453898235241e-03
4.912900000000000000e+04 9.528896058502819288e-01 4.990010000120027184e-02
4.914100000000000000e+04 8.808823371231060406e-01 1.643523980108344551e-01
4.914200000000000000e+04 9.200279639923871766e-01 4.585520982316900612e-02
4.915100000000000000e+04 8.881619815065224799e-01 -9.720476445192239440e-03
4.915200000000000000e+04 9.037501635340494666e-01 -5.895095835536805218e-02
4.915300000000000000e+04 9.745813871848955090e-01 -5.339907765210307952e-03
4.915400000000000000e+04 8.822842722492245660e-01 1.043011543576057715e-01
4.916200000000000000e+04 9.708460010000049545e-01 -2.918607352089437265e-02
4.916300000000000000e+04 9.204450994335154901e-01 7.894785426743042289e-02
4.916400000000000000e+04 7.574752941110620696e-01 -1.401506306200376965e-02
4.916500000000000000e+04 9.804441007721548251e-01 3.804584342704201566e-02
4.920100000000000000e+04 8.284853382050784143e-01 -5.926817914545468718e-02
4.922900000000000000e+04 9.855148450854256392e-01 -4.074117900784444274e-02
4.923000000000000000e+04 9.903334141658317602e-01 -8.824579657558968837e-02
4.923100000000000000e+04 9.857327552819293848e-01 -1.056910550722993530e-01
4.923200000000000000e+04 9.908406442160666572e-01 -1.704450637450189432e-01
4.924400000000000000e+04 1.072468783359567190e+00 -6.768929899381094517e-02
4.924500000000000000e+04 9.308897698700500101e-01 -5.957717904017704319e-02
4.924600000000000000e+04 1.000210910838421619e+00 -7.496614023391509618e-02
4.924700000000000000e+04 1.001246481932793309e+00 -7.780697033443012556e-02
4.924800000000000000e+04 8.105837846795734825e-01 -1.294802284282804868e-02
4.924900000000000000e+04 1.017431184649423725e+00 4.855703520593949302e-02
4.925600000000000000e+04 1.029886084283051728e+00 7.100395035648453604e-03
4.925700000000000000e+04 9.758602938571255825e-01 -1.015895706948668209e-01
4.925800000000000000e+04 1.036774400426109910e+00 -2.932373657542663298e-02
4.925900000000000000e+04 9.458467004059780692e-01 -6.339517732811811475e-03
4.926000000000000000e+04 1.128320894735331148e+00 -6.902802824167234008e-02
4.926100000000000000e+04 1.133477497400029232e+00 1.554752798811546814e-02
4.926200000000000000e+04 1.086987565518192866e+00 6.184042809759211778e-02
4.932000000000000000e+04 1.035877983279818837e+00 5.561719139416274743e-02
4.937300000000000000e+04 1.009688440935365250e+00 -3.886368079831616432e-04
4.937400000000000000e+04 1.000005580507066227e+00 -6.744934933107435415e-02
4.942500000000000000e+04 1.029257478156028860e+00 -2.879244597917075821e-02
4.942600000000000000e+04 1.062078980048406951e+00 -6.765581983156450027e-04
4.942700000000000000e+04 1.024864587446157715e+00 -4.143332897469374429e-03
4.947100000000000000e+04 9.797092634536845868e-01 -1.273283788647291449e-02
4.949600000000000000e+04 1.105561135403174688e+00 -6.314293055487503470e-02
4.949700000000000000e+04 1.122238530263241829e+00 4.996298260912192257e-02
4.949800000000000000e+04 1.018597031370237493e+00 -8.720144634732392153e-02
4.951000000000000000e+04 1.015405291274052324e+00 -7.835802074333744760e-02
4.951100000000000000e+04 1.012790108792613220e+00 2.981825186729205809e-02
4.951200000000000000e+04 1.108740469394150052e+00 7.375624475411458880e-02
4.951300000000000000e+04 1.047137173410368938e+00 4.655117575577949474e-02
4.951400000000000000e+04 1.147897228194486363e+00 1.020099608718127021e-01
4.951500000000000000e+04 1.047713389563639463e+00 6.028013612410302452e-02
4.953000000000000000e+04 9.249796519184846355e-01 -4.897228402512551065e-02
4.953300000000000000e+04 1.146526241791437029e+00 2.948206097554759153e-02
4.953400000000000000e+04 1.111211259114585070e+00 5.672567246365096960e-02
4.953500000000000000e+04 1.137083057786011153e+00 1.783924765289163217e-02
4.953600000000000000e+04 1.128570635917901077e+00 1.299958909773959170e-01
4.953800000000000000e+04 9.971416834428723508e-01 9.061877932854255080e-03
4.953900000000000000e+04 9.180772001276059635e-01 -1.425595440104433509e-01
4.954800000000000000e+04 1.017309253274369496e+00 -1.050649344525807771e-01
4.954900000000000000e+04 1.056903596445661675e+00 -4.678033627449392634e-02
4.955100000000000000e+04 1.074937530979295675e+00 -2.425480706756253171e-03
4.955200000000000000e+04 1.097018946157462427e+00 5.342902068248597813e-02
4.955300000000000000e+04 1.141636270889265781e+00 5.793178630021543485e-02
4.955400000000000000e+04 1.115989908889092774e+00 1.020099757959548187e-01
4.955500000000000000e+04 1.109875462686188197e+00 3.706892496358778211e-02
4.955600000000000000e+04 1.085550741737318248e+00 6.067062726370208575e-02
4.955700000000000000e+04 1.056098776216771062e+00 -6.709036163362617523e-03
