3.248600000000000000e+04 1.146104245773917452e+00 5.421944091681591728e-03
3.248800000000000000e+04 1.144368968506914053e+00 1.635845042646025260e-01
3.249200000000000000e+04 1.094925631690751855e+00 1.194900167136084407e-01
3.249300000000000000e+04 1.119875476740902265e+00 3.777887124321035323e-02
3.249400000000000000e+04 1.010671002614079050e+00 -5.441523961045717506e-02
3.249500000000000000e+04 9.682257491535400939e-01 -3.692940350398874610e-02
3.249600000000000000e+04 1.009965368186923174e+00 -5.075856069112957836e-02
3.251400000000000000e+04 9.445046167156107009e-01 -5.517005226317334837e-02
3.251500000000000000e+04 9.994191025880121426e-01 -4.204860250977080632e-02
3.251600000000000000e+04 1.011410884575311808e+00 -5.724887363490296921e-02
3.251700000000000000e+04 1.347847894532439472e+00 -5.562243004500522225e-02
3.251900000000000000e+04 9.938058839335238703e-01 7.083309855172158220e-02
3.254700000000000000e+04 1.175812293639514783e+00 3.622102460409792890e-02
3.254800000000000000e+04 1.303711457912604121e+00 -1.134800100485616747e-01
3.258300000000000000e+04 1.174482028488877061e+00 -3.129337833321649970e-02
3.285200000000000000e+04 1.077240382083358927e+00 -1.509967938555414370e-02
3.285300000000000000e+04 1.069716701468026221e+00 1.008941836148064333e-02
3.285400000000000000e+04 1.124324007601173125e+00 7.690029546722895737e-02
3.289000000000000000e+04 9.981009088283023800e-01 -3.821709909135517780e-02
3.289100000000000000e+04 9.751930648881819153e-01 4.211466067022785753e-02
3.289200000000000000e+04 1.027434752341392477e+00 7.259779463901382124e-02
3.291100000000000000e+04 9.578598295811903141e-01 7.601135562988980965e-02
3.291600000000000000e+04 9.791086156718299405e-01 3.233432716947830243e-02
3.291700000000000000e+04 9.679612981767308222e-01 5.422483013422193382e-02
3.291800000000000000e+04 9.947796409710379928e-01 1.221378513049825310e-01
3.292300000000000000e+04 9.656411545601805146e-01 -7.794857771291517287e-03
3.292400000000000000e+04 9.823068253044486831e-01 3.490884083522719644e-02
3.294900000000000000e+04 1.023421970488593402e+00 4.361607836727256909e-02
3.295000000000000000e+04 1.038955360860746913e+00 1.103481596988148267e-01
3.295100000000000000e+04 1.024981093131763554e+00 4.805984629931497887e-02
3.295800000000000000e+04 1.052981607797792041e+00 3.811363464273807150e-02
3.295900000000000000e+04 7.894632752556650646e-01 4.513771349288234896e-02
3.296700000000000000e+04 1.102033569238205724e+00 1.051830408621269725e-01
3.296800000000000000e+04 1.133014628028838677e+00 6.295862509650623773e-02
3.296900000000000000e+04 1.048690562827834238e+00 9.635278823320933550e-02
3.297100000000000000e+04 1.105657700055190151e+00 9.154296821423376501e-03
3.297200000000000000e+04 1.013671648339238951e+00 -8.358508505219239271e-02
3.297300000000000000e+04 1.122159831631469151e+00 -9.189281653511387898e-03
3.297400000000000000e+04 9.871697469428381000e-01 6.848641799517032891e-02
3.297500000000000000e+04 1.020504508870254234e+00 -6.453996752846793972e-02
3.297600000000000000e+04 1.080646000307259991e+00 4.773065659805435929e-02
3.297700000000000000e+04 1.049538463383710818e+00 4.442317436628785742e-04
3.297800000000000000e+04 9.834972873443267316e-01 5.440799130254746208e-02
3.297900000000000000e+04 1.039637579737351381e+00 3.678885741476088655e-02
3.298000000000000000e+04 1.012837813363679951e+00 6.148396103063130669e-02
3.299400000000000000e+04 1.071857839812577762e+00 2.989453930730268105e-02
3.299500000000000000e+04 1.100839685154460845e+00 7.500271915849819615e-02
3.299600000000000000e+04 1.102981670774555445e+00 6.821852583060536261e-03
3.299700000000000000e+04 1.070315482295216336e+00 2.001975888991020525e-01
3.299800000000000000e+04 1.075234843619211400e+00 -3.793734557229423709e-02
3.299900000000000000e+04 1.042084398502270082e+00 1.534438426217579407e-02
3.300000000000000000e+04 1.107727791180495025e+00 -3.539250283100524308e-02
3.300100000000000000e+04 1.026152321955440261e+00 3.265364720240047924e-02
3.300200000000000000e+04 9.986267821016732160e-01 -1.179573282654311356e-01
3.300300000000000000e+04 1.039674130504376626e+00 5.162003140751616342e-02
3.300400000000000000e+04 9.835969130153698892e-01 -3.455717211146877577e-02
3.300500000000000000e+04 9.697986220924685874e-01 1.396581964385925634e-01
3.300600000000000000e+04 1.113636474181882274e+00 1.815021534848927295e-02
3.300700000000000000e+04 9.922617207979200771e-01 5.178251224045658796e-02
3.300800000000000000e+04 9.768416782334909954e-01 1.734634826156197795e-01
3.300900000000000000e+04 9.860652608917749307e-01 3.799975758573279072e-02
3.301000000000000000e+04 1.067165844529261332e+00 -3.392454531552546032e-02
3.302300000000000000e+04 1.126255739303354986e+00 2.363779710074755819e-02
3.302400000000000000e+04 1.169459566808561446e+00 6.080130036700112650e-02
3.302500000000000000e+04 1.185930245086872947e+00 8.561651912153975252e-02
3.302600000000000000e+04 1.156592033770025951e+00 -1.776058040900079654e-02
3.302700000000000000e+04 1.116027727704762329e+00 -4.366773760461165055e-02
3.303000000000000000e+04 9.194029073230320925e-01 5.896892171797286225e-02
3.303100000000000000e+04 8.765253787346413139e-01 -1.067810660920998495e-01
3.303200000000000000e+04 1.036148179256685786e+00 -9.933438538280074323e-03
3.303500000000000000e+04 1.058595732213784224e+00 -1.928046858580124284e-02
3.303600000000000000e+04 1.169583424385960191e+00 -2.282040566940239483e-03
3.303800000000000000e+04 1.136852145003664383e+00 2.958968626870182167e-02
3.307400000000000000e+04 1.224134164117333112e+00 1.232826755150007725e-01
3.307500000000000000e+04 1.143470446548949804e+00 1.036894780942522326e-01
3.307600000000000000e+04 1.173077409992724585e+00 6.690087280533195402e-02
3.307700000000000000e+04 1.108940583089337517e+00 1.251814689767292710e-01
3.307800000000000000e+04 1.103761860354293356e+00 8.208261373722301746e-02
3.307900000000000000e+04 1.130884308858906895e+00 3.654532619410322258e-02
3.308000000000000000e+04 1.125184228177849244e+00 1.047120173236041306e-02
3.308100000000000000e+04 1.095039861714761420e+00 -6.388963288718657596e-02
3.308200000000000000e+04 9.845209767495203268e-01 2.575332251587231572e-02
3.308300000000000000e+04 1.057514238986430044e+00 -1.042407286502796404e-01
3.308700000000000000e+04 1.092327895773353097e+00 -4.432324776131563865e-02
3.309300000000000000e+04 9.823719792075752411e-01 4.768298860421040647e-02
3.309900000000000000e+04 1.015748882608596748e+00 2.119190530945999976e-02
3.310000000000000000e+04 1.052977778903792405e+00 -9.138941268535785006e-03
3.310100000000000000e+04 1.069549596020292759e+00 -3.563146840820732852e-02
3.310200000000000000e+04 1.009707378649254528e+00 6.118119859299204349e-02
3.310300000000000000e+04 1.026752092304956676e+00 8.945040593474448687e-02
3.310400000000000000e+04 1.021162875766861822e+00 -2.070574396051672039e-02
3.310500000000000000e+04 1.015209692922407259e+00 7.289327613240596283e-04
3.310600000000000000e+04 1.027939813068799113e+00 -3.999208919721779915e-02
3.310700000000000000e+04 1.019059489089932269e+00 -4.155299775266953904e-02
3.311400000000000000e+04 9.257024131515145804e-01 -7.278093316750067210e-02
3.311700000000000000e+04 1.046594149064911328e+00 1.302893397250818597e-01
3.312800000000000000e+04 1.034406893600164912e+00 1.012913128230624564e-02
3.312900000000000000e+04 1.038243022388825709e+00 -9.587963263911679357e-02
3.313000000000000000e+04 1.082945849643720981e+00 -7.584034305669002177e-03
3.313200000000000000e+04 1.048821779772665330e+00 8.175832340419246502e-02
3.313300000000000000e+04 1.035349585728678745e+00 -2.700280784544854470e-02
3.314600000000000000e+04 1.096715433344944479e+00 3.725303095956114530e-02
3.314700000000000000e+04 1.115401529453727836e+00 1.954920391182302444e-02
3.315300000000000000e+04 1.072570725963684524e+00 6.080622678809704390e-02
3.315400000000000000e+04 1.042723235356947997e+00 8.695859642071937512e-02
3.315500000000000000e+04 9.934511789946756100e-01 1.342896446734019589e-01
3.315600000000000000e+04 9.601448473620562973e-01 1.141977099446041949e-01
3.315700000000000000e+04 1.011857581359686176e+00 7.572124438139576919e-02
3.317000000000000000e+04 1.051812231187198243e+00 8.914409074857614079e-02
3.317100000000000000e+04 1.058628672174323881e+00 4.881166436334050118e-02
3.320500000000000000e+04 1.080027216941757739e+00 2.270353286081582683e-02
3.320600000000000000e+04 1.068134244192304960e+00 -6.539998544147203330e-02
3.321800000000000000e+04 1.055499077923542917e+00 4.805072274495433837e-02
3.321900000000000000e+04 1.149455672840663079e+00 1.199791173021073909e-01
3.322600000000000000e+04 1.017947021436697019e+00 -5.969606462348004544e-02
3.323700000000000000e+04 1.122863080087527221e+00 -2.568636942042608860e-04
3.323800000000000000e+04 1.026363246914445471e+00 4.158832904102777173e-02
3.323900000000000000e+04 1.277626714508938166e+00 8.294393143178779848e-02
3.325000000000000000e+04 9.977837347365972054e-01 3.059512810699987345e-02
3.326200000000000000e+04 1.206085640807402104e+00 -5.337801097971837244e-02
3.326300000000000000e+04 1.082655638617693983e+00 7.332904919270490096e-02
3.326400000000000000e+04 1.028660194187618115e+00 1.774766720856324129e-02
3.326500000000000000e+04 1.060325267729318011e+00 6.196484982437319017e-02
3.329300000000000000e+04 1.141014813983374010e+00 5.714670333774674038e-02
3.329400000000000000e+04 1.147473025344381448e+00 -3.362277652243741109e-03
3.329500000000000000e+04 1.129383448382404120e+00 1.437748197381844839e-01
3.329600000000000000e+04 1.094285982970822912e+00 8.272734847866479446e-02
3.331500000000000000e+04 1.134465777741647585e+00 9.523697576604973902e-02
3.331600000000000000e+04 1.111030266959346369e+00 -2.239847205490612045e-02
3.331700000000000000e+04 1.190823251986567577e+00 1.840056714588865147e-02
3.334000000000000000e+04 1.200160082081047186e+00 -6.505055244400473335e-02
3.334100000000000000e+04 1.166972564200357665e+00 7.613254628929899681e-02
3.334200000000000000e+04 1.261563102339287257e+00 4.208816052129067675e-02
3.334300000000000000e+04 1.174795350098169822e+00 2.154563353913175813e-02
3.335900000000000000e+04 1.233294026325005399e+00 -4.739810307744572737e-02
3.336000000000000000e+04 1.175483820867589957e+00 4.689397032267062643e-02
3.336100000000000000e+04 1.187607310427465590e+00 6.250247282974928653e-02
3.336200000000000000e+04 1.239295103613734295e+00 -6.727317096666307616e-02
3.337700000000000000e+04 1.217742863573877399e+00 7.279740025882720789e-02
3.337800000000000000e+04 1.161371302670777039e+00 -3.868195421950987312e-02
3.337900000000000000e+04 1.169712188228485550e+00 2.751558484073003338e-03
3.339000000000000000e+04 1.088969111135023482e+00 5.358780799375367776e-02
3.339100000000000000e+04 1.155158417279310568e+00 2.399252642011427336e-02
3.344500000000000000e+04 1.061636462602703723e+00 1.539385534070664141e-02
3.344600000000000000e+04 1.107762693056939751e+00 9.562321516180624648e-02
3.345400000000000000e+04 1.050474193461772510e+00 1.679346961904600311e-01
3.345500000000000000e+04 1.115945813532867037e+00 4.529066722149131113e-02
3.345600000000000000e+04 1.015006789751463412e+00 4.139247080800092377e-02
3.345700000000000000e+04 1.024504442837086415e+00 -4.842731636015620150e-02
3.346300000000000000e+04 1.050233821441443949e+00 2.119276000967457163e-01
3.346400000000000000e+04 1.094133638479027892e+00 1.436563769091831790e-02
3.346500000000000000e+04 1.027293533163422090e+00 7.121741185064280749e-04
3.346600000000000000e+04 1.009544800795067587e+00 3.753236203336673266e-02
3.347800000000000000e+04 1.038238734564134624e+00 2.156921380621130702e-01
3.347900000000000000e+04 1.115959133146849469e+00 1.174765020278514642e-02
3.348000000000000000e+04 1.065119179411127215e+00 6.368448854267003134e-02
3.348100000000000000e+04 1.005135436372402102e+00 -1.275160987280705288e-02
3.349600000000000000e+04 1.020408281083543534e+00 1.768009867167530669e-01
3.349700000000000000e+04 1.014535078577171401e+00 1.079958617459010894e-01
3.349800000000000000e+04 1.046274067268374575e+00 4.819070686765136030e-02
3.351300000000000000e+04 9.917182280609564415e-01 1.925078560415675599e-01
3.351400000000000000e+04 1.055256528134546290e+00 8.236182876686944099e-02
3.353000000000000000e+04 8.792969362713241033e-01 2.125778470628543748e-01
3.353300000000000000e+04 1.011201724618862707e+00 4.109420309320217790e-02
3.353400000000000000e+04 9.063684937305552802e-01 -1.370904053230221353e-01
3.355600000000000000e+04 8.963582745286313713e-01 1.930518871876366060e-01
3.356700000000000000e+04 9.079936901053725640e-01 -1.082844645385781790e-01
3.357000000000000000e+04 9.830022982224347894e-01 1.479716588828371704e-01
3.357100000000000000e+04 9.678081467788257619e-01 -2.392845781106530192e-02
3.357500000000000000e+04 9.453660473160900857e-01 9.777819532690452606e-03
3.357600000000000000e+04 9.492993831951586081e-01 -3.396516810520218421e-02
3.357700000000000000e+04 9.758840021181623969e-01 1.143228954755352161e-01
3.357800000000000000e+04 9.508381191904290430e-01 7.006964939561395600e-02
3.357900000000000000e+04 9.245097504116452924e-01 5.665107188038620567e-02
3.358500000000000000e+04 1.045812537261765929e+00 1.423740403227388984e-01
3.358600000000000000e+04 1.007285111575586534e+00 4.957899778183082196e-02
3.358700000000000000e+04 1.035538573806846330e+00 6.464167256512284854e-02
3.359100000000000000e+04 1.099630583426647323e+00 1.200228850862381375e-01
3.359200000000000000e+04 9.502843940279190882e-01 5.593787416662235334e-02
3.359300000000000000e+04 9.303119872117217026e-01 1.711772893912478777e-01
3.360000000000000000e+04 9.844482130900935601e-01 -2.798227850830834612e-02
3.360100000000000000e+04 9.334170386591338353e-01 6.758565822877475593e-02
3.360200000000000000e+04 1.258637355760287679e+00 -5.203053016619185039e-02
3.360300000000000000e+04 9.197048165321911606e-01 -2.939904085897196775e-02
3.360400000000000000e+04 9.575324461645307039e-01 2.770821783759279400e-02
3.360900000000000000e+04 9.868663426584888265e-01 1.177010053609910817e-02
3.361000000000000000e+04 1.059486450656784262e+00 4.164490207902402097e-02
3.361100000000000000e+04 1.028348784891278012e+00 1.316873255006615479e-02
3.361200000000000000e+04 1.015979299698495986e+00 5.216250262850528896e-02
3.361500000000000000e+04 7.030477747697139179e-01 2.446783938481451592e-01
3.361600000000000000e+04 7.973501539290082096e-01 -1.398454624567546049e-03
3.361700000000000000e+04 1.069148386866243916e+00 1.663054125267223252e-02
3.361800000000000000e+04 1.040309936215564779e+00 4.331431655684939153e-02
3.361900000000000000e+04 9.013528536148498471e-01 1.217612849403465897e-01
3.362400000000000000e+04 9.847341999311637339e-01 1.083742071978679583e-01
3.362500000000000000e+04 1.241037962494192515e+00 4.206444732517547642e-03
3.362600000000000000e+04 1.008560970962600223e+00 1.209013767136898378e-02
3.362700000000000000e+04 9.729989721987755136e-01 2.174719996669198518e-02
3.362800000000000000e+04 1.014905721688146079e+00 9.050222565518249718e-02
3.363400000000000000e+04 1.041711430917028780e+00 -7.261557064386416072e-02
