4.101900000000000000e+04 1.384732093490599558e+00 -2.827149570602224132e-02
4.102000000000000000e+04 9.071631005028553130e-01 -9.464947294306158554e-02
4.102100000000000000e+04 1.148157852175814453e+00 6.142794919447768821e-03
4.102200000000000000e+04 1.199456659509514411e+00 -4.749655423583502845e-02
4.103400000000000000e+04 1.060942014996375748e+00 2.980847973728636968e-02
4.110800000000000000e+04 1.124305768189526322e+00 -4.429586505271018715e-02
4.111800000000000000e+04 1.139333533991965020e+00 -2.194055409663088485e-02
4.116600000000000000e+04 1.184034227062791489e+00 -5.419779967654184821e-02
4.116700000000000000e+04 1.233979830035285774e+00 -4.247441494897204878e-02
4.116800000000000000e+04 1.140088425641959669e+00 8.963013785300059065e-04
4.116900000000000000e+04 9.513214632686912697e-01 1.538314194103273906e-02
4.117000000000000000e+04 1.076791778844422565e+00 -5.655240468920284119e-02
4.117100000000000000e+04 1.057705030203321961e+00 -9.046363194036050048e-02
4.117200000000000000e+04 1.028520049079990839e+00 -1.243276006335635731e-01
4.117300000000000000e+04 1.127550042723483026e+00 -3.143778486075839585e-04
4.118900000000000000e+04 1.094884797318168568e+00 -5.783223941563331999e-02
4.119000000000000000e+04 1.173110758870266723e+00 7.484222091267715617e-04
4.119100000000000000e+04 1.181592826372777738e+00 -4.241970994842219483e-02
4.119200000000000000e+04 1.202137314882122832e+00 1.085801468479638682e-01
4.119300000000000000e+04 1.080977948312615178e+00 -2.165805596491436960e-02
4.119400000000000000e+04 1.153139662487327133e+00 5.438502553270293388e-02
4.119600000000000000e+04 1.107219729176084355e+00 1.573763076750960693e-02
4.119700000000000000e+04 1.106838921426758882e+00 -3.060616972199117422e-02
4.124400000000000000e+04 1.204964294712036255e+00 9.967417209657561394e-03
4.124500000000000000e+04 1.163130167671153403e+00 5.384992424739573624e-02
4.124600000000000000e+04 1.146247768370434184e+00 -6.094711673085034115e-02
4.124700000000000000e+04 1.157266796096685590e+00 1.001163902330506894e-01
4.124900000000000000e+04 1.110269120932097398e+00 3.957872497434728604e-02
4.125000000000000000e+04 1.060080110973894651e+00 -2.867980422028307275e-02
4.127200000000000000e+04 1.076440396966142909e+00 7.523918080532625806e-03
4.127300000000000000e+04 9.297349107522150380e-01 -7.897984937050411824e-02
4.127400000000000000e+04 1.068346768044831752e+00 -3.649989424678173888e-03
4.127500000000000000e+04 1.082113099253772637e+00 -1.564651923120957341e-02
4.146700000000000000e+04 1.295687402891225526e+00 4.839820854483069257e-02
4.146800000000000000e+04 1.279085000730148636e+00 -1.297372103322167458e-01
4.146900000000000000e+04 1.194853780916925512e+00 -1.041593274837173816e-01
4.147000000000000000e+04 1.231048176530863181e+00 1.246687858563197762e-02
4.147100000000000000e+04 1.201208000283158217e+00 2.531716614223961798e-02
4.147200000000000000e+04 1.217987348723926111e+00 4.565365282427141791e-02
4.147300000000000000e+04 1.295390095523850205e+00 1.094994536909808108e-02
4.147400000000000000e+04 1.213759655473788168e+00 -4.516408939766361486e-02
4.147500000000000000e+04 1.024301299286941358e+00 -2.200664500696758105e-03
4.149100000000000000e+04 1.198412287930323172e+00 3.082065935997082076e-02
4.149200000000000000e+04 1.206924723754838835e+00 -8.591548587813481117e-03
4.149300000000000000e+04 1.212454608914354859e+00 -5.625965450045432997e-02
4.149400000000000000e+04 1.230943978383493675e+00 -4.343683324650177840e-02
4.149500000000000000e+04 1.164243188794027217e+00 -4.868367610763749131e-02
4.149600000000000000e+04 1.114243886802289918e+00 -2.275814358773601415e-02
4.149700000000000000e+04 1.222448005747896804e+00 -7.551705163549769784e-02
4.149800000000000000e+04 1.121915936673980596e+00 -2.148941260901391509e-02
4.150100000000000000e+04 1.056130219568691020e+00 -9.212045093967884341e-04
4.150200000000000000e+04 1.296544553797803534e+00 -1.149243136949810590e-01
4.151800000000000000e+04 1.297834836560035177e+00 -6.533637504065067936e-02
4.151900000000000000e+04 1.236212492829865228e+00 -4.275317616069918003e-02
4.152000000000000000e+04 1.195605989912798872e+00 -6.868707271342008869e-02
4.152100000000000000e+04 1.125320823081687793e+00 5.986608052625467385e-03
4.152200000000000000e+04 1.155756430961613956e+00 -6.461890290413301041e-02
4.152300000000000000e+04 1.153042439222050630e+00 6.191396445817841376e-02
4.152400000000000000e+04 1.140822053083550003e+00 1.040132718383665958e-02
4.154300000000000000e+04 1.446299542059055199e+00 -6.518969489381496590e-03
4.154700000000000000e+04 1.247010963570598152e+00 -6.108716040461766028e-03
4.155000000000000000e+04 1.217619780476639102e+00 -5.915585228807203333e-02
4.155100000000000000e+04 1.222860756053435916e+00 5.138304572361848677e-02
4.155300000000000000e+04 1.263628304280760117e+00 -3.110998927029182820e-02
4.155400000000000000e+04 1.226247690406111035e+00 -3.613265698663633424e-02
4.157400000000000000e+04 1.170100071842739453e+00 -1.481264477801023244e-02
4.157500000000000000e+04 1.376155379433246395e+00 -7.226048934763681930e-03
4.157600000000000000e+04 1.298464344590817943e+00 -1.264273284287046606e-01
4.157700000000000000e+04 9.929652535986669415e-01 -1.633852173866006396e-01
4.157800000000000000e+04 1.158357555121357407e+00 -1.657501099939667488e-01
4.157900000000000000e+04 1.170972505300339028e+00 -5.677985098401624325e-02
4.158000000000000000e+04 1.271848594027338963e+00 -1.044880315687299055e-01
4.158100000000000000e+04 1.271771666196158890e+00 -6.773710230840815361e-02
4.158200000000000000e+04 1.269600966226293259e+00 -2.028204120338440719e-02
4.171200000000000000e+04 1.879932052854365043e+00 2.165780608870317980e-01
4.174300000000000000e+04 1.052893761939383888e+00 8.721870741914879849e-04
4.174400000000000000e+04 1.117337616588709448e+00 -4.034558130301868495e-02
4.174500000000000000e+04 1.040836607552609649e+00 4.399917884092617582e-02
4.174600000000000000e+04 1.038214162734596657e+00 1.903563836701750375e-02
4.174700000000000000e+04 1.005220572452037553e+00 -1.278711858299787923e-02
4.174800000000000000e+04 1.051058160722010415e+00 3.712244801237772618e-02
4.174900000000000000e+04 1.097449122161998858e+00 3.997168299778729346e-03
4.175000000000000000e+04 1.127845806214159863e+00 5.350544183167415396e-02
4.175100000000000000e+04 1.104116775054840183e+00 -1.528731554530596976e-02
4.175200000000000000e+04 1.064130895655513998e+00 -7.596072434621221892e-02
4.175300000000000000e+04 1.137188853309835990e+00 8.051108447678549662e-02
4.182300000000000000e+04 1.033297809227824215e+00 6.412007643789621389e-03
4.182400000000000000e+04 1.058364105026324609e+00 7.231051861584281149e-02
4.182500000000000000e+04 1.074384526876434931e+00 3.027707776122001010e-02
4.182600000000000000e+04 9.778533040526597997e-01 -9.432608765852443233e-02
4.182700000000000000e+04 1.078687995574078240e+00 -9.551069152394896233e-02
4.182800000000000000e+04 1.069335731522741861e+00 4.585035473950562629e-02
4.182900000000000000e+04 9.951281068795190254e-01 -9.307044557514543293e-02
4.183000000000000000e+04 1.162496410620274645e+00 -4.065043947991393847e-02
4.183100000000000000e+04 1.058462688307621358e+00 2.734082703370639689e-02
4.187700000000000000e+04 9.370907588229279161e-01 1.079277727269166709e-01
4.188300000000000000e+04 1.064627057324260440e+00 -1.167103552900410936e-02
4.189900000000000000e+04 1.267971310276775343e+00 8.871985988301828163e-02
4.195800000000000000e+04 1.045297392488745203e+00 3.188442665639421719e-02
4.197800000000000000e+04 9.617426472056502806e-01 -6.168167641387106021e-02
4.197900000000000000e+04 9.573518673975175419e-01 3.785403869204643709e-03
4.198000000000000000e+04 9.116286121018758459e-01 2.421714163086780350e-02
4.203500000000000000e+04 9.128473670675468776e-01 4.944225076091585125e-02
4.212000000000000000e+04 9.911109632457765217e-01 1.470340566314067010e-02
4.212100000000000000e+04 1.084581014001538390e+00 1.623153362310831016e-01
4.212200000000000000e+04 1.046987605726485748e+00 -3.332897878187136842e-02
4.212300000000000000e+04 1.043044110070581176e+00 7.939853767058886735e-02
4.212400000000000000e+04 9.583216368948246355e-01 9.347757286329352877e-02
4.213300000000000000e+04 9.884625466719940690e-01 -1.997152516520611307e-02
4.213400000000000000e+04 9.709659532766919954e-01 6.286109045188612021e-02
4.213500000000000000e+04 9.922460138588735656e-01 1.222392925731621838e-02
4.215000000000000000e+04 9.757464388394260224e-01 1.236260031852117608e-02
4.215100000000000000e+04 8.964061985074847083e-01 -5.602012605741617940e-02
4.215200000000000000e+04 1.089156220058557389e+00 -2.865783250879317973e-03
4.215300000000000000e+04 9.824092103148779342e-01 7.871387076366095914e-02
4.215400000000000000e+04 9.688368488938704504e-01 -2.201246978220456826e-02
4.215500000000000000e+04 9.840225035172753820e-01 2.208182497299348776e-04
4.215600000000000000e+04 9.367926698495312454e-01 4.400714593572642441e-02
4.215700000000000000e+04 9.175153422347335219e-01 1.211703787765337631e-01
4.215900000000000000e+04 9.619440109623554891e-01 -3.335368309534178510e-02
4.216000000000000000e+04 9.122797903187394031e-01 -7.300784667272028350e-02
4.216100000000000000e+04 9.761349171455422358e-01 -7.021240110321161354e-02
4.219200000000000000e+04 9.219189136549931218e-01 7.567277011805546849e-02
4.221200000000000000e+04 8.818587872639628289e-01 8.265515623051057983e-03
4.221300000000000000e+04 1.022629783385257340e+00 7.882695277306257797e-02
4.221400000000000000e+04 9.804646891856229063e-01 1.053110907617453712e-01
4.221500000000000000e+04 1.079460049106971020e+00 4.778732380772984789e-02
4.221600000000000000e+04 1.067786167404892517e+00 1.056729486082987578e-02
4.221700000000000000e+04 9.456864585268414114e-01 4.059838158771598288e-02
4.221800000000000000e+04 1.049898334610172901e+00 -2.050954209233088812e-02
4.221900000000000000e+04 1.051496658611842827e+00 8.265676401603508361e-02
4.222000000000000000e+04 9.612401918086382890e-01 -2.440914931778602470e-02
4.222100000000000000e+04 1.006721464724284809e+00 5.479337886718065043e-02
4.222200000000000000e+04 1.033354489195889014e+00 3.631865869366021626e-02
4.222300000000000000e+04 9.233913262946061851e-01 3.744828293722429584e-03
4.222400000000000000e+04 1.005644694663276884e+00 -2.640200921410501902e-02
4.222500000000000000e+04 1.017663227282632699e+00 8.486922394253140767e-02
4.223900000000000000e+04 1.123179367826703690e+00 1.754335613135894756e-01
4.224000000000000000e+04 1.030444599686653584e+00 -5.136616135529186063e-03
4.224100000000000000e+04 1.023242486651607663e+00 8.267185653236751308e-02
4.224200000000000000e+04 1.091763694538394169e+00 -3.658677244607988488e-02
4.224300000000000000e+04 1.020221947371663607e+00 -3.060475798963218502e-02
4.224400000000000000e+04 9.889562024758076220e-01 1.749275834429429854e-03
4.224500000000000000e+04 1.061698604885297437e+00 -2.499785549251168013e-02
4.224600000000000000e+04 9.376595083872615310e-01 8.301709178745195206e-02
4.224700000000000000e+04 1.008341009194374971e+00 3.470630207248871085e-02
4.224800000000000000e+04 1.043583961151942407e+00 8.861767068064466124e-02
4.224900000000000000e+04 1.043759873525434756e+00 -7.837917022983965920e-02
4.225000000000000000e+04 9.789880904326987432e-01 -8.569085794599083650e-02
4.225100000000000000e+04 9.024824563220457119e-01 -4.021303522674543607e-02
4.225200000000000000e+04 9.717935305598804918e-01 6.290102424741686460e-02
4.227300000000000000e+04 8.852809214625699807e-01 1.537470965361451281e-01
4.227400000000000000e+04 9.295178982216196761e-01 1.498867289210426695e-02
4.227500000000000000e+04 1.056966195382733620e+00 1.349311919747251398e-01
4.227600000000000000e+04 1.104717844139350813e+00 7.562036241813833992e-02
4.227700000000000000e+04 1.013034343352232192e+00 -4.200349301624246856e-02
4.227800000000000000e+04 9.829532665537606961e-01 -6.848086555996963504e-04
4.227900000000000000e+04 9.570908239169081400e-01 2.407259855391903972e-02
4.228000000000000000e+04 9.361089930003384518e-01 1.761554706890377034e-02
4.228100000000000000e+04 1.002255519721761301e+00 3.101411836531762362e-02
4.228200000000000000e+04 9.487166738834172941e-01 5.815843253746308048e-03
4.228300000000000000e+04 9.766669169889869995e-01 6.551736638305248606e-02
4.228400000000000000e+04 9.602402902175004584e-01 -5.482721559249899984e-02
4.228500000000000000e+04 8.994518219188775143e-01 -6.580640060905205979e-02
4.228600000000000000e+04 8.987292880960930930e-01 3.779864663800163588e-02
4.228700000000000000e+04 9.183311636701581016e-01 3.434033778342563542e-02
4.230100000000000000e+04 1.008248225011536992e+00 -5.360719301986656068e-03
4.230200000000000000e+04 1.033832993465967798e+00 3.309895479986826872e-02
4.230400000000000000e+04 9.781182629979182641e-01 7.277910057875593142e-02
4.230500000000000000e+04 1.020091965804014400e+00 -1.026868893706463642e-01
4.230600000000000000e+04 9.728718902348816311e-01 -4.275313916150198096e-02
4.230700000000000000e+04 9.450980622701147249e-01 -4.022394351310625005e-03
4.231100000000000000e+04 9.960779186939104912e-01 4.720333111490481598e-02
4.231200000000000000e+04 1.034363203961512045e+00 4.194420925266024308e-02
4.231300000000000000e+04 9.389806434914353961e-01 -6.736838273123758880e-02
4.231400000000000000e+04 9.745647829557835262e-01 -2.359158224573116268e-03
4.231500000000000000e+04 9.635051432793673154e-01 -6.180103834015249209e-02
4.231600000000000000e+04 1.046413726946798572e+00 9.988103981490169259e-02
4.232700000000000000e+04 1.124396689590193565e+00 5.023378271508014553e-02
4.232800000000000000e+04 9.770181807525808448e-01 -9.597415282831696370e-02
4.232900000000000000e+04 1.096451259121232091e+00 7.526937291521785915e-03
4.233000000000000000e+04 9.904096638694713794e-01 8.949135647100883717e-02
4.233100000000000000e+04 8.706530219447445873e-01 7.686135840078438253e-02
4.233200000000000000e+04 9.665102389897558544e-01 8.824109027822338303e-03
4.233300000000000000e+04 9.505833251331154976e-01 3.042052917937259487e-02
4.233500000000000000e+04 9.456328750607396749e-01 8.071248533864439079e-02
4.233900000000000000e+04 1.191537137300487270e+00 2.179159118167913189e-01
4.234000000000000000e+04 1.029416791809193654e+00 3.052307151010422506e-02
4.235100000000000000e+04 1.025614887289339139e+00 -2.533012941425018261e-02
4.235200000000000000e+04 1.199070914463879145e+00 5.717616163510337579e-02
4.235300000000000000e+04 1.075727266285826600e+00 -1.467126703914704757e-03
4.235800000000000000e+04 1.111214860150050443e+00 -1.115648672391021841e-02
4.235900000000000000e+04 1.055762361188142595e+00 1.082965407603287272e-01
4.236000000000000000e+04 1.045328941792815991e+00 3.999083122974816940e-02
4.236100000000000000e+04 1.043874347062343277e+00 -2.440728710226434256e-02
4.236200000000000000e+04 1.022160358726095453e+00 -1.703555274399247768e-02
4.236400000000000000e+04 1.005132066131857904e+00 1.014460809847045342e-03
4.245900000000000000e+04 1.434966818903392172e+00 3.784286847643517082e-01
4.261800000000000000e+04 7.484740924248407534e-01 3.840832376972007356e-02
4.261900000000000000e+04 9.594955191450285081e-01 -8.332339878893692264e-02
