8.294600000000000000e+04 8.439439632771837951e-01 2.830393247736517209e-02
8.294800000000000000e+04 8.690838852870444997e-01 -1.871694103347668059e-02
8.296800000000000000e+04 7.357456533236536034e-01 3.577026675958228097e-02
8.297400000000000000e+04 8.490323566106411368e-01 6.556747609656277120e-02
8.297700000000000000e+04 8.500846082774528023e-01 -4.709110768571728167e-02
8.302200000000000000e+04 8.527654086005708178e-01 5.506013886468674040e-02
8.302400000000000000e+04 8.260607102712012040e-01 -1.962999363049255930e-02
8.305300000000000000e+04 8.139635485680556393e-01 -3.547077026107084419e-02
8.311900000000000000e+04 8.067157137295295488e-01 -3.792304319864327200e-02
8.313900000000000000e+04 8.824930422040171418e-01 4.511655404079484982e-03
8.314400000000000000e+04 7.534911747042793984e-01 3.011075777496866057e-02
8.314800000000000000e+04 8.591999092073019373e-01 -2.198384232610191800e-03
8.320500000000000000e+04 7.878638606687364820e-01 2.793491473345221521e-01
8.322500000000000000e+04 9.155299228364961461e-01 -5.558537728669767086e-02
8.322700000000000000e+04 8.395145247980015935e-01 2.302308841558145872e-02
8.323000000000000000e+04 8.108096029208254896e-01 -4.099269280110286184e-02
8.323600000000000000e+04 8.301972136435840088e-01 2.650711485917642274e-01
8.323800000000000000e+04 7.814097103216193219e-01 1.832545154463452175e-01
8.325400000000000000e+04 8.062911319246760522e-01 2.153472572056221168e-01
8.325500000000000000e+04 7.980100105966357882e-01 2.241239764752575858e-01
8.325600000000000000e+04 8.079190801308649972e-01 1.896259045874812144e-01
8.325700000000000000e+04 8.104460958817717442e-01 1.763201441080524678e-01
8.325800000000000000e+04 8.732561476874983741e-01 2.387994168451792465e-01
8.326000000000000000e+04 8.362411206342571512e-01 8.876782083995124473e-02
8.341600000000000000e+04 7.937545122670566222e-01 2.054020742583591574e-01
8.341700000000000000e+04 7.791747332463766496e-01 2.058407354466993411e-01
8.341800000000000000e+04 8.224216814051287239e-01 1.531873734831633860e-01
8.342200000000000000e+04 7.426452122483605534e-01 1.497629653910439174e-01
8.348700000000000000e+04 7.947684057656629886e-01 2.540074184078190966e-01
8.348800000000000000e+04 8.623707723283080551e-01 3.590658414733856052e-01
8.348900000000000000e+04 7.996697577550094804e-01 1.011120067543715972e-01
8.349000000000000000e+04 8.047444917484020133e-01 1.543340217433856465e-01
8.349100000000000000e+04 8.005356804436213336e-01 1.778461302672490474e-01
8.368100000000000000e+04 8.679857936976922428e-01 4.930709746594840598e-02
8.369700000000000000e+04 1.030930577497590095e+00 1.226136887491175026e-01
8.370400000000000000e+04 8.797115312876531146e-01 -6.076442866036054977e-03
8.370900000000000000e+04 8.093018837613004113e-01 -4.711167513308217591e-02
8.372600000000000000e+04 8.808107934324089783e-01 -3.307396610969132178e-02
8.374700000000000000e+04 8.847533964366763870e-01 3.855361644989620945e-02
8.374800000000000000e+04 7.883486743574109612e-01 -4.482690574400394201e-02
8.375000000000000000e+04 8.235032721197738104e-01 1.421327249504774140e-02
8.375100000000000000e+04 8.045817710682107160e-01 -1.682382352600239606e-02
8.378200000000000000e+04 9.214358428034272741e-01 -1.369007190979061117e-03
8.378900000000000000e+04 9.969215523131451651e-01 2.556451211807947779e-02
8.384200000000000000e+04 7.933579396880824364e-01 1.398596702650410292e-02
8.384700000000000000e+04 8.581461806190181507e-01 -2.393174840369547210e-02
8.385300000000000000e+04 7.588120593204773501e-01 7.018743814045379746e-03
8.385400000000000000e+04 8.694129425374835796e-01 4.225888736246634358e-02
8.385500000000000000e+04 8.499800334151281778e-01 2.342749923292358413e-02
8.388200000000000000e+04 8.244181786161570713e-01 2.394999901052661390e-02
8.397700000000000000e+04 8.082596668270407569e-01 -3.151180596571556691e-02
8.406700000000000000e+04 8.386203109247646337e-01 -2.261934724476894615e-02
8.407300000000000000e+04 7.679281155407735593e-01 8.391790695041639880e-02
8.418400000000000000e+04 8.422872579516287317e-01 1.100321325226937333e-02
8.418500000000000000e+04 8.123846719201803790e-01 -1.565081782918249093e-02
8.426500000000000000e+04 8.198213969878199725e-01 -2.963759050721404692e-02
8.444400000000000000e+04 8.039443767708644994e-01 1.480071777691746304e-01
8.444500000000000000e+04 8.924211912000837854e-01 1.313748968495101477e-01
8.444700000000000000e+04 8.472099807142562389e-01 1.173021830014548631e-03
8.444800000000000000e+04 7.960438278985637606e-01 3.558963095248943859e-02
