6.852700000000000000e+04 9.756911277542197336e-01 -3.685769119264831195e-02
6.852800000000000000e+04 9.921239554481459111e-01 -2.962849203664833994e-02
6.852900000000000000e+04 9.021580901141558195e-01 -7.311543464809622250e-02
6.854300000000000000e+04 1.107888066177173725e+00 9.976957090208488088e-02
6.854700000000000000e+04 7.112597526312511853e-01 4.509865782908954041e-02
6.854900000000000000e+04 8.775178034868660326e-01 9.566263965383152088e-03
6.855000000000000000e+04 1.011599697161064793e+00 -1.115292860583211657e-02
6.855100000000000000e+04 8.503252620646161164e-01 2.444580771951824008e-02
6.855200000000000000e+04 9.753443940159782777e-01 -2.456690019789126156e-03
6.857000000000000000e+04 1.094456843893295561e+00 1.575630124919626673e-01
6.857100000000000000e+04 1.076898897370420549e+00 8.712421088846289408e-02
6.857200000000000000e+04 1.088598175339692720e+00 1.073789845539543930e-01
6.857300000000000000e+04 1.104563193186258507e+00 4.375186699935245532e-02
6.857400000000000000e+04 1.043233125382870830e+00 2.569147932672933426e-02
6.857500000000000000e+04 9.747099939379774147e-01 -1.359280723303570547e-02
6.859600000000000000e+04 1.064098547479772172e+00 6.257656116081954101e-02
6.859700000000000000e+04 1.170951566320434400e+00 9.318215579529164072e-02
6.859800000000000000e+04 1.141046764908971056e+00 1.277830084089523754e-01
6.859900000000000000e+04 9.201846197046581466e-01 2.287732362559539989e-01
6.860000000000000000e+04 1.065397626840167922e+00 1.450607083926760410e-01
6.860100000000000000e+04 1.068080335056677432e+00 1.665962252855371362e-01
6.860200000000000000e+04 9.463657761590045236e-01 1.140942762779886170e-03
6.860700000000000000e+04 1.011805175487176633e+00 -4.158900762888252667e-02
6.860900000000000000e+04 1.062093241364116425e+00 -7.164181954182332474e-03
6.861000000000000000e+04 1.026862094978503670e+00 -7.532429499037821691e-03
6.862400000000000000e+04 8.176991803422960503e-01 7.480849836225662852e-02
6.862500000000000000e+04 6.023672453308333008e-01 6.347676071504863848e-02
6.862700000000000000e+04 5.724728020511639093e-01 4.741767130935062302e-02
6.862900000000000000e+04 7.799297293870220971e-01 1.134235350101554622e-02
6.863000000000000000e+04 1.064402802120123059e+00 8.810470169020537257e-02
6.863700000000000000e+04 1.025525762015526032e+00 1.794629145911497414e-01
6.863800000000000000e+04 1.005888388541165579e+00 2.420179729995164675e-01
6.863900000000000000e+04 9.809887757921144091e-01 -6.810430652475792102e-02
6.864000000000000000e+04 1.035458466371818043e+00 2.829361308826394000e-02
6.864100000000000000e+04 1.043974081682077726e+00 1.771391166912994822e-02
6.864200000000000000e+04 1.046882293515142059e+00 -2.149775863622750000e-02
6.864300000000000000e+04 1.045207584864706218e+00 1.650167721356820549e-01
6.864600000000000000e+04 6.715930735981454625e-01 3.479223761077449711e-02
6.865800000000000000e+04 1.018761969283975111e+00 -1.412494670314187566e-02
6.865900000000000000e+04 1.036436297156327901e+00 3.377359584633173820e-03
6.866000000000000000e+04 9.770271176846058170e-01 -6.262731078851935251e-02
6.866100000000000000e+04 1.087616285698137064e+00 -3.368064131552126438e-03
6.866200000000000000e+04 9.151546555647849246e-01 1.118905819144265373e-01
6.866300000000000000e+04 7.194437077266663261e-01 2.300683845764383006e-01
6.866400000000000000e+04 9.894258578883596833e-01 4.046771303566965711e-02
6.867500000000000000e+04 1.037651145737053859e+00 -5.765120682476754244e-02
6.867600000000000000e+04 1.108169966147363628e+00 3.227220084076492385e-02
6.867700000000000000e+04 1.102719856218540517e+00 6.282951400357121574e-02
6.867800000000000000e+04 1.034710029482095894e+00 8.031589498772052915e-02
6.867900000000000000e+04 1.080165435246194905e+00 1.919446205182549769e-02
6.868000000000000000e+04 1.039543308436957192e+00 -3.190233960793341372e-04
6.868500000000000000e+04 1.044233067618447697e+00 -5.607344762187069231e-02
6.868600000000000000e+04 1.060330061662331680e+00 1.056224190406632457e-01
6.868700000000000000e+04 1.069478027577609458e+00 4.552184756720782655e-02
6.868800000000000000e+04 1.083035232595092268e+00 5.055024205529625586e-02
6.868900000000000000e+04 1.029224637923746855e+00 1.585177587599010535e-02
6.876600000000000000e+04 9.946043808030393674e-01 -3.479637177089633937e-02
6.879500000000000000e+04 1.112980500414868734e+00 8.029238140898520282e-02
6.879600000000000000e+04 1.195508193419671850e+00 6.762923737487486209e-02
6.879700000000000000e+04 1.175317008481851166e+00 2.729537762993627936e-02
6.881000000000000000e+04 1.182661614305249964e+00 9.181963834122279511e-02
6.881100000000000000e+04 1.037835280022575635e+00 7.025454903877663415e-02
6.881200000000000000e+04 1.049289144100159499e+00 9.052791112595055811e-02
6.881300000000000000e+04 1.104683036781837435e+00 7.812777673856446947e-02
6.884300000000000000e+04 1.104493247372602127e+00 -8.841595434744865811e-03
6.884500000000000000e+04 9.779424816504386220e-01 -2.481449943616007708e-02
6.884600000000000000e+04 1.041365929793667933e+00 -6.482382123054165890e-02
6.884700000000000000e+04 1.021868554824931774e+00 5.910058206233530925e-02
6.885500000000000000e+04 1.059543426392187238e+00 6.171426210559661368e-02
6.885600000000000000e+04 1.124177688962626487e+00 7.380463841059677066e-02
6.885700000000000000e+04 1.066752958555770014e+00 2.077765780373331816e-01
6.885800000000000000e+04 1.063299107052738446e+00 8.712598735072067668e-02
6.885900000000000000e+04 1.173726408090778772e+00 4.002130813751890448e-02
6.886000000000000000e+04 1.199111668375834716e+00 -9.395976065325171989e-02
6.886100000000000000e+04 1.168723379556660946e+00 4.248723230095844544e-02
6.886200000000000000e+04 1.205250767310932947e+00 -4.323394361457279234e-02
6.886300000000000000e+04 1.003456280876095175e+00 -2.162298564760570252e-02
6.886400000000000000e+04 1.019560267689999966e+00 -6.963954241828727854e-02
6.886500000000000000e+04 1.039760882082768623e+00 -7.561274641605199298e-02
6.886600000000000000e+04 1.023430052398176082e+00 -1.033451852270864287e-02
6.886700000000000000e+04 1.157752827526289163e+00 -6.626805321084484023e-03
6.886800000000000000e+04 1.199452849246011255e+00 1.256165145442516076e-02
6.888400000000000000e+04 9.839342275340579036e-01 -2.939868463267027859e-02
6.889200000000000000e+04 1.073685989791307360e+00 -6.184029481011062146e-02
6.889300000000000000e+04 1.061445248506019068e+00 -3.355568114163307719e-02
6.889400000000000000e+04 1.019377090715599010e+00 3.875646209535297398e-02
6.890400000000000000e+04 1.224274778996472302e+00 8.854088127166123701e-02
6.890500000000000000e+04 1.112840403442218573e+00 -1.562740844685338998e-02
6.891700000000000000e+04 9.756152668752122725e-01 -4.205435310207186750e-02
6.891800000000000000e+04 9.642627092002236111e-01 -3.028434590528662068e-02
6.892200000000000000e+04 8.434616251112311280e-01 -5.894834440132132314e-02
6.892300000000000000e+04 1.131942910171318983e+00 -1.604563101149151724e-02
6.892400000000000000e+04 1.126447397111655535e+00 8.529450847470107511e-02
6.892500000000000000e+04 1.004179099800122099e+00 -9.494112560577565307e-02
6.893700000000000000e+04 9.717402507416258439e-01 -7.193478865217445284e-02
6.893800000000000000e+04 1.111463443967208864e+00 8.184229422253271741e-03
6.893900000000000000e+04 1.130070020556530608e+00 -1.187821343194615104e-02
6.894000000000000000e+04 1.100403416057631034e+00 -2.473005549437742867e-02
6.894900000000000000e+04 1.125974566090983897e+00 1.556713867820048725e-01
6.895000000000000000e+04 1.070219651508272030e+00 5.348626917349601217e-02
6.895100000000000000e+04 1.153667887132918013e+00 -5.072225224138154909e-02
6.895200000000000000e+04 1.186115873170128454e+00 -4.879786047863919618e-02
6.895300000000000000e+04 1.253232642309154432e+00 -2.562555000752950521e-02
6.895400000000000000e+04 1.157321141685913268e+00 -7.266312757404759515e-02
6.895500000000000000e+04 1.092083510951463277e+00 -6.999155159054487596e-02
6.895600000000000000e+04 1.095256491930632459e+00 -4.897891661016107873e-02
6.895700000000000000e+04 1.070603904306834719e+00 -1.243639760806660305e-01
6.895800000000000000e+04 1.157516832304162691e+00 9.211613552828632270e-03
6.895900000000000000e+04 1.202268709412053660e+00 1.913728429910234452e-02
6.896000000000000000e+04 1.104012692680805596e+00 -4.401289102784916064e-03
6.896100000000000000e+04 1.114420174101798500e+00 -5.543591513954815829e-03
6.897500000000000000e+04 1.233963933462140172e+00 -6.033512866952948223e-02
6.897600000000000000e+04 1.185141090839499700e+00 -9.391748814325357256e-03
6.897700000000000000e+04 1.161409948218631527e+00 1.887140311482633087e-02
6.897900000000000000e+04 1.011144919591171254e+00 -4.984948024886808743e-02
6.898000000000000000e+04 9.112946267530860345e-01 -8.776903752883126464e-02
6.898100000000000000e+04 9.464728309205280299e-01 -9.098538665255231916e-02
6.898200000000000000e+04 1.022493532988360876e+00 2.164813241882330291e-02
6.898300000000000000e+04 1.152638883909508527e+00 5.578657932533703095e-02
6.898400000000000000e+04 1.099975961920319767e+00 -7.431673816914748099e-02
6.898500000000000000e+04 1.102770697493848262e+00 -3.303818439915392341e-02
6.899800000000000000e+04 1.207529997227746454e+00 -4.024535023179199450e-02
6.899900000000000000e+04 1.141972804521881990e+00 -9.026950606950851289e-03
6.900000000000000000e+04 1.094247061337361160e+00 -4.129483986499632442e-02
6.900100000000000000e+04 9.969371204783472606e-01 2.730579331254463435e-03
6.900200000000000000e+04 1.048324080956472004e+00 -6.043294685342782968e-02
6.900300000000000000e+04 1.006005818764120097e+00 -7.311203447353593898e-02
6.900400000000000000e+04 1.100044542318352470e+00 -9.274312245609688671e-03
6.900500000000000000e+04 1.129822146370579761e+00 1.649612385793151545e-02
6.900600000000000000e+04 1.123153360217681973e+00 -2.017275351723494745e-02
6.900700000000000000e+04 1.092877346875035460e+00 8.845592534247712253e-04
6.901800000000000000e+04 1.184230050606308815e+00 1.059948015508236849e-02
6.901900000000000000e+04 1.063103332817786795e+00 -1.907422822603334171e-03
6.902000000000000000e+04 1.177985579638790137e+00 -3.311408487284858010e-02
6.902100000000000000e+04 1.008891771608437349e+00 -8.886437371808118824e-02
6.902200000000000000e+04 9.747702991172453313e-01 -6.419365187673960194e-02
6.903500000000000000e+04 1.031750209228257775e+00 -6.582651211061057994e-02
6.903600000000000000e+04 1.108569041553881362e+00 3.993877888314852943e-03
6.903700000000000000e+04 1.149337697036535655e+00 -6.142302055138208067e-02
6.903800000000000000e+04 1.056848214410464282e+00 -4.816488588495473205e-02
6.903900000000000000e+04 1.075879735560950401e+00 -7.520337308998380037e-03
6.904000000000000000e+04 1.120602760333158088e+00 -1.231468152417279855e-03
6.904100000000000000e+04 1.183798242805403911e+00 3.457561039705445149e-03
6.904200000000000000e+04 1.105934389390180961e+00 -8.129772207634715364e-02
6.905500000000000000e+04 9.326606407016257982e-01 -1.590658307667693061e-01
6.905600000000000000e+04 9.766460582959447523e-01 -4.355567300682012394e-02
6.905700000000000000e+04 9.960020763561365786e-01 -9.846031466748719763e-02
6.905800000000000000e+04 1.222441620352152425e+00 8.181374846838733450e-02
6.906000000000000000e+04 1.061713648248509667e+00 2.942429158751760573e-02
6.907100000000000000e+04 1.164844980771899907e+00 -7.575597164610634038e-03
6.907200000000000000e+04 1.125384529271916900e+00 -3.426070760375794777e-02
6.907300000000000000e+04 1.132597086305043854e+00 -2.887397805320322114e-02
6.907400000000000000e+04 1.164229559942729919e+00 1.055417779856204080e-01
6.907500000000000000e+04 1.076618814057200169e+00 -9.952383008623151561e-02
6.911300000000000000e+04 1.058839776704113333e+00 -7.321627472611995369e-02
6.911400000000000000e+04 1.164280796288207576e+00 -1.115037221947823114e-02
6.916500000000000000e+04 1.160257612040128672e+00 2.738175998997987790e-02
6.925600000000000000e+04 9.796655513394142423e-01 -1.041953625106736836e-01
6.938100000000000000e+04 1.049419485690125109e+00 -1.750469020830300966e-03
6.938200000000000000e+04 1.048022549966568517e+00 5.003087455358964236e-02
6.938400000000000000e+04 1.081905885916339072e+00 -2.602306637292513616e-02
6.938500000000000000e+04 1.125618601979541999e+00 -2.346654337799655016e-02
6.938600000000000000e+04 1.091302819897045584e+00 -4.406719624519089135e-02
6.938700000000000000e+04 1.087485402862611750e+00 -4.952641782859172614e-02
6.947000000000000000e+04 1.035787937890335186e+00 2.124428949391850632e-02
6.947400000000000000e+04 1.058310505839453075e+00 1.785530284331935834e-03
6.947600000000000000e+04 1.109170874038152954e+00 -2.789500848528410695e-02
6.947700000000000000e+04 1.055254163597036499e+00 -4.129342898734274236e-02
6.947800000000000000e+04 1.122463891972742545e+00 -9.105121639842510273e-02
6.950000000000000000e+04 8.748922027351001551e-01 3.252929535340212674e-02
6.950400000000000000e+04 1.114719517721820763e+00 1.906700441883212417e-03
6.950500000000000000e+04 1.040090295211061999e+00 -3.527530133905473764e-02
6.950600000000000000e+04 1.055762484800973233e+00 -5.973697015170934682e-02
6.950700000000000000e+04 1.064326975166935751e+00 3.382603089764298077e-02
6.950800000000000000e+04 9.946530384773638600e-01 -1.021293032099050979e-01
6.952900000000000000e+04 1.009090163153065989e+00 5.457213430450087721e-03
6.978800000000000000e+04 1.108370246924652136e+00 7.487882823674851807e-02
6.978900000000000000e+04 1.138905212478895423e+00 -3.582343408590011463e-02
6.979000000000000000e+04 1.092746444910121184e+00 4.719472300609921234e-02
6.979100000000000000e+04 1.285768327734654548e+00 9.414819784155991494e-03
6.979200000000000000e+04 1.280026652811354193e+00 4.788126434442764590e-02
6.982700000000000000e+04 1.107005837772686130e+00 -4.092888011805923681e-02
6.983200000000000000e+04 1.109764565483595034e+00 -1.274785180914718152e-01
6.983300000000000000e+04 1.109263861235602944e+00 -7.172150258574373771e-02
6.983400000000000000e+04 1.085285581299165525e+00 -1.646570898745943756e-01
6.991700000000000000e+04 1.062818156184141216e+00 -4.446796243508189389e-02
6.991800000000000000e+04 1.127007902832476427e+00 3.042293614205569471e-02
6.992100000000000000e+04 1.044497820078827521e+00 -4.744539142610247617e-02
6.992400000000000000e+04 1.120969588744976209e+00 -4.637475867719881989e-02
6.992500000000000000e+04 1.018998913253237326e+00 5.401407750005943892e-02
6.997400000000000000e+04 8.971047272581640364e-01 1.320342570512121269e-02
7.019300000000000000e+04 1.180599602075228516e+00 -1.355176335674045671e-03
7.019900000000000000e+04 1.042090643892798596e+00 -8.117000705575035113e-02
7.030900000000000000e+04 1.163695302380612695e+00 -1.244196300375745474e-02
7.038800000000000000e+04 1.334943158140319497e+00 1.122335672556699637e-01
7.042600000000000000e+04 9.606316103884016133e-01 -2.734979313028353468e-02
7.044500000000000000e+04 7.997498236771661828e-01 -4.498484004904218167e-03
7.044600000000000000e+04 1.083666620443248574e+00 6.916329724343735219e-02
7.044700000000000000e+04 9.602178920526719397e-01 5.368415984378185207e-02
7.046900000000000000e+04 9.694857248418324858e-01 -7.711338693203982630e-02
