4.792000000000000000e+04 1.053940217255515233e+00 2.494228299686890651e-02
4.792100000000000000e+04 9.656658064063535774e-01 -4.037192496063959912e-02
4.792200000000000000e+04 1.123285546855227635e+00 2.316673062373102165e-02
4.792300000000000000e+04 1.060996437011251459e+00 -1.425308095830026857e-02
4.792400000000000000e+04 1.030109302170661101e+00 7.549322097521314612e-02
4.794200000000000000e+04 9.691183971553691823e-01 -1.269897441251625625e-01
4.794300000000000000e+04 1.036649528687994648e+00 -7.763676890583294521e-02
4.794400000000000000e+04 1.022850186222495017e+00 -5.001767546821905830e-02
4.794500000000000000e+04 9.241857632081247331e-01 -7.000540493158982636e-02
4.794600000000000000e+04 1.013446231457496793e+00 -1.226753788055247457e-01
4.794700000000000000e+04 9.702465519111648229e-01 -2.846280372076027965e-02
4.794800000000000000e+04 1.083927326307803529e+00 -1.297126389039845173e-01
4.794900000000000000e+04 1.005505321447673017e+00 -5.751131971273319016e-02
4.795000000000000000e+04 1.079376582689072217e+00 -9.441695710108541362e-03
4.795100000000000000e+04 1.072850842666191573e+00 -1.147771239399260762e-01
4.795200000000000000e+04 1.025594064857647369e+00 -1.335359673500332856e-01
4.795300000000000000e+04 1.080129273421703617e+00 -3.313630740644071121e-02
4.795400000000000000e+04 1.075916758924413408e+00 -5.699994754794900087e-02
4.795500000000000000e+04 1.057876556999089335e+00 -4.952653396437315531e-02
4.795600000000000000e+04 1.154644201612497145e+00 -9.439645163260099170e-02
4.797000000000000000e+04 1.179849810163640322e+00 -5.783273331323549732e-02
4.797100000000000000e+04 1.123408301861216652e+00 -3.053201812417473751e-02
4.797200000000000000e+04 1.090826475011748897e+00 -1.163631569587538633e-01
4.797300000000000000e+04 1.079184993132743520e+00 -5.124144827555356801e-02
4.797400000000000000e+04 1.079482651974416507e+00 -6.433353856117804415e-02
4.797500000000000000e+04 1.037731246491261139e+00 -4.528833157936108800e-02
4.797600000000000000e+04 1.023684367015244456e+00 -1.125009715081973505e-01
4.797700000000000000e+04 1.120314010473942412e+00 -6.759693666010961610e-02
4.797800000000000000e+04 1.187320026192344669e+00 -1.292304274094771555e-01
4.797900000000000000e+04 1.101880763422872445e+00 -1.283685471663393307e-01
4.798100000000000000e+04 1.223789571016959510e+00 -1.294378998953329696e-01
4.798200000000000000e+04 1.173849650905997466e+00 -6.535086790854588434e-02
4.798300000000000000e+04 1.410601519549181893e+00 -1.166911493965699931e-01
4.798400000000000000e+04 1.208729862082950746e+00 -3.121262726943230953e-02
4.800000000000000000e+04 1.422093158706448923e+00 3.762994414675291388e-02
4.800100000000000000e+04 1.162810472967212183e+00 -1.891121520460881666e-01
4.800200000000000000e+04 1.053075696829080643e+00 -6.424502241303871319e-02
4.800300000000000000e+04 1.113970771303697926e+00 -1.061517634298091151e-01
4.800400000000000000e+04 1.196055164357076483e+00 -1.606638092231433557e-01
4.800500000000000000e+04 1.197547555057653312e+00 -1.125465394300586841e-01
4.800600000000000000e+04 1.137656111557812544e+00 -1.487885508529891432e-01
4.800700000000000000e+04 1.050325257121104805e+00 -4.613789039679853932e-02
4.800800000000000000e+04 1.132420655134787735e+00 -1.221035419579738768e-01
4.800900000000000000e+04 1.109294260043936386e+00 -1.460018306948696332e-01
4.801000000000000000e+04 1.145639038763663908e+00 -4.184243846400937522e-02
4.802800000000000000e+04 1.324126208670467264e+00 -8.974513029025742161e-02
4.802900000000000000e+04 1.180021744583619192e+00 -8.903113068972431932e-02
4.803000000000000000e+04 9.620382234760798124e-01 -2.126097995693332077e-01
4.803200000000000000e+04 1.112594988999622725e+00 -2.822421721871834488e-02
4.803300000000000000e+04 1.150147768854999031e+00 -1.027619175610327978e-01
4.803400000000000000e+04 1.056806373050523495e+00 1.197264961090441573e-02
4.803500000000000000e+04 1.228830246814093696e+00 -5.125225228545451928e-02
4.803600000000000000e+04 1.157100888869658784e+00 1.131910710912224609e-02
4.803700000000000000e+04 1.160432378839512113e+00 -7.681512112611738052e-02
4.803800000000000000e+04 1.149001671048797579e+00 4.651704836107443952e-02
4.805300000000000000e+04 1.078815220960169352e+00 -7.946857236323455476e-02
4.805400000000000000e+04 1.128304091244955121e+00 2.364674190403207032e-02
4.805500000000000000e+04 1.254559042877472885e+00 -1.385086345807392538e-01
4.805600000000000000e+04 1.163647446018682530e+00 -5.827574672051679533e-02
4.805700000000000000e+04 1.204117170286876037e+00 -3.513607981218618698e-02
4.805800000000000000e+04 1.122016409557447192e+00 -1.131911628731181035e-01
4.805900000000000000e+04 1.132839699033783010e+00 -1.031179455532746925e-01
4.806000000000000000e+04 1.207199741654479963e+00 -6.213550508235818337e-02
4.806100000000000000e+04 1.170869901619782549e+00 -7.425160465175774382e-02
4.806200000000000000e+04 1.124217297412613004e+00 -1.096577397430705120e-01
4.810700000000000000e+04 1.099793399295097229e+00 -2.274353047413992662e-02
4.810800000000000000e+04 1.186456360989130765e+00 -1.298761920880873166e-01
4.811000000000000000e+04 1.525053376976817976e+00 -1.346173865189209118e-01
4.817200000000000000e+04 1.163962608612032490e+00 -1.144652709476834812e-01
4.817300000000000000e+04 1.098301881484999409e+00 -5.195779037669832900e-02
4.820400000000000000e+04 9.869067414980012831e-01 2.273585329723193729e-02
4.825800000000000000e+04 9.972023737060279336e-01 -4.032854464868782657e-02
4.825900000000000000e+04 9.399791317122975220e-01 -4.582887323696173409e-02
4.826000000000000000e+04 1.036036595164171015e+00 -4.933420047263567532e-02
4.826100000000000000e+04 8.934550491630305347e-01 -8.267492051348519777e-02
4.827300000000000000e+04 1.005192519879506863e+00 3.319478058621896932e-02
4.827400000000000000e+04 9.657100274443988219e-01 -1.283862297531101759e-01
4.827500000000000000e+04 9.932114622471098775e-01 -4.056473659075912619e-02
4.827600000000000000e+04 1.069862018822493877e+00 8.771615426470230625e-02
4.827700000000000000e+04 1.075953752615972370e+00 6.105812982810775863e-02
4.829100000000000000e+04 9.719434647384096460e-01 6.126770905242082815e-02
4.829300000000000000e+04 9.880975564531359057e-01 -7.855757040650301892e-02
4.829400000000000000e+04 9.784216319913006110e-01 -2.425082999477184628e-02
4.829500000000000000e+04 1.109982288996405719e+00 -3.630595484041831272e-02
4.829600000000000000e+04 1.061751572998129500e+00 1.137649756874733326e-01
4.829700000000000000e+04 1.087974006715511477e+00 -1.615408699924247848e-01
4.831300000000000000e+04 1.095607820564532764e+00 1.154896192201741376e-02
4.831400000000000000e+04 9.964079557889941041e-01 -1.187446707715656413e-01
4.831500000000000000e+04 9.585114549246388504e-01 -9.914471975463010067e-02
4.831600000000000000e+04 1.099038180718944435e+00 -4.243181763994226773e-03
4.831700000000000000e+04 1.148473208847227367e+00 1.134011904948631355e-02
4.831800000000000000e+04 1.047376665437414145e+00 -1.426647030297139018e-01
4.831900000000000000e+04 1.097390145162140396e+00 -1.117616921603842642e-02
4.832000000000000000e+04 1.089953276062843424e+00 4.437964661706029351e-03
4.833300000000000000e+04 9.223723817836004812e-01 2.799783603156876313e-02
4.833400000000000000e+04 1.043091349927420142e+00 -3.286479761076000622e-02
4.833500000000000000e+04 1.029243836757146147e+00 -1.418440879930374932e-01
4.833600000000000000e+04 9.734914474855247413e-01 2.324970109435924720e-02
4.833700000000000000e+04 1.150630447447889226e+00 -7.615740897916210839e-02
4.833800000000000000e+04 1.076930372313754214e+00 -3.783151033732525675e-02
4.833900000000000000e+04 1.074848611611471050e+00 4.095606408821935579e-02
4.834000000000000000e+04 1.053063818989566913e+00 -8.778160417592512088e-02
4.834100000000000000e+04 1.018436897544597430e+00 -1.567739173153101517e-02
4.834200000000000000e+04 1.035708767836986954e+00 -5.968006931142805747e-03
4.834400000000000000e+04 9.668729634903121539e-01 5.545921177357943099e-02
4.834500000000000000e+04 1.071577895344435483e+00 2.111991893809171336e-02
4.835200000000000000e+04 8.679884510017304988e-01 -4.144646415817063861e-02
4.835300000000000000e+04 8.768301731576386704e-01 -4.970035741735463752e-02
4.835400000000000000e+04 9.202887563447581520e-01 1.099118023048419601e-01
4.835500000000000000e+04 1.001059626432212912e+00 -1.570445102166816709e-01
4.835900000000000000e+04 1.008414605668685127e+00 -1.229709449859855107e-02
4.836000000000000000e+04 1.046853403942785699e+00 -1.882414696938377804e-02
4.836100000000000000e+04 1.037297190459862017e+00 -2.637417224527939183e-02
4.836200000000000000e+04 1.052858808017303138e+00 -9.581294545510467275e-02
4.838600000000000000e+04 1.015633449968589952e+00 -3.178271054331526999e-03
4.838700000000000000e+04 9.084408812618677276e-01 -1.363380710038574264e-02
4.838800000000000000e+04 9.595507190747297743e-01 -5.553567819084438001e-02
4.838900000000000000e+04 1.130594436808549874e+00 -2.140904285166281631e-02
4.839000000000000000e+04 1.121765757881122427e+00 -3.015648385731321476e-02
4.839100000000000000e+04 1.049974841316270613e+00 -1.810404519700470338e-02
4.839200000000000000e+04 1.118984578479519820e+00 -1.563971716457726244e-02
4.839300000000000000e+04 1.095570740807763288e+00 -8.979721134263325688e-02
4.839400000000000000e+04 1.084014523692416576e+00 -5.352662327851382545e-03
4.839500000000000000e+04 9.978573883474668449e-01 -2.647131608948159048e-02
4.839600000000000000e+04 1.034325707060212096e+00 -2.270498761064053059e-02
4.839700000000000000e+04 9.897077558801442576e-01 -6.328800161051165163e-02
4.839800000000000000e+04 9.401119353154090419e-01 -6.664992902568825373e-02
4.841200000000000000e+04 1.264857984402277813e+00 -7.259745769474013066e-02
4.841300000000000000e+04 1.010432931423904890e+00 -7.983582549883182222e-02
4.841400000000000000e+04 9.470115573539483744e-01 -7.486984687992355447e-02
4.841500000000000000e+04 1.099484766174638306e+00 -5.200496757297097539e-02
4.841600000000000000e+04 1.122426316460923834e+00 -3.348852027296825989e-02
4.841800000000000000e+04 9.920537463037556458e-01 -1.735608206309884050e-02
4.841900000000000000e+04 1.071074773951522507e+00 -1.210498462399799136e-01
4.842000000000000000e+04 1.002526634048913401e+00 2.736409539097199584e-02
4.842100000000000000e+04 1.007749230702744470e+00 -6.577757172829390431e-02
4.842200000000000000e+04 1.010549405360175568e+00 -5.599118518290174817e-02
4.842300000000000000e+04 1.032922629293181682e+00 -3.528697020622723057e-02
4.842400000000000000e+04 9.621172930971672033e-01 -8.083676805970087254e-03
4.842500000000000000e+04 8.884467806398493872e-01 1.387508941290123143e-01
4.842600000000000000e+04 1.259395726743410160e+00 -1.217566301440995216e-02
4.843500000000000000e+04 1.067498129846684130e+00 8.541760059021473450e-02
4.843600000000000000e+04 1.016442812279995778e+00 -9.774566551005686721e-02
4.843700000000000000e+04 9.101083331532576759e-01 -8.193654855339442544e-02
4.843800000000000000e+04 9.899269313871140730e-01 -3.023186799375348482e-02
4.843900000000000000e+04 1.084284215527050010e+00 -6.540609444034917175e-02
4.844000000000000000e+04 1.064715640940411268e+00 -4.511047152826970497e-03
4.844100000000000000e+04 1.025020530220762449e+00 -6.290842780061062234e-04
4.844200000000000000e+04 1.007942974407713077e+00 5.291705817335867756e-02
4.844300000000000000e+04 9.754553944843483704e-01 -4.066028099965709325e-02
4.844400000000000000e+04 1.008904664952742669e+00 -1.520144853407673913e-01
4.844500000000000000e+04 1.017047374627561229e+00 8.228469719080321737e-03
4.844600000000000000e+04 1.050806753239388769e+00 -1.647215041029043842e-02
4.844700000000000000e+04 9.974961248946017101e-01 -4.988292004864895018e-02
4.844800000000000000e+04 1.073515679965920677e+00 -5.868590517118010873e-04
4.844900000000000000e+04 1.040695626816881880e+00 4.505270337369056757e-03
4.845900000000000000e+04 7.989021762697908757e-01 2.348599501160645101e-02
4.846000000000000000e+04 1.037239668548065152e+00 -8.665681426808487242e-02
4.846100000000000000e+04 1.225935088450146537e+00 4.884086413072942327e-04
4.846200000000000000e+04 9.961183828605472135e-01 -7.757001518758943615e-02
4.846300000000000000e+04 9.702379776437727310e-01 -5.220750998894999051e-02
4.846400000000000000e+04 1.090368590656836778e+00 -1.415516981211384535e-02
4.846500000000000000e+04 1.097785175107558020e+00 -3.148010121583304319e-03
4.846700000000000000e+04 1.007624542648440258e+00 -8.074021650482550438e-04
4.846800000000000000e+04 1.076855443550707614e+00 -3.603209503776799716e-02
4.846900000000000000e+04 1.082327545095365551e+00 1.337288893433540363e-02
4.847000000000000000e+04 1.023373329186026304e+00 -1.022300409727448511e-01
4.847100000000000000e+04 1.014308246011482506e+00 5.647538161633355869e-02
4.847200000000000000e+04 1.062126031645025170e+00 -3.382564344971454584e-02
4.847500000000000000e+04 1.053670060935821828e+00 -1.593621650154443056e-02
4.847600000000000000e+04 1.027053511111786888e+00 4.380926459165741110e-02
4.848500000000000000e+04 9.910638702137645195e-01 -8.847448057963624990e-02
4.848600000000000000e+04 1.184700511129985756e+00 -1.129893945873421341e-03
4.848700000000000000e+04 9.891313702907269523e-01 -3.249395534866225677e-02
4.848800000000000000e+04 1.143811324977385357e+00 3.530294897746145966e-02
4.848900000000000000e+04 1.110197003283986072e+00 1.581268383756601406e-02
4.849000000000000000e+04 1.131981281433932063e+00 -1.944564076610398942e-02
4.849100000000000000e+04 1.148890421747342794e+00 -5.195861991058797758e-02
4.849200000000000000e+04 1.054378207860910743e+00 -3.017415587429760071e-02
4.849300000000000000e+04 1.144718570223794085e+00 -4.417000985635511495e-02
4.849400000000000000e+04 1.070679434167481903e+00 -2.717996336179460438e-03
4.849500000000000000e+04 1.122240935143963503e+00 -6.458027163936662374e-02
4.849600000000000000e+04 1.154260135676385524e+00 -5.240528902495074359e-02
4.849700000000000000e+04 9.611606849245313278e-01 7.104829503937797053e-02
4.849800000000000000e+04 1.165699506904118721e+00 -4.571936655970284397e-02
4.849900000000000000e+04 1.111171843286136607e+00 6.031298116088893574e-02
4.850000000000000000e+04 1.115463126494359747e+00 -5.231990477951311419e-02
4.850100000000000000e+04 9.650405857493067341e-01 5.709250059669668947e-02
4.850900000000000000e+04 9.712822276674487609e-01 -8.593786839147365963e-02
4.851000000000000000e+04 9.862105919105537133e-01 -3.694535559869202568e-02
4.851100000000000000e+04 1.007536294823974998e+00 -7.148329551527592141e-02
4.851200000000000000e+04 1.032461788239725342e+00 -5.820468164089355467e-02
4.851300000000000000e+04 1.100671735872119861e+00 -1.609192170145522516e-01
4.851400000000000000e+04 1.056299202155199124e+00 -6.428819255961806811e-02
4.851600000000000000e+04 1.002334051362753886e+00 -8.906040250042246420e-02
4.851700000000000000e+04 1.101018859875187106e+00 -1.200332474052355353e-01
4.853500000000000000e+04 1.014118154438089281e+00 -8.750769982678102688e-02
4.853600000000000000e+04 1.252871665192932804e+00 -1.896889117704212563e-02
4.856500000000000000e+04 1.052584288210639096e+00 -6.101433715711160333e-02
4.856600000000000000e+04 1.224484474938826173e+00 5.567528262808662393e-02
