3.046800000000000000e+04 1.056677039300399690e+00 8.343520130240476840e-02
3.048400000000000000e+04 9.566323508084391136e-01 -8.451641124120692905e-02
3.049000000000000000e+04 9.554007618046486128e-01 -1.671683403546224064e-02
3.049100000000000000e+04 1.159410808590362052e+00 -2.650350293960005918e-02
3.049200000000000000e+04 9.878381704947684083e-01 2.517977033001658066e-02
3.049800000000000000e+04 9.098105942827412473e-01 -5.290549972724534200e-02
3.049900000000000000e+04 9.504788175066060107e-01 7.491453659114993835e-03
3.052500000000000000e+04 1.058690026686063046e+00 -2.377886994341794208e-02
3.052600000000000000e+04 1.564301822128439934e+00 -1.629438587242459102e-01
3.052800000000000000e+04 1.098069049210046444e+00 -7.592542788162982663e-03
3.052900000000000000e+04 1.094729792117055123e+00 -1.693487050986236531e-02
3.053000000000000000e+04 1.070954607330794062e+00 -1.147704412928888112e-01
3.053100000000000000e+04 1.062497856178304279e+00 -4.072921328186063228e-02
3.053200000000000000e+04 1.087748636351588916e+00 1.882947233948713620e-02
3.053300000000000000e+04 1.041410922585843890e+00 -1.566540922129398480e-02
3.053400000000000000e+04 1.070172130845431280e+00 8.797533956811696976e-02
3.055000000000000000e+04 9.568389616083191607e-01 -1.143094150126850450e-01
3.055100000000000000e+04 9.853064292667108592e-01 -3.303462859613693486e-02
3.055200000000000000e+04 1.092612035892940980e+00 -1.174574630324034114e-01
3.055300000000000000e+04 1.003135733241426797e+00 -8.982063473374517215e-02
3.055400000000000000e+04 1.014172890843444419e+00 -2.942316181762198377e-02
3.055500000000000000e+04 1.041443528829273157e+00 -8.006149216207406744e-03
3.055700000000000000e+04 9.447371298839344345e-01 -1.983007094420698169e-02
3.055800000000000000e+04 9.925113914949629246e-01 6.507038742994662034e-03
3.055900000000000000e+04 9.103902548025336605e-01 -4.667507905057015349e-02
3.056000000000000000e+04 8.744279485579858902e-01 -9.444337654767830104e-02
3.056100000000000000e+04 9.168462955251746038e-01 -4.357283779539079804e-02
3.059400000000000000e+04 1.009513821931923516e+00 1.568861500824156319e-02
3.059600000000000000e+04 1.119390509299193814e+00 -1.668742530773594523e-01
3.059700000000000000e+04 1.064974542161333027e+00 2.143054275706177819e-02
3.059800000000000000e+04 1.043946794441543036e+00 -2.041166368808645590e-03
3.059900000000000000e+04 1.052446819376924525e+00 6.133230927690719314e-02
3.060000000000000000e+04 1.046443381693306529e+00 9.257646793336837820e-02
3.060100000000000000e+04 1.013114657642163241e+00 -1.028449044060209504e-02
3.060200000000000000e+04 9.576216714546271769e-01 1.776375629631492259e-02
3.060300000000000000e+04 8.049550620897749642e-01 -9.470148586856029504e-02
3.088900000000000000e+04 1.049208508630694814e+00 -4.897813241154311270e-02
3.089100000000000000e+04 1.080899360906514728e+00 -1.313638203441050700e-01
3.089200000000000000e+04 1.034891251694501246e+00 1.056958167469221471e-01
3.089300000000000000e+04 1.169021566975568804e+00 -1.227647902121435097e-01
3.089400000000000000e+04 1.075605020236302112e+00 -1.650596423209209481e-03
3.090300000000000000e+04 1.030210663499789847e+00 -1.251163210320630770e-01
3.090400000000000000e+04 1.021156591461046093e+00 1.756534566910292194e-02
3.090500000000000000e+04 9.778995089369248994e-01 8.009821347903210709e-02
3.090600000000000000e+04 1.111357626425466760e+00 4.930938242894647439e-02
3.092000000000000000e+04 1.003411352909548970e+00 1.594455824059254623e-01
3.092100000000000000e+04 1.068700781442467385e+00 -6.712562402896503355e-02
3.092400000000000000e+04 1.111575711606456629e+00 3.295980735655450189e-02
3.094400000000000000e+04 9.722845426779753719e-01 -9.008437380974725073e-03
3.094500000000000000e+04 9.943420730146896869e-01 3.908326065242185947e-03
3.094600000000000000e+04 9.429642408524452346e-01 -8.674168811335486451e-02
3.094700000000000000e+04 1.226711597586382929e+00 -8.205829569917248711e-02
3.094800000000000000e+04 1.036597498130300110e+00 1.851678008741905468e-03
3.094900000000000000e+04 1.075091509760372377e+00 -7.987997910710262564e-03
3.095000000000000000e+04 9.507233365854107499e-01 9.571885615479384934e-03
3.095100000000000000e+04 1.000415245565489331e+00 1.693697705009593324e-02
3.095200000000000000e+04 9.128472278190948863e-01 -1.667033331306599919e-02
3.096900000000000000e+04 9.518300952149404415e-01 4.668182185631242903e-02
3.102300000000000000e+04 1.239421781311496051e+00 -1.726995215185014032e-01
3.102500000000000000e+04 1.040690385020501596e+00 -3.556643788705361048e-02
3.102600000000000000e+04 1.029962900986063357e+00 -2.542273015045253687e-02
3.102700000000000000e+04 1.088530079800983152e+00 1.954966879654644260e-02
3.102900000000000000e+04 9.720239536013516313e-01 -2.612440089351905637e-02
3.104300000000000000e+04 9.624225292534085985e-02 -2.241766645108287867e-02
3.104400000000000000e+04 9.204865547072174081e-01 -1.265576646106937320e-01
3.104500000000000000e+04 1.040366423926320172e+00 -6.802646762039218920e-02
3.110300000000000000e+04 6.735527853540733689e-01 -6.323395675725015930e-02
3.110400000000000000e+04 8.120128019183712187e-01 -1.230327081182539667e-01
3.128600000000000000e+04 1.064409742447745888e+00 1.336363923365205091e-02
3.128900000000000000e+04 9.855760991533786264e-01 -1.411303942344716289e-01
3.130100000000000000e+04 1.310890024755156924e+00 -1.922394902143768902e-01
3.131300000000000000e+04 1.062915311396097184e+00 1.179941270899954320e-01
3.131400000000000000e+04 1.044566844094622748e+00 -1.438171286365266290e-02
3.131500000000000000e+04 1.110821131579040388e+00 1.072812701933310853e-02
3.131700000000000000e+04 9.389334937802306102e-01 -5.770238105287173527e-03
3.131800000000000000e+04 1.019437065306487700e+00 -3.139136365316834432e-02
3.131900000000000000e+04 9.610045688805534114e-01 6.016217120747259506e-02
3.132200000000000000e+04 1.041331847228035956e+00 7.572822681925325816e-02
3.132300000000000000e+04 9.574091871114620567e-01 -8.266358793094717716e-02
3.132400000000000000e+04 1.000118542469775162e+00 1.057472498119672588e-01
3.132500000000000000e+04 1.158718252795603698e+00 -1.785775070666656139e-01
3.132600000000000000e+04 1.021076429378880324e+00 1.075490071768394895e-01
3.135000000000000000e+04 1.015010348814314955e+00 1.783308173567790256e-01
3.135100000000000000e+04 1.158004829641881006e+00 1.785373598883487345e-01
3.135200000000000000e+04 1.118104140760291410e+00 1.048955059434137499e-01
3.135300000000000000e+04 1.255975670611876316e+00 2.464598529770084534e-02
3.136000000000000000e+04 9.903263048730631679e-01 -1.789598273583686838e-02
3.138000000000000000e+04 1.000999878321534142e+00 1.877032824139134373e-02
3.138100000000000000e+04 8.924604820963176754e-01 -5.241439008807142336e-02
3.141600000000000000e+04 9.534090844114333496e-01 -4.092272594303120875e-02
3.141700000000000000e+04 9.909825366216652442e-01 -1.386212933432602948e-02
3.142100000000000000e+04 1.143076219046294195e+00 -1.310628683274335238e-01
3.142200000000000000e+04 1.016375327914423643e+00 2.858349040780331154e-02
3.145200000000000000e+04 9.106729073766434146e-01 5.940290414755229620e-02
3.145600000000000000e+04 1.031867236936070187e+00 -3.999214816963418684e-02
3.145700000000000000e+04 1.021828334260908466e+00 -5.387521286863343473e-02
3.145800000000000000e+04 1.002212459369320241e+00 1.383981777919419606e-02
3.145900000000000000e+04 8.615563353790791634e-01 -1.040578784907517096e-01
3.146300000000000000e+04 9.745706722206239903e-01 -7.734482484212383546e-02
3.146400000000000000e+04 9.780420146540570459e-01 -3.200771041364959546e-02
3.149200000000000000e+04 9.781289285245645670e-01 -4.546242455772561697e-02
3.149700000000000000e+04 1.099851687619247009e+00 -3.952610863077311854e-02
3.149800000000000000e+04 9.586802531566992469e-01 -7.680432912476130303e-02
3.150000000000000000e+04 9.970319749008537125e-01 1.494321161062059367e-02
3.150100000000000000e+04 9.484347084714493947e-01 -6.923547327303601617e-02
3.150400000000000000e+04 1.243701953832859530e+00 -1.276068347821443516e-02
3.150500000000000000e+04 9.468900263878394785e-01 -3.791749035271704815e-02
3.152900000000000000e+04 1.018254843392791154e+00 -5.902822455686383002e-02
3.153000000000000000e+04 1.093305114589808280e+00 2.692885685735213301e-03
3.153100000000000000e+04 1.075437585491285208e+00 2.404216549255468877e-02
3.153200000000000000e+04 8.729711843117471393e-01 -2.528936701661092454e-02
3.157500000000000000e+04 9.761166490409555196e-01 -8.542347208987157922e-03
3.157600000000000000e+04 8.659559768143324510e-01 -9.057621437807113207e-02
3.159100000000000000e+04 9.357074052391735064e-01 3.014901440187777240e-02
3.159200000000000000e+04 8.045157034481876801e-01 -5.747918358643916426e-02
3.161700000000000000e+04 1.048504963258906297e+00 1.206156291596197777e-02
3.161800000000000000e+04 1.026187107350470473e+00 4.949911928146931428e-02
3.161900000000000000e+04 1.020568249798056160e+00 3.722666373297309900e-02
3.166000000000000000e+04 1.038485096669178320e+00 3.114925380668921717e-02
3.166300000000000000e+04 7.658818080923318616e-01 -8.311727885770843482e-02
3.166700000000000000e+04 1.013147675837259731e+00 7.178798833837059246e-02
3.166800000000000000e+04 9.598153920878056411e-01 -3.973100455217816462e-02
3.169300000000000000e+04 8.004410485282100751e-01 -7.905480064350481340e-02
3.169400000000000000e+04 8.199962658759233358e-01 -7.019589684305867217e-02
3.169700000000000000e+04 1.222923704106918530e+00 1.805678630705477225e-02
3.169800000000000000e+04 9.856200062133065876e-01 3.932017897821449282e-02
3.170000000000000000e+04 9.354176124847949358e-01 -3.775787021933055265e-02
3.172300000000000000e+04 1.019055406381304207e+00 2.747657827612188120e-03
3.172400000000000000e+04 9.900554560020405903e-01 3.320250475281707331e-02
3.172600000000000000e+04 8.542337650095187529e-01 -3.219764828229667447e-02
3.175300000000000000e+04 9.840678908113157375e-01 5.111454027818322643e-02
3.175400000000000000e+04 1.044452251383243935e+00 -9.437912932684793671e-03
3.175500000000000000e+04 9.732263596576803399e-01 -2.781740744710601426e-02
3.175600000000000000e+04 9.037352960884968978e-01 -3.065894991519086538e-02
3.175800000000000000e+04 8.861498651707429008e-01 -6.393236316668486630e-02
3.175900000000000000e+04 9.670950756246130542e-01 9.199577290620377171e-03
3.176000000000000000e+04 1.046483636616823754e+00 3.591484532987847950e-02
3.176100000000000000e+04 1.015105261300342399e+00 5.339301414566136744e-02
3.178400000000000000e+04 9.260462286520323438e-01 -4.476508739832323752e-02
3.178500000000000000e+04 9.379367561866083225e-01 -1.564979092214753217e-02
3.179800000000000000e+04 9.269271100027310917e-01 -2.006770009580340769e-02
3.179900000000000000e+04 6.365719134717527927e-01 -2.165677765764969231e-01
3.211500000000000000e+04 8.849841466050999417e-01 1.041150606387549055e-01
3.211600000000000000e+04 1.072302059776323757e+00 -2.502118108628483602e-03
3.231700000000000000e+04 1.030448584764136255e+00 1.551860758008168362e-01
3.231800000000000000e+04 1.032979489722969824e+00 8.040445717188140703e-03
3.231900000000000000e+04 8.604396706402756001e-01 -5.777615912069197085e-02
3.232000000000000000e+04 8.341859912135251021e-01 -9.064937193542446647e-02
3.234000000000000000e+04 1.033214480054540862e+00 -5.358436628434751561e-03
3.234300000000000000e+04 1.013359177736022021e+00 1.539079918472619768e-01
3.234400000000000000e+04 1.055850673261977235e+00 -1.066319341646010388e-01
3.234500000000000000e+04 9.240402321823955045e-01 -8.550645281849518498e-02
3.234600000000000000e+04 8.205180023252981458e-01 -7.610982643684571780e-02
3.234700000000000000e+04 9.048136939960288450e-01 -4.402391569113936476e-02
3.234800000000000000e+04 9.825305402352640938e-01 4.672960490883786011e-02
3.236600000000000000e+04 1.009050542160974784e+00 -5.327906034123786050e-02
3.236800000000000000e+04 1.001482757934120338e+00 1.299865161405618363e-01
3.236900000000000000e+04 1.100779229607168563e+00 1.490918842356602214e-01
3.237000000000000000e+04 1.074514939332670949e+00 5.165165572116723475e-02
3.237100000000000000e+04 1.062769728920953005e+00 -1.847160227046863029e-02
3.237200000000000000e+04 1.005605942771612860e+00 -5.810204044514721833e-02
3.237300000000000000e+04 9.837955750439096869e-01 -9.428093802682026986e-03
3.239800000000000000e+04 1.069678626573970837e+00 -3.951270099447234951e-03
3.239900000000000000e+04 1.009316013101289045e+00 9.499713506357139459e-02
3.240000000000000000e+04 1.150343785765886029e+00 1.442265384987426458e-01
3.240100000000000000e+04 1.075347495015294363e+00 7.163781002575983492e-02
3.240200000000000000e+04 1.074622675566992536e+00 1.098370705289086480e-01
3.240500000000000000e+04 1.089715115307693827e+00 1.188158603976828265e-01
3.240600000000000000e+04 1.031010465235618456e+00 5.709020416919855651e-02
3.240700000000000000e+04 1.044669634911435274e+00 7.175698437930284890e-02
3.240800000000000000e+04 1.111301431221246583e+00 9.341228889067855479e-02
3.242500000000000000e+04 1.148243769060658170e+00 5.281394985865481978e-02
3.242600000000000000e+04 1.043276741439153055e+00 2.876235659262586439e-02
3.242700000000000000e+04 1.174860118424518429e+00 4.199419143455106890e-02
3.242800000000000000e+04 1.079735870971774592e+00 -5.381201152853448688e-02
3.242900000000000000e+04 1.085757095770119252e+00 -2.591212249596632974e-02
3.243000000000000000e+04 1.110490063013036766e+00 1.256382691921483635e-02
3.243800000000000000e+04 1.104702661363508476e+00 1.390181811554278557e-01
3.244000000000000000e+04 1.025611146107831217e+00 3.534384423768525962e-02
3.244100000000000000e+04 1.048165736528516190e+00 -2.476315878009382673e-02
3.244200000000000000e+04 9.489495792438912281e-01 -6.340985129527158815e-02
3.244900000000000000e+04 1.096980587894024639e+00 -3.326509621897025953e-02
3.245000000000000000e+04 1.086798236377321647e+00 -4.259929226188558654e-02
3.245100000000000000e+04 1.179917054177223035e+00 7.423008991943232104e-02
3.245200000000000000e+04 1.133260627746438098e+00 -5.203138593549884450e-02
3.245300000000000000e+04 1.093042548976813855e+00 3.317395832973976666e-02
3.245400000000000000e+04 1.109389346625150541e+00 1.152282248355777916e-02
3.245800000000000000e+04 1.082923609242050000e+00 1.124117077710175688e-01
3.245900000000000000e+04 1.102163918599213588e+00 -7.543934995360232140e-03
3.246300000000000000e+04 1.002449123834187716e+00 8.359907302432212362e-02
3.246400000000000000e+04 1.075132544653180311e+00 5.018763415707924030e-02
3.246500000000000000e+04 9.936958543042400116e-01 -2.662210305662098681e-02
3.246600000000000000e+04 9.555986467589756561e-01 1.212423708085141709e-02
3.246700000000000000e+04 9.577857389025978829e-01 -4.509758882080541417e-03
3.246800000000000000e+04 7.992296183356177863e-01 8.305136945178839131e-05
3.248100000000000000e+04 1.028321462377092654e+00 -1.381714497880774835e-02
3.248200000000000000e+04 1.166021034635504661e+00 8.307405438952883414e-02
3.248300000000000000e+04 9.389813241993462123e-01 -5.951122328038186554e-02
3.248400000000000000e+04 9.864484386811549488e-01 -7.061830186068523973e-02
3.248500000000000000e+04 1.035196685098668246e+00 1.243707590167197376e-02
