6.167600000000000000e+04 1.082968720606543478e+00 4.679295791521230485e-02
6.168900000000000000e+04 9.065399033211369861e-01 1.172702585826548155e-01
6.169000000000000000e+04 1.139254994686731193e+00 1.527715469648622260e-01
6.169100000000000000e+04 1.007709154720361155e+00 7.599985619882872190e-02
6.169200000000000000e+04 1.013276575372241917e+00 1.532038937015776491e-03
6.170200000000000000e+04 1.086348902090292556e+00 1.215622271239395202e-01
6.170300000000000000e+04 1.073990052636336401e+00 1.393326132093856695e-01
6.170400000000000000e+04 9.916429661840255871e-01 8.429255856697158433e-02
6.170500000000000000e+04 1.117080324173111761e+00 6.649680212387532041e-02
6.175000000000000000e+04 1.025928385740469517e+00 6.934769168131213468e-02
6.175100000000000000e+04 1.020343878144423844e+00 2.018149732325099852e-02
6.175200000000000000e+04 1.030981047223064051e+00 3.145319532512972499e-02
6.176300000000000000e+04 1.010748152125670929e+00 -3.201690648023279573e-02
6.178300000000000000e+04 9.439042157218401341e-01 3.096240064016126878e-02
6.179000000000000000e+04 1.087508140249496380e+00 5.845443257997327141e-02
6.179100000000000000e+04 1.287130042998730461e+00 1.142523984230181533e-01
6.180200000000000000e+04 1.299842952493436066e+00 8.962379679414188283e-02
6.180300000000000000e+04 1.199568979595815765e+00 4.122451158582918218e-02
6.185200000000000000e+04 1.143478738863191735e+00 2.152030223700294315e-02
6.185300000000000000e+04 1.249111868161812522e+00 1.240102712082110648e-01
6.185400000000000000e+04 1.056013982939896234e+00 1.642897306096003512e-02
6.186600000000000000e+04 1.105159425902624948e+00 5.634362085263970588e-02
6.186700000000000000e+04 1.111095838116184620e+00 6.584409077368022500e-02
6.200000000000000000e+04 6.719363125882155119e-01 1.149531186475886806e-02
6.200100000000000000e+04 6.843458537432605127e-01 5.790577869427016022e-02
6.205600000000000000e+04 1.027633403936199619e+00 5.759356198054956660e-02
6.205700000000000000e+04 7.469605098996777715e-01 2.388908703809311876e-02
6.205800000000000000e+04 1.089360401147897672e+00 7.608386475854403419e-02
6.205900000000000000e+04 1.113535803985911121e+00 9.294608871819885765e-02
6.206000000000000000e+04 9.259410272383217233e-01 1.540889024388384862e-02
6.206100000000000000e+04 1.035548706290211562e+00 1.519522855001902324e-02
6.211500000000000000e+04 9.792455090938355644e-01 -4.069829013494715569e-02
6.211600000000000000e+04 9.599026853820888938e-01 -4.135798158415573272e-02
6.213500000000000000e+04 9.864132218978705069e-01 -8.475372324820838743e-02
6.356700000000000000e+04 9.461771850193846367e-01 5.720381783147521909e-02
6.356800000000000000e+04 9.301834497980475680e-01 -1.346455600980567269e-02
6.357000000000000000e+04 9.473217359096849366e-01 2.454214249068930112e-02
6.360700000000000000e+04 9.490554857169772873e-01 6.886009643925111723e-02
6.360800000000000000e+04 1.040614197605589375e+00 7.273468793560307344e-02
6.362100000000000000e+04 1.030477006501454129e+00 2.853020439488541948e-02
6.364300000000000000e+04 9.572332129546717860e-01 -4.690111463872726622e-02
6.371100000000000000e+04 9.559968177447106807e-01 -3.327317278724548771e-02
6.371500000000000000e+04 9.257106580465656043e-01 2.462762843939302407e-03
6.371600000000000000e+04 9.696408066047941254e-01 2.079367401576121335e-02
6.371700000000000000e+04 9.178113346822193153e-01 2.659335786526883637e-04
6.374100000000000000e+04 9.339758351336455711e-01 -2.679225599995008547e-02
6.374200000000000000e+04 9.961824939755258290e-01 5.653413281541691537e-02
6.374900000000000000e+04 1.000845342343324118e+00 3.213479937152565608e-02
6.375000000000000000e+04 9.834239940893120258e-01 5.288606667485917789e-02
6.377900000000000000e+04 9.946625409512357407e-01 1.678799943962081265e-01
6.378400000000000000e+04 9.966418460125083811e-01 5.679267986053087268e-03
6.378500000000000000e+04 9.055733083467758515e-01 1.915254149305738868e-02
6.378700000000000000e+04 9.234381827046009850e-01 -6.431714436474228469e-02
6.380700000000000000e+04 1.004906643689918333e+00 -4.591458624259627148e-03
6.380800000000000000e+04 9.917899354449687399e-01 -1.023917688289783731e-02
6.383700000000000000e+04 9.613339561712174186e-01 -6.417906102708358660e-04
6.399500000000000000e+04 1.019299925780089211e+00 -1.011407472419205422e-01
6.407300000000000000e+04 8.486473810947168239e-01 1.505636572060987943e-02
6.411900000000000000e+04 1.082204219062848916e+00 -5.085612610393371036e-02
6.412000000000000000e+04 1.058778894624470057e+00 -4.943106007767298499e-02
6.412600000000000000e+04 9.509961970448100876e-01 -1.769491041264600016e-03
6.417600000000000000e+04 1.005386412871596358e+00 2.542173087951473676e-01
6.417800000000000000e+04 9.877970567432718951e-01 8.718681171721498480e-02
6.443000000000000000e+04 9.979007953054613855e-01 8.317285213909807184e-02
6.443100000000000000e+04 1.052583904516380064e+00 1.790815248326652759e-02
6.443200000000000000e+04 1.065368314417416418e+00 2.811163722291623590e-02
6.443700000000000000e+04 1.036055335736084881e+00 -1.099295382611370324e-02
6.446200000000000000e+04 9.338694724984231144e-01 6.754619189719840433e-02
6.446300000000000000e+04 1.011612616367033812e+00 8.179754781080686432e-02
6.446900000000000000e+04 8.741672511345642826e-01 4.059376028423626603e-02
6.447000000000000000e+04 6.646564341787860597e-01 -3.050473489289311224e-02
6.447100000000000000e+04 6.151342786338168667e-01 3.063414447355260542e-02
6.450100000000000000e+04 1.008400759689181081e+00 -2.233259069885625350e-02
6.450200000000000000e+04 9.630267838845529837e-01 -3.544205383711732799e-02
6.450300000000000000e+04 9.819504617328752571e-01 6.369142120085044545e-02
6.452600000000000000e+04 9.709656668923908329e-01 7.607192551874053521e-02
6.452800000000000000e+04 1.062050515601072886e+00 -3.724440126483975939e-03
6.452900000000000000e+04 9.660766221514591745e-01 -7.954047404302656138e-03
6.453000000000000000e+04 9.041792281524453356e-01 6.062567050472254457e-03
6.473800000000000000e+04 8.603476615249533443e-01 -1.346083407919146380e-02
6.473900000000000000e+04 9.334458867901960222e-01 5.131652679250116311e-02
6.480600000000000000e+04 9.531508475659351554e-01 8.334241294432678804e-03
6.480700000000000000e+04 1.006779583511770548e+00 7.307326703621278008e-02
6.485900000000000000e+04 1.012879785688892476e+00 2.054692541083423529e-02
6.486000000000000000e+04 1.068876303574022524e+00 7.212311828615620979e-02
6.486300000000000000e+04 1.120887581533652755e+00 2.286702207884565990e-02
6.486400000000000000e+04 1.040550502394627985e+00 -9.480783713390171161e-03
6.486500000000000000e+04 9.905328947895564173e-01 -4.557464538338754090e-02
6.489700000000000000e+04 9.559596605287128401e-01 -2.140101405423119885e-02
6.489800000000000000e+04 9.045932437403169102e-01 5.912642977631952373e-02
6.490100000000000000e+04 1.105544190384077696e+00 -1.171570707912486173e-02
6.490200000000000000e+04 1.040986502576143780e+00 -5.401551243780654266e-02
6.490300000000000000e+04 9.850715696211247430e-01 -5.010250997103454437e-03
6.492700000000000000e+04 9.229939683068035805e-01 -2.366071371114357100e-02
6.493100000000000000e+04 9.910029016502664989e-01 -9.655249987554948704e-03
6.493200000000000000e+04 1.037308115682934240e+00 2.274008897015189490e-02
6.493300000000000000e+04 1.006307283989299028e+00 -1.656071848499402269e-02
6.498700000000000000e+04 1.047036438953386162e+00 9.332776729314447295e-02
6.499100000000000000e+04 1.012058872716331548e+00 -1.507153996437004054e-02
6.499300000000000000e+04 1.005022155029253517e+00 -2.999097995967577555e-03
6.500000000000000000e+04 9.881428168079623431e-01 -8.207115619694144160e-02
6.500100000000000000e+04 1.043824703549156796e+00 -1.487912188589918510e-03
6.502200000000000000e+04 1.037900210480583230e+00 -2.409353169620435248e-02
6.502300000000000000e+04 1.063293143217213688e+00 9.731677251726196954e-04
6.503100000000000000e+04 1.020254216891862686e+00 -4.848718534204509573e-02
6.503200000000000000e+04 1.057862768218055471e+00 -5.061611324299150616e-03
6.503300000000000000e+04 1.043485002347593671e+00 3.453589744382158655e-02
6.503400000000000000e+04 8.251706653320477480e-01 -1.262623222823829328e-01
6.505100000000000000e+04 9.128380049450484091e-01 6.728220681255572821e-02
6.505500000000000000e+04 1.023945137599391986e+00 3.174552704884148202e-02
6.505600000000000000e+04 9.961590121947276888e-01 1.579165038250549824e-01
6.505700000000000000e+04 1.126474721785369670e+00 1.250811112164844641e-01
6.505800000000000000e+04 1.033187698603192928e+00 1.112321598056531351e-02
6.505900000000000000e+04 1.093197608968687451e+00 9.876267390150475500e-02
6.506500000000000000e+04 1.031016796838744476e+00 3.378399030862997560e-02
6.506600000000000000e+04 1.043567758391322986e+00 2.046036099391141186e-02
6.508600000000000000e+04 1.043418132056179948e+00 1.137892007591399801e-01
6.508700000000000000e+04 1.062835634674582419e+00 5.523672802204190879e-02
6.508800000000000000e+04 8.434603820996260382e-01 5.689634613496737103e-02
6.508900000000000000e+04 1.111209399803080311e+00 7.017682464727037495e-02
6.509000000000000000e+04 1.024728618894897192e+00 -1.306304395213583533e-02
6.509200000000000000e+04 9.651514973461242652e-01 1.263123375696237338e-01
6.509300000000000000e+04 9.739716688815798218e-01 5.546235228994864097e-02
6.509400000000000000e+04 8.970122625556616880e-01 1.156310877482798621e-01
6.509500000000000000e+04 9.751228317835035631e-01 1.012098216454508370e-01
6.510000000000000000e+04 9.079150331894103587e-01 6.732951580178996032e-03
6.510100000000000000e+04 9.530258794711772286e-01 -2.005888143629154519e-02
6.510500000000000000e+04 1.012910613549957928e+00 4.099383089650237427e-02
6.512800000000000000e+04 1.084948007349067378e+00 8.735002029593233464e-02
6.513000000000000000e+04 1.044570901431177701e+00 4.254851323174142080e-02
6.513100000000000000e+04 1.148258616923229170e+00 1.035920960394946522e-01
6.513200000000000000e+04 1.037657968748100457e+00 -7.708846330343317732e-02
6.513400000000000000e+04 9.825374331865786015e-01 1.692410211632701389e-02
6.513500000000000000e+04 9.939405822296796256e-01 8.147954591746658926e-02
6.514000000000000000e+04 9.745244144566692635e-01 -2.149939049485109430e-02
6.514100000000000000e+04 8.402128748558097548e-01 -1.225650921620011630e-01
6.514200000000000000e+04 1.057327881808913572e+00 3.153219608825210546e-02
6.514300000000000000e+04 1.034420485679914403e+00 7.320634072810200399e-02
6.514400000000000000e+04 1.134502463868961142e+00 1.333392135974340031e-01
6.517000000000000000e+04 1.043749814535837039e+00 1.184511931888521247e-01
6.517100000000000000e+04 9.395721454259771122e-01 5.387598162545897962e-02
6.517200000000000000e+04 1.039967074905639333e+00 -9.945424509369927765e-03
6.517900000000000000e+04 1.010687740720503713e+00 -1.743115200404025608e-02
6.518000000000000000e+04 1.033909228307247741e+00 1.120104754010004533e-01
6.518100000000000000e+04 1.031476188100336699e+00 -7.254055519638023808e-02
6.521600000000000000e+04 1.017866444743225962e+00 1.071508631297178951e-02
6.521700000000000000e+04 1.061116265789509905e+00 -3.864052777701354902e-03
6.521900000000000000e+04 1.052959023037295605e+00 8.492051353958847415e-02
6.522000000000000000e+04 1.040561727713354534e+00 2.980545490487315763e-02
6.522100000000000000e+04 1.095456945741162480e+00 1.170700461621948935e-01
6.525000000000000000e+04 9.491261813222562349e-01 5.554756385925829071e-02
6.525100000000000000e+04 9.083326085947177608e-01 -1.844754971710298869e-02
6.539800000000000000e+04 1.063307904397006620e+00 5.287369687917690270e-02
6.539900000000000000e+04 1.049861222023938501e+00 -5.521107520015318924e-03
6.540000000000000000e+04 1.031212552580984987e+00 -1.600414926834561446e-03
6.542600000000000000e+04 9.632230772572618616e-01 1.075842817855376986e-03
6.542700000000000000e+04 1.129695760508557578e+00 2.800738143216530487e-02
6.542800000000000000e+04 1.152669428945476415e+00 2.655008916203924554e-02
6.542900000000000000e+04 1.029810748507433038e+00 1.791320740435928954e-02
6.543000000000000000e+04 1.057047723467662736e+00 2.539521611792147637e-02
6.543200000000000000e+04 1.042038714818724454e+00 1.112882700168704199e-02
6.543300000000000000e+04 1.089858119155781457e+00 -6.965470429308712186e-02
6.543400000000000000e+04 1.022318573007492848e+00 -1.807927258198594178e-01
6.543500000000000000e+04 9.531418350108870063e-01 -5.034169630586820404e-02
6.545100000000000000e+04 1.101820700172372325e+00 6.958878745194744392e-03
6.545200000000000000e+04 9.314216055121579130e-01 -8.123278416005798308e-02
6.545300000000000000e+04 9.509913660519934142e-01 -9.364987896344418791e-03
6.545400000000000000e+04 8.419458487529061230e-01 -1.302737718427280089e-01
6.545600000000000000e+04 9.371039560391593026e-01 -6.999943096840261295e-03
6.545700000000000000e+04 1.027458645298265694e+00 -6.218820576379203817e-03
6.545800000000000000e+04 9.684855417305590075e-01 -9.609418087637446038e-02
6.547400000000000000e+04 9.514447519184945357e-01 -7.424582671014731683e-02
6.547500000000000000e+04 9.470925970030211749e-01 -1.335430294827391964e-02
6.547600000000000000e+04 8.814328758846492473e-01 -1.047108348455448729e-01
6.550500000000000000e+04 8.503362681775191723e-01 1.042294558820173501e-02
6.550600000000000000e+04 9.580908216477864725e-01 -2.909152009487730658e-02
6.553400000000000000e+04 1.319911519109422837e+00 5.011707051464100310e-02
6.553500000000000000e+04 1.008883012114965005e+00 1.137530109348482664e-02
6.565100000000000000e+04 1.126493018246408573e+00 1.267746927926330543e-02
6.568400000000000000e+04 9.708498657517108388e-01 5.094253673084556816e-02
6.570300000000000000e+04 1.098612193136271564e+00 1.289107058428940189e-01
6.573000000000000000e+04 1.045999215480796884e+00 4.003564535443834838e-02
6.575400000000000000e+04 1.243349356770749647e+00 3.702566886406363778e-02
6.662300000000000000e+04 1.130466259959792996e+00 9.352508491669582480e-03
6.662400000000000000e+04 1.061193167236966772e+00 -5.392711450488336250e-02
6.662500000000000000e+04 1.161215253423588001e+00 1.547696497763203539e-02
6.662600000000000000e+04 1.050352170860212153e+00 -1.153369073770872388e-01
6.662700000000000000e+04 1.038847180090944011e+00 -2.114443899601082394e-02
6.662800000000000000e+04 1.073910247775367033e+00 -4.492628822332208477e-02
6.665000000000000000e+04 1.110059975736417348e+00 -1.387021109893181170e-01
6.665100000000000000e+04 1.094724216062806788e+00 -3.239385411783950175e-02
6.665600000000000000e+04 1.079546935225580873e+00 3.456867965760564154e-02
6.667400000000000000e+04 1.037349779184628895e+00 4.292372855544588500e-02
6.667500000000000000e+04 1.088996506198631753e+00 -3.468345963370422780e-02
6.667600000000000000e+04 1.014539026513848530e+00 -3.834612335831995289e-02
6.667700000000000000e+04 1.434962324837139036e+00 2.755515973163878002e-02
6.667800000000000000e+04 1.085514561756173224e+00 -5.187927533407276498e-02
6.667900000000000000e+04 1.091236139853960729e+00 -3.658895896365484124e-02
6.668000000000000000e+04 1.057751896692010973e+00 3.291962997424165843e-02
6.668100000000000000e+04 9.159677483909121065e-01 1.025022479761787675e-02
