3.585700000000000000e+04 8.949102430506352679e-01 7.425599326110274290e-02
3.585800000000000000e+04 8.613581500838115579e-01 -5.340519242590156465e-03
3.585900000000000000e+04 7.500044845363192936e-01 -6.888278620396380558e-02
3.586000000000000000e+04 8.136764461512676627e-01 -9.195291026998916872e-02
3.586100000000000000e+04 8.063574897386419638e-01 -3.984959679506550750e-02
3.587800000000000000e+04 8.586825225651997240e-01 -2.570000785712446903e-02
3.588000000000000000e+04 8.646108795673058678e-01 1.920398940241550001e-01
3.588200000000000000e+04 7.969024727567314281e-01 1.060741348219353397e-01
3.589200000000000000e+04 8.019193755114218947e-01 9.570518365986789566e-02
3.589300000000000000e+04 8.563287032285580302e-01 2.488936654580944929e-01
3.589400000000000000e+04 8.546429771245731555e-01 1.950014378984112062e-02
3.589500000000000000e+04 7.232445721435175612e-01 5.505577379418946996e-03
3.589600000000000000e+04 7.421688757487885368e-01 -1.882309125863256688e-02
3.589900000000000000e+04 9.822911966632720260e-01 1.786056740948193111e-01
3.590000000000000000e+04 8.848119646349814627e-01 -2.800106609742025049e-02
3.593200000000000000e+04 9.321784313416832113e-01 6.051552157403820853e-02
3.593300000000000000e+04 9.008932568396003093e-01 1.677750543913562042e-01
3.593400000000000000e+04 6.754869359771170645e-01 -5.233986396157588178e-02
3.593600000000000000e+04 8.775150128198220267e-01 8.772763415146488108e-02
3.593700000000000000e+04 9.200815509205528819e-01 1.528785294462929774e-02
3.593800000000000000e+04 8.555543285675373255e-01 1.607704885052368970e-01
3.593900000000000000e+04 7.948366932245573002e-01 -3.688376593900869610e-02
3.594000000000000000e+04 9.416557027422206572e-01 8.033990257272580204e-02
3.594100000000000000e+04 7.015475669446352702e-01 -8.309336622614552081e-02
3.594700000000000000e+04 9.642226298630530712e-01 3.690419242616841539e-02
3.594800000000000000e+04 9.459584764370425614e-01 1.225874916111918539e-01
3.594900000000000000e+04 9.218269100968532470e-01 2.523201429257832668e-02
3.595000000000000000e+04 8.274872837800286707e-01 -6.197209836762603008e-02
3.595100000000000000e+04 7.923616442674917826e-01 -5.670384850406543636e-02
3.595200000000000000e+04 8.499743222688659339e-01 -4.097092986553955291e-02
3.595300000000000000e+04 8.977464111196397090e-01 -1.262296156715245199e-01
3.595400000000000000e+04 9.778535367135007261e-01 1.394569635412520187e-02
3.595500000000000000e+04 9.717164354091042400e-01 -7.788897412916336027e-02
3.595600000000000000e+04 6.888060725823603736e-01 -1.054963051663885820e-01
3.595700000000000000e+04 7.289150058267535037e-01 -8.370162750851435629e-02
3.596600000000000000e+04 1.049140678031215357e+00 9.351848454837764779e-02
3.596700000000000000e+04 7.455835695235613070e-01 -4.172680537495846581e-02
3.598200000000000000e+04 8.884215758142507413e-01 1.132850637980208214e-01
3.598300000000000000e+04 8.699646979148921710e-01 1.867206456811141280e-01
3.598400000000000000e+04 7.131653302769769276e-01 -3.295158966233579373e-02
3.598500000000000000e+04 9.024572805031457756e-01 9.464539593005112661e-02
3.598600000000000000e+04 9.843089215692762961e-01 -6.756750142972141673e-03
3.598800000000000000e+04 8.852075650536570528e-01 -5.597521097216277830e-02
3.598900000000000000e+04 8.473478690785267720e-01 4.579897246508139730e-02
3.599000000000000000e+04 9.223255228265754280e-01 4.085104731649318033e-02
3.599100000000000000e+04 8.892381887506015659e-01 -2.213047526973735760e-02
3.599200000000000000e+04 7.745228851848909857e-01 3.331875217872327932e-02
3.599400000000000000e+04 8.675572896960124236e-01 -7.909981581084156443e-03
3.599500000000000000e+04 8.636463853224601861e-01 1.126716109358811557e-01
3.599600000000000000e+04 8.488105980242474091e-01 1.697954335295197015e-01
3.600200000000000000e+04 8.669334232160521569e-01 1.078886226304744539e-01
3.600300000000000000e+04 8.335166990812049592e-01 2.341536924148200638e-01
3.600400000000000000e+04 6.734430834930000831e-01 -3.902888702264505072e-02
3.600500000000000000e+04 7.813147263398535491e-01 -4.228023301964557723e-02
3.600700000000000000e+04 9.145426629685485809e-01 4.487074661040035828e-02
3.600800000000000000e+04 8.505955973799840253e-01 1.995302602835280492e-02
3.600900000000000000e+04 8.814799649580914442e-01 4.675773112194983594e-02
3.601100000000000000e+04 8.655897020135977504e-01 3.858677760906267795e-02
3.601200000000000000e+04 7.500581176689365970e-01 -4.908071100805427855e-02
3.601300000000000000e+04 6.690924733836969285e-01 -1.978772096345081388e-02
3.601400000000000000e+04 8.377540707606848658e-01 2.135157796849787570e-02
3.601500000000000000e+04 8.328162629513442550e-01 5.517987333351671853e-02
3.601600000000000000e+04 8.624137295106125700e-01 1.649488878610106540e-02
3.601700000000000000e+04 8.565078764607565454e-01 8.553570334826864074e-02
3.602500000000000000e+04 7.476068125137965703e-01 7.217946733977861906e-02
3.602600000000000000e+04 6.607863009790662101e-01 -1.284518648893583914e-01
3.602700000000000000e+04 7.452763953296077659e-01 -4.560077360136283869e-02
3.602800000000000000e+04 9.537685793448366089e-01 -2.798858878021911675e-02
3.602900000000000000e+04 9.007343875962759983e-01 8.508696632226527001e-02
3.603000000000000000e+04 8.878016252527396457e-01 9.614320891319345919e-02
3.603300000000000000e+04 8.138539119054969406e-01 5.130302698407154111e-02
3.604200000000000000e+04 8.629738915039177893e-01 1.376748934232396582e-01
3.604300000000000000e+04 8.820713467083024506e-01 5.573480409129280555e-02
3.604400000000000000e+04 8.469173354790726638e-01 1.418246344632591582e-01
3.604500000000000000e+04 9.312520917369112583e-01 1.530381974140826717e-01
3.604600000000000000e+04 8.365581964096635570e-01 -6.534115911840585739e-03
3.605200000000000000e+04 7.360349225470034229e-01 -2.784227424718611205e-02
3.606200000000000000e+04 7.970914753870178560e-01 -5.243008888701550241e-02
3.606300000000000000e+04 8.640994248724600535e-01 4.248160828901034573e-03
3.606400000000000000e+04 8.837625357546333715e-01 1.104971310189585554e-03
3.606500000000000000e+04 8.919601160294278186e-01 -4.323369755660701197e-02
3.606600000000000000e+04 6.666933469512278387e-01 -9.755587368017056005e-02
3.606700000000000000e+04 8.409776864906600702e-01 -1.963594252499840931e-02
3.606800000000000000e+04 8.457080652606339122e-01 2.196490716388162581e-02
3.606900000000000000e+04 8.821982172199646088e-01 6.941937410384989293e-02
3.607000000000000000e+04 7.641905547043525981e-01 6.418514256662363748e-02
3.607900000000000000e+04 7.486252145340648312e-01 2.327408349000378573e-01
3.608000000000000000e+04 6.728570211624652631e-01 3.879706328168695817e-02
3.608100000000000000e+04 7.447965254595615425e-01 -1.210088173322523830e-01
3.608200000000000000e+04 7.656703120658828743e-01 -8.679994963347414938e-02
3.608300000000000000e+04 7.667416749827574707e-01 -8.609192181674210631e-02
3.608400000000000000e+04 5.453440172622888715e-01 -1.691215773852041207e-02
3.608500000000000000e+04 8.954185501644064127e-01 -5.196688827955674161e-03
3.608600000000000000e+04 9.341951235271889198e-01 6.557300590989657840e-02
3.608700000000000000e+04 8.680119628717549718e-01 -3.170876705744046786e-02
3.608800000000000000e+04 8.769809961274923626e-01 1.232480177262738341e-01
3.608900000000000000e+04 8.116625405748417732e-01 1.118612633142492541e-01
3.609100000000000000e+04 8.504003935077725229e-01 1.326755692451185853e-01
3.610000000000000000e+04 7.649334974634938167e-01 1.475909098217787277e-02
3.610200000000000000e+04 6.427093222517707982e-01 -1.497976090524419657e-01
3.610300000000000000e+04 8.824233302259166800e-01 1.872852213257024390e-03
3.610400000000000000e+04 8.074453544935349392e-01 -1.897873152247587028e-02
3.610500000000000000e+04 1.162729335168884770e+00 -4.766747698892929985e-02
3.611600000000000000e+04 3.896324315070258115e-01 2.444723618965640582e-02
3.613200000000000000e+04 9.229135643783901166e-01 6.386995271634160476e-02
3.613300000000000000e+04 8.948936848611160899e-01 2.514497360494555994e-02
3.613600000000000000e+04 6.707445825309481524e-01 -1.725834595607897703e-01
3.613800000000000000e+04 6.487484834062848815e-01 -7.416469452801616180e-02
3.613900000000000000e+04 7.827224917245935165e-01 2.370474242619239474e-02
3.614000000000000000e+04 6.798365267477092244e-01 -4.806042703202454552e-02
3.617100000000000000e+04 9.216204925806515957e-01 -5.783437542928870911e-04
3.617200000000000000e+04 8.866322589107196173e-01 -2.115496210382150633e-02
3.617400000000000000e+04 5.173224274582567395e-01 -7.855778688432460410e-02
3.617500000000000000e+04 8.683262414660118944e-01 1.571527432262578572e-01
3.617600000000000000e+04 9.011663527373295901e-01 8.001136664706004487e-02
3.617700000000000000e+04 7.487191576713998487e-01 -6.577138573648172448e-02
3.618000000000000000e+04 7.221583897667950280e-01 -8.869465443434736140e-02
3.618100000000000000e+04 8.156411640309476629e-01 1.736730176253309388e-02
3.618200000000000000e+04 7.123891116079141828e-01 2.697547758923518960e-02
3.618900000000000000e+04 8.117160868365161930e-01 1.584294278434791869e-01
3.619100000000000000e+04 6.996171298603101052e-01 -6.421093498603332173e-02
3.619200000000000000e+04 7.497626524299729756e-01 -7.984970007061407971e-02
3.619300000000000000e+04 7.896983608232002183e-01 -1.154294440300732139e-01
3.621500000000000000e+04 6.769589304969442223e-01 -3.995694343513388896e-02
3.632000000000000000e+04 1.055252222097870174e+00 1.012215071926401630e-02
3.632800000000000000e+04 8.172815250909608586e-01 -4.473149898643677402e-02
3.632900000000000000e+04 8.497813335901985843e-01 -6.133533015266828120e-02
3.633000000000000000e+04 9.956357751837419112e-01 6.806264124003257032e-02
3.633100000000000000e+04 1.045257166240795677e+00 8.341800038577739870e-03
3.633300000000000000e+04 1.051450841924430168e+00 1.588191923742421179e-03
3.634100000000000000e+04 8.506249072205610551e-01 -7.691756993846800283e-02
3.634200000000000000e+04 9.532057619097646928e-01 -4.164386077027194821e-02
3.634300000000000000e+04 1.062825455206848568e+00 6.918781127856543645e-02
3.634400000000000000e+04 1.000718639993508852e+00 -2.589664543149696602e-02
3.634500000000000000e+04 1.106890191970739457e+00 2.108527733250725733e-02
3.634600000000000000e+04 1.025695432522858663e+00 7.195573292165793888e-02
3.635800000000000000e+04 8.799845884618406888e-01 -5.642227483810099281e-02
3.635900000000000000e+04 1.038698346122578720e+00 1.166711034541085823e-01
3.636000000000000000e+04 8.510484078518094631e-01 4.334906506154454636e-02
3.636100000000000000e+04 7.872190322480716596e-01 -7.029554772294090148e-02
3.636300000000000000e+04 1.014682481117632262e+00 3.476530901470459983e-02
3.636400000000000000e+04 8.219665175658354972e-01 -8.043621895891506224e-02
3.639100000000000000e+04 8.352693461387231677e-01 -6.123042105020408410e-02
3.639200000000000000e+04 9.331426726356113477e-01 -7.997960854105032324e-02
3.639300000000000000e+04 8.978746767277504537e-01 9.358913801344634353e-02
3.639400000000000000e+04 7.373254819541599225e-01 1.064585016543432572e-01
3.639600000000000000e+04 7.750798463833820096e-01 -3.211225293497817213e-02
3.639700000000000000e+04 8.576600750410838803e-01 1.233390814011347120e-01
3.639800000000000000e+04 9.742417551595475844e-01 7.220536282571080738e-03
3.639900000000000000e+04 9.092380819345921017e-01 -4.925518226433745275e-03
3.640000000000000000e+04 7.494606850367472317e-01 3.255495933718664109e-02
3.640100000000000000e+04 9.576436447474122593e-01 8.426106797656127134e-02
3.641200000000000000e+04 9.166234443113956409e-01 -2.254423772757171637e-02
3.641300000000000000e+04 9.777913145273547935e-01 5.604255353096510017e-02
3.641400000000000000e+04 9.836536503538660936e-01 1.658946709935258529e-02
3.642200000000000000e+04 9.643634140023679135e-01 4.724778383238566193e-02
3.642300000000000000e+04 9.665049161298536751e-01 4.429348057247455006e-02
3.645900000000000000e+04 8.530451703654603479e-01 -6.605431187312092722e-02
3.646000000000000000e+04 1.047240797350449171e+00 5.705800172279257981e-02
3.646100000000000000e+04 7.843468183593418352e-01 9.323807778601940488e-02
3.646200000000000000e+04 9.734670289728808434e-01 -1.182080857905620785e-02
3.646300000000000000e+04 9.090850597614474893e-01 1.157229758509428774e-02
3.646400000000000000e+04 8.447418986248591555e-01 1.744072705298068127e-01
3.646500000000000000e+04 8.813988601853414151e-01 7.503353607837441597e-02
3.646800000000000000e+04 1.071645379998961145e+00 1.339434698977672866e-01
3.650800000000000000e+04 7.865592835374047853e-01 -5.623147792489312929e-02
3.650900000000000000e+04 7.132395477171969977e-01 6.282071557774586423e-02
3.651000000000000000e+04 7.595236814026590233e-01 -5.843096067579907349e-02
3.651100000000000000e+04 8.915173403740194180e-01 4.696046450171875719e-02
3.659100000000000000e+04 9.401131789962124952e-01 7.348830309446284514e-02
3.659200000000000000e+04 8.837975445919891149e-01 7.699911060391939621e-02
3.660400000000000000e+04 9.045627396985508328e-01 1.403137079560543010e-01
3.660500000000000000e+04 8.473506110097870359e-01 1.910360802497948207e-01
3.660600000000000000e+04 9.092475555050261171e-01 1.070671051167683824e-01
3.660700000000000000e+04 9.081144950800417170e-01 1.196692627970657591e-01
3.661900000000000000e+04 8.983988267901337199e-01 4.499911327621755608e-02
3.662000000000000000e+04 8.358846226890510600e-01 1.535328177852203213e-01
3.662100000000000000e+04 9.893960004818510567e-01 3.769828155713949441e-02
3.662200000000000000e+04 9.909005898569159809e-01 3.278878995267501401e-02
3.663400000000000000e+04 8.206457761179413168e-01 3.709745229525814730e-02
3.663500000000000000e+04 9.429777265469051484e-01 1.741451731942936232e-02
3.663600000000000000e+04 9.196667913717109233e-01 1.321388891746293204e-02
3.663700000000000000e+04 9.274597464444080952e-01 1.013911380611250135e-01
3.664800000000000000e+04 9.898317994963095057e-01 7.887611221101273329e-02
3.665000000000000000e+04 9.829123812739291033e-01 4.936030244420117064e-03
3.665200000000000000e+04 1.004623803354993239e+00 7.046169031432068797e-02
3.666400000000000000e+04 8.529268976838924043e-01 -1.720626111657909754e-02
3.666500000000000000e+04 7.568655612054202564e-01 -1.459052525408935722e-02
3.666600000000000000e+04 9.877149155177503692e-01 5.395784533878317246e-02
3.666700000000000000e+04 9.373713965392769243e-01 8.746990559130211895e-02
3.668900000000000000e+04 9.976266932551597355e-01 -1.250112685230838905e-01
3.669700000000000000e+04 9.932928995252512383e-01 2.346097609213181057e-02
3.669800000000000000e+04 9.892774739363847658e-01 -1.077429515094746257e-02
3.669900000000000000e+04 1.017617649095177601e+00 -9.287383936716187005e-03
3.670000000000000000e+04 9.791552907446753329e-01 6.356419983834336873e-02
3.670100000000000000e+04 9.617480991792398681e-01 2.605006659325122612e-02
3.670200000000000000e+04 9.493183624744302440e-01 6.109529521946355929e-02
3.670300000000000000e+04 9.770655123688930521e-01 -1.982034367524291782e-02
3.670400000000000000e+04 9.337972687863402843e-01 -5.245136648514713701e-02
3.670500000000000000e+04 1.022967260630744946e+00 -1.108308675011265843e-01
