2.355500000000000000e+04 9.479569819617100768e-01 3.710613338618281437e-02
2.355600000000000000e+04 9.067265659386910537e-01 -7.720196075351694331e-02
2.355700000000000000e+04 1.084598663797101237e+00 -2.674764705272921275e-03
2.355800000000000000e+04 1.080219611633061572e+00 3.997991028378654332e-02
2.355900000000000000e+04 8.977679049050388826e-01 -6.122673581630831002e-02
2.356200000000000000e+04 9.668613122197630139e-01 -1.465669014828223371e-02
2.356900000000000000e+04 1.077211680176221709e+00 8.557514843859581610e-02
2.357000000000000000e+04 1.068902111216426754e+00 -4.553590598618208196e-02
2.357100000000000000e+04 1.143302888960350705e+00 -1.592625280464547710e-02
2.357200000000000000e+04 1.179976936277003841e+00 -6.575587516606218666e-03
2.357300000000000000e+04 1.127313183030611343e+00 -3.747236226665009301e-02
2.357600000000000000e+04 9.890649934632278484e-01 -2.427373642383841984e-02
2.357700000000000000e+04 9.675443403099406314e-01 7.974474894678623346e-03
2.357800000000000000e+04 9.214834427149265483e-01 -5.815068543561889569e-02
2.359000000000000000e+04 1.035255785713582455e+00 4.007173794755269913e-02
2.359100000000000000e+04 9.575870422119237002e-01 -3.943801469147217853e-02
2.359200000000000000e+04 9.576092809986064269e-01 1.067402600218762404e-01
2.359300000000000000e+04 9.128314313517312817e-01 -1.505543927655512634e-02
2.359400000000000000e+04 9.749361742416154941e-01 -5.279464301871254067e-02
2.359500000000000000e+04 7.075383611090189095e-01 -6.774636962011684749e-02
2.359600000000000000e+04 7.480107253560105418e-01 2.668771261349854595e-02
2.359700000000000000e+04 4.920657929191476487e-01 2.038099568003061066e-02
2.360000000000000000e+04 1.003833072448696573e+00 6.630099351075729661e-03
2.360500000000000000e+04 1.001334290097255941e+00 9.133586398431552469e-03
2.360600000000000000e+04 1.106793243341207544e+00 2.073513167522400818e-03
2.360800000000000000e+04 9.212991871777452824e-01 -1.445592503487778090e-02
2.361000000000000000e+04 8.681774170155147630e-01 4.690187165226154808e-02
2.361100000000000000e+04 9.492474515097496512e-01 -1.541351279746253772e-02
2.361500000000000000e+04 9.607484441337154069e-01 9.014796855755979887e-02
2.361600000000000000e+04 1.008174961541841830e+00 1.407730938366900664e-01
2.361700000000000000e+04 1.041365813542608931e+00 -8.353283339678986563e-02
2.361800000000000000e+04 7.664176158467732591e-01 1.668300148409843781e-02
2.361900000000000000e+04 7.289219837172317140e-01 2.484802103272779408e-02
2.362000000000000000e+04 9.441318156108824411e-01 3.864738789130349461e-02
2.362100000000000000e+04 9.552746425493309212e-01 1.496011480061388427e-02
2.362200000000000000e+04 9.553642780869191498e-01 7.412586847954646951e-02
2.362300000000000000e+04 9.853463530283838034e-01 -2.003160959348591202e-02
2.362700000000000000e+04 7.762528053719228716e-01 -5.968437097498530998e-03
2.362800000000000000e+04 8.044437162636746130e-01 1.956653668970116319e-02
2.362900000000000000e+04 9.785777979384281400e-01 3.346053991563336522e-02
2.363300000000000000e+04 1.031104559427155731e+00 -1.295884345751482057e-02
2.363400000000000000e+04 1.078198481328798586e+00 -4.294814144742249706e-02
2.363500000000000000e+04 1.138588125946522700e+00 -2.803753877069850575e-02
2.363600000000000000e+04 1.089683828851269354e+00 2.480148457039689502e-02
2.363700000000000000e+04 1.078318039461986233e+00 2.543584279004705226e-02
2.363800000000000000e+04 1.077996630750069240e+00 -6.639871394304425190e-02
2.363900000000000000e+04 1.018371553105947180e+00 -7.328733938001640025e-02
2.364000000000000000e+04 1.300642485687881544e+00 -5.316488938149124127e-02
2.364100000000000000e+04 9.831519674283776267e-01 -6.564205174714328461e-02
2.364200000000000000e+04 8.143537655315024049e-01 -3.615399126696849236e-02
2.364300000000000000e+04 9.770087400317011284e-01 4.573060413536909029e-03
2.364400000000000000e+04 1.061403829532503895e+00 5.972303422413911128e-02
2.364500000000000000e+04 9.704784361355902611e-01 1.607610875214261423e-02
2.364700000000000000e+04 1.074561464098996444e+00 -3.408900130499758346e-02
2.364800000000000000e+04 1.027174104968268553e+00 8.828874057160294997e-02
2.364900000000000000e+04 1.058578688597006989e+00 -3.849147063571557725e-02
2.365000000000000000e+04 1.041806762810374432e+00 -4.781136590152631344e-02
2.365100000000000000e+04 1.012696363270932931e+00 5.918570954207236223e-02
2.365400000000000000e+04 1.001093845881721567e+00 -3.685789902062684698e-02
2.365500000000000000e+04 9.856224634870912604e-01 2.229987288516019350e-02
2.365600000000000000e+04 9.927541817528152679e-01 3.744314718139861442e-02
2.366000000000000000e+04 1.033325938240153175e+00 -1.834216895223284363e-02
2.366100000000000000e+04 1.042192613522955780e+00 2.547823849589977985e-02
2.366200000000000000e+04 9.935500025579045991e-01 -1.481140920873429134e-02
2.366300000000000000e+04 8.645110792966529401e-01 -4.484706376885478490e-02
2.366400000000000000e+04 1.025139578622327852e+00 -1.174067608152531278e-02
2.366500000000000000e+04 1.001417257734760424e+00 -4.521103879522471447e-02
2.366600000000000000e+04 8.957104933827279014e-01 4.714441798491227770e-02
2.366700000000000000e+04 1.038273621424900206e+00 1.017777620015161352e-02
2.367500000000000000e+04 8.562878336224236664e-01 -1.738872729669651424e-02
2.367600000000000000e+04 4.572679585065119734e-01 -1.304670245580469845e-01
2.367700000000000000e+04 8.484986926573039323e-01 -5.342608513376429467e-03
2.368700000000000000e+04 9.776871229075323466e-01 4.112899505847884135e-04
2.368800000000000000e+04 9.597673879668927599e-01 9.487907953282775485e-04
2.368900000000000000e+04 9.807942254318297026e-01 4.263079124199055381e-02
2.369600000000000000e+04 8.867398126287296956e-01 -1.768020266007803987e-02
2.369700000000000000e+04 1.521531689429177936e+00 -1.384316174896681184e-01
2.369800000000000000e+04 1.063224181786000644e+00 -1.050558216337222905e-01
2.369900000000000000e+04 1.085507165615394731e+00 -9.043465554592752809e-02
2.370000000000000000e+04 9.778075322783355006e-01 4.799496819349545126e-03
2.370500000000000000e+04 1.104641400121528561e+00 -3.812723890746561733e-02
2.370600000000000000e+04 1.082183489503690810e+00 6.102338978293801557e-03
2.370700000000000000e+04 1.071295341822759983e+00 -3.810086408580765083e-02
2.370900000000000000e+04 1.022297892496195182e+00 -4.578296968665999944e-02
2.371600000000000000e+04 1.044210220222228092e+00 3.598579971547229139e-02
2.371800000000000000e+04 1.099830808061265097e+00 1.009801996038631466e-01
2.373600000000000000e+04 1.086723457259382686e+00 6.725818211433334803e-02
2.373900000000000000e+04 1.002937205511947871e+00 -3.657160202712589347e-02
2.374000000000000000e+04 9.807053863674283223e-01 -4.755739355244693878e-02
2.374100000000000000e+04 1.026340716614767778e+00 -5.287023292243098888e-02
2.375300000000000000e+04 8.910726724080747507e-01 -7.330394813450402669e-02
2.375400000000000000e+04 1.017315098913813776e+00 -5.805565990490446637e-02
2.375600000000000000e+04 1.015911337268858849e+00 -2.704080135569322807e-02
2.375800000000000000e+04 1.024658430649299179e+00 1.388070385886527591e-01
2.382100000000000000e+04 1.112537359625524580e+00 -1.074598072590151054e-01
2.382400000000000000e+04 9.461053900552007789e-01 4.388024188096877748e-02
2.396800000000000000e+04 7.482150831903559007e-01 -2.428035492419372207e-02
2.396900000000000000e+04 8.267490492679352432e-01 -1.348641562529930282e-01
2.408900000000000000e+04 9.301748920645599439e-01 -1.015257194935828555e-02
2.409000000000000000e+04 9.202064058051417916e-01 -2.865976804390816656e-03
2.409100000000000000e+04 1.064539114321412905e+00 6.237867443692509534e-02
2.409200000000000000e+04 9.664121536105730881e-01 4.750468677062647666e-02
2.409500000000000000e+04 9.375235668381327603e-01 1.850990567315944843e-02
2.409600000000000000e+04 9.698047974515302538e-01 2.512765530560687535e-02
2.409700000000000000e+04 9.591725957435371930e-01 9.491261613337281106e-03
2.409800000000000000e+04 9.973571945722439214e-01 1.079765692950540729e-01
2.409900000000000000e+04 8.674022219191513949e-01 -2.152149380115620653e-02
2.410000000000000000e+04 9.704174166825444425e-01 -3.010291951933700277e-03
2.410100000000000000e+04 1.042164762857028526e+00 9.395343926212285091e-02
2.410200000000000000e+04 1.052007113056233623e+00 7.259083010017745863e-02
2.410300000000000000e+04 9.722556369664229203e-01 8.564520932234652439e-02
2.411600000000000000e+04 5.430198335489155870e-01 3.206347321949131607e-02
2.411700000000000000e+04 9.074655423785514818e-01 7.484799950233760046e-02
2.411800000000000000e+04 8.076477706845752724e-01 -1.283395939228152982e-01
2.411900000000000000e+04 1.017625683558101901e+00 1.017365042748952786e-01
2.412100000000000000e+04 1.161168889782134395e+00 6.745631948449065662e-02
2.412200000000000000e+04 1.188696177305361479e+00 1.039325473069450667e-01
2.412300000000000000e+04 8.080481797116373377e-01 8.134650908480743625e-02
2.412400000000000000e+04 7.642057441372380744e-01 5.820936529524538272e-02
2.412500000000000000e+04 9.205153948414045439e-01 -8.621617445469437202e-02
2.412600000000000000e+04 9.695650128851417415e-01 6.779670057907844979e-03
2.412700000000000000e+04 7.657374696308876239e-01 7.687623246033715996e-02
2.412800000000000000e+04 1.020291857340762665e+00 6.876076251567257540e-03
2.412900000000000000e+04 1.084336581906745867e+00 6.353188271369018467e-03
2.413900000000000000e+04 1.087862569910504007e+00 3.061599288133640562e-03
2.414000000000000000e+04 1.088734784457444205e+00 1.091970004591247788e-02
2.414100000000000000e+04 9.126758576524137689e-01 -4.225885917730409780e-02
2.414200000000000000e+04 1.065231511548436760e+00 -1.476307267430793935e-01
2.416900000000000000e+04 1.263456548391416190e+00 1.061031290556302548e-01
2.417000000000000000e+04 1.601892150721320407e+00 1.409655755917538222e-01
2.437400000000000000e+04 9.201602984207825076e-01 -1.295059301109029171e-01
2.437500000000000000e+04 7.048104398620768096e-01 -3.201418858480990781e-02
2.438600000000000000e+04 9.244463846917030381e-01 1.725104418531643868e-01
2.441100000000000000e+04 9.131352899664131328e-01 -2.226763204380824770e-02
2.441200000000000000e+04 7.552384286278301939e-01 -1.053671445540860924e-01
2.441300000000000000e+04 8.178927019662164399e-01 1.428215815970703129e-01
2.442500000000000000e+04 9.832116184538634007e-01 -1.273385035582208502e-01
2.442700000000000000e+04 1.073889633190125092e+00 -7.803324931750430654e-03
2.442800000000000000e+04 1.108105028693452621e+00 1.057194765029464446e-02
2.442900000000000000e+04 1.089316229629964550e+00 -4.933614995841351103e-02
2.443100000000000000e+04 1.073981006523860193e+00 1.005067854712335673e-01
2.443300000000000000e+04 1.011402677010212026e+00 1.646477403889546054e-01
2.443400000000000000e+04 1.069729344007469996e+00 -9.897707018181144123e-02
2.443900000000000000e+04 1.338464379486195677e+00 2.376410198484442751e-02
2.444000000000000000e+04 1.066414867305113701e+00 -5.418917472864063362e-02
2.444100000000000000e+04 1.107453343004218604e+00 -8.861018313445355454e-02
2.444200000000000000e+04 1.140383858297695507e+00 2.039526513241385342e-02
2.444300000000000000e+04 1.113020493315655113e+00 1.449104089370918842e-02
2.444700000000000000e+04 9.964346454785644180e-01 1.522977723674576456e-01
2.444800000000000000e+04 9.743953371441311795e-01 1.727341058721599820e-01
2.444900000000000000e+04 1.003730583680675581e+00 -2.487325070761545187e-02
2.445100000000000000e+04 1.013342487023884075e+00 5.225436386224273366e-02
2.445200000000000000e+04 1.017761849363675086e+00 -3.489229531241672816e-02
2.445300000000000000e+04 1.002609452375871291e+00 -3.212593746598615269e-02
2.445900000000000000e+04 1.066250521514797489e+00 -6.021712662150614792e-02
2.446000000000000000e+04 1.080803815174621985e+00 8.550826289318268214e-02
2.446100000000000000e+04 1.049657784244379055e+00 -6.777817982690497768e-03
2.446500000000000000e+04 1.014073386233571128e+00 1.329503996578746128e-01
2.446600000000000000e+04 1.036010199525364550e+00 -1.023448813781915358e-02
2.446700000000000000e+04 1.005972716093375130e+00 -1.045333228009618504e-01
2.446800000000000000e+04 1.074969137088462423e+00 -3.858342888744122068e-02
2.446900000000000000e+04 1.099895798213936349e+00 -5.340528983170906435e-02
2.447000000000000000e+04 1.031011295764519886e+00 -8.859510278485038803e-02
2.447100000000000000e+04 9.876902763483927927e-01 -3.618394903875161821e-03
2.447700000000000000e+04 1.106628522067339970e+00 2.685364682098662081e-02
2.447800000000000000e+04 1.119116821909514226e+00 -5.733367184860770419e-03
2.447900000000000000e+04 1.106516104446318982e+00 -5.407365149752442479e-02
2.448000000000000000e+04 1.145447604065881197e+00 1.097096457521647139e-02
2.448100000000000000e+04 1.152173919738559649e+00 -7.043858467239656751e-02
2.448300000000000000e+04 1.030995727725248612e+00 1.515040266833015126e-01
2.448400000000000000e+04 1.091285256845888396e+00 1.055231809209506433e-01
2.448500000000000000e+04 1.058184943830180469e+00 2.452249716899645299e-02
2.448600000000000000e+04 1.216253664268058143e+00 -7.097956684122623539e-02
2.448700000000000000e+04 1.039112197471486976e+00 -3.076115182211763832e-02
2.448800000000000000e+04 9.478133549445655337e-01 6.801264172174859013e-02
2.448900000000000000e+04 9.966671340612275332e-01 8.273320295469981100e-02
2.449000000000000000e+04 1.005392405640693543e+00 -1.866800292602471129e-02
2.449100000000000000e+04 1.005293534321872295e+00 -5.942091849633636402e-02
2.449500000000000000e+04 1.112403169362318422e+00 -2.398101688573948259e-02
2.449600000000000000e+04 1.108999757240376249e+00 3.583983668176413812e-02
2.449700000000000000e+04 1.168531007900205365e+00 -2.422787740210520513e-02
2.449800000000000000e+04 1.100130372304511717e+00 -3.579842073934177277e-02
2.450000000000000000e+04 1.033117006642447100e+00 1.638878874112367490e-01
2.450100000000000000e+04 1.021679120373032212e+00 -1.971998047414471114e-02
2.450400000000000000e+04 1.008865934485223326e+00 -1.295967908784012856e-01
2.450500000000000000e+04 1.139106850025097817e+00 -5.753997588583987383e-02
2.450600000000000000e+04 1.086915869807337343e+00 -2.785706745941763166e-02
2.450700000000000000e+04 1.002920331337921578e+00 2.883171774975665236e-02
2.450800000000000000e+04 1.022084289994791950e+00 -1.612833663795195868e-02
2.452000000000000000e+04 1.028966825037313182e+00 -1.016420109216620848e-01
2.452100000000000000e+04 1.010692377591165592e+00 -1.418172604790792803e-02
2.452200000000000000e+04 1.024098485155411575e+00 -5.655734175382733792e-02
2.452300000000000000e+04 9.788698272856259930e-01 -3.478733671321498910e-02
2.452400000000000000e+04 1.061708697160673953e+00 -4.036622471382924487e-02
2.452500000000000000e+04 9.834926745970515860e-01 -1.872013104040914921e-02
2.452600000000000000e+04 8.577950703052596992e-01 -7.230921659866186568e-02
2.454400000000000000e+04 1.074814785142913731e+00 1.478399254604235435e-01
2.454500000000000000e+04 1.074507440823341486e+00 9.308263933864983387e-04
2.454600000000000000e+04 1.011336161696482439e+00 -8.340398552077188388e-02
2.454700000000000000e+04 1.035435624999264448e+00 2.648341442166120621e-02
