2.075800000000000000e+04 1.018894883812172747e+00 9.384374782135115889e-02
2.075900000000000000e+04 9.565605180165190902e-01 -7.771913395313666262e-02
2.080100000000000000e+04 9.768712344191304853e-01 1.587392618924284363e-02
2.080200000000000000e+04 9.122291526005198437e-01 2.531232219322424384e-03
2.080300000000000000e+04 9.179950521945191566e-01 -5.169582080337097041e-02
2.080400000000000000e+04 9.722882877363906440e-01 -2.554637345034769386e-02
2.083100000000000000e+04 9.638302641655518421e-01 -2.840734982626543295e-02
2.083200000000000000e+04 9.759354253926888489e-01 2.593705563930162605e-02
2.083400000000000000e+04 1.021136243253497611e+00 5.696835691941065129e-03
2.083500000000000000e+04 9.313916448857179065e-01 5.832909159873369588e-03
2.086800000000000000e+04 9.311900948155295010e-01 -1.599740130673286270e-02
2.086900000000000000e+04 9.185472356604545974e-01 -3.754353387294485922e-02
2.087000000000000000e+04 9.352249404333535798e-01 2.555836938847661638e-02
2.087100000000000000e+04 9.979230071561437931e-01 2.762653522220725674e-02
2.089100000000000000e+04 1.029235546913873423e+00 1.649740665370557843e-02
2.089200000000000000e+04 9.766915671142576416e-01 -8.675417133023732158e-03
2.089400000000000000e+04 9.653244130400752132e-01 -1.511050858886770799e-02
2.089500000000000000e+04 9.691958856607896244e-01 3.199455187525815369e-02
2.091200000000000000e+04 1.040190856560845312e+00 -2.464111080148885177e-02
2.091500000000000000e+04 1.011743609354639251e+00 -6.060196418567766891e-02
2.091600000000000000e+04 1.061730402279593699e+00 -9.484352887756472561e-02
2.091700000000000000e+04 1.037400317409671313e+00 -8.659606103618069928e-02
2.091800000000000000e+04 1.099512394145784056e+00 -6.607066003384057251e-02
2.093700000000000000e+04 1.032971500095565487e+00 -1.839736380865805493e-03
2.094600000000000000e+04 1.027084107466834872e+00 -1.033024584348210539e-01
2.101000000000000000e+04 6.963727092081060110e-01 1.508646309970280153e-01
2.102000000000000000e+04 6.598342204954539270e-01 1.441904466221797243e-01
2.103700000000000000e+04 4.021069890016396031e-01 -1.863695134257060959e-02
2.103800000000000000e+04 9.732935718673906278e-01 7.351062014887065066e-02
2.104500000000000000e+04 3.700474174096498592e-01 1.561595385798678591e-02
2.104600000000000000e+04 9.863127800975310944e-01 7.962284809699867946e-03
2.106700000000000000e+04 1.010404500696046703e+00 1.439463588011828388e-01
2.106800000000000000e+04 9.242535297098269931e-01 7.107024833325017998e-02
2.106900000000000000e+04 1.000000000000000000e+00 0.000000000000000000e+00
2.107000000000000000e+04 9.379124788127641832e-01 1.375829989778414031e-03
2.107100000000000000e+04 1.000305344072079050e+00 2.402563557957268503e-02
2.107200000000000000e+04 8.689047664329242471e-01 -7.916252261479608809e-02
2.107300000000000000e+04 7.287920008722552634e-01 -1.429122750699060307e-01
2.107700000000000000e+04 9.387370735203791616e-01 1.280766673986555304e-01
2.107800000000000000e+04 1.000000000000000000e+00 0.000000000000000000e+00
2.107900000000000000e+04 1.000000000000000000e+00 0.000000000000000000e+00
2.108000000000000000e+04 9.197214497939268929e-01 9.129600478147344156e-02
2.108100000000000000e+04 9.012832807476002239e-01 -6.092410006319678301e-02
2.108200000000000000e+04 1.017205877301918804e+00 3.086760394284654083e-02
2.109700000000000000e+04 9.039846182016347820e-01 1.584671438251825937e-01
2.109800000000000000e+04 9.186908964616127271e-01 6.235188831175927232e-02
2.110000000000000000e+04 9.832779005039986586e-01 7.951109028122124722e-02
2.112800000000000000e+04 7.292868835002550565e-01 1.025788491535997021e-01
2.119300000000000000e+04 8.685815231827772598e-01 5.858562640673992822e-02
2.119600000000000000e+04 9.907747556302699543e-01 1.445283979617102144e-01
2.119700000000000000e+04 9.170212042586588508e-01 1.075270387560760543e-01
2.122100000000000000e+04 1.075974383316689265e+00 5.444708018631322366e-02
2.122200000000000000e+04 1.040408844381842890e+00 6.342687181118274176e-02
2.122300000000000000e+04 1.000000000000000000e+00 0.000000000000000000e+00
2.122400000000000000e+04 1.033879994765076304e+00 2.822599901087004259e-02
2.127700000000000000e+04 1.000000000000000000e+00 0.000000000000000000e+00
2.127800000000000000e+04 1.000000000000000000e+00 0.000000000000000000e+00
2.130400000000000000e+04 1.000000000000000000e+00 0.000000000000000000e+00
2.130500000000000000e+04 9.493453754436113057e-01 5.581696450030007584e-02
2.133000000000000000e+04 9.712558634144898839e-01 1.179345016771435467e-01
2.135300000000000000e+04 1.000000000000000000e+00 0.000000000000000000e+00
2.135400000000000000e+04 9.151862220214909138e-01 5.898106733044410771e-02
2.138000000000000000e+04 1.007673700703087594e+00 -2.795440743288117591e-02
2.138100000000000000e+04 1.051181769510480812e+00 6.944684102308196216e-02
2.139900000000000000e+04 9.040105055909551934e-01 1.978696677235960988e-02
2.140000000000000000e+04 1.025081926135217314e+00 6.189896623035505419e-02
2.141400000000000000e+04 1.000000000000000000e+00 0.000000000000000000e+00
2.141500000000000000e+04 1.034113538252680264e+00 -7.716609909554168756e-02
2.141600000000000000e+04 1.018702986670996236e+00 8.679649710920478434e-02
2.143000000000000000e+04 8.668711464811919010e-01 -4.710201825780696225e-03
2.143100000000000000e+04 3.337778923172387557e-01 -5.672608821364613640e-02
2.144400000000000000e+04 1.010742870258654502e+00 1.722791979405731422e-02
2.144500000000000000e+04 9.558991051650396198e-01 4.525690123844063745e-02
2.144600000000000000e+04 4.288549748605536283e-01 6.255315153425039174e-03
2.145600000000000000e+04 9.873236103610587566e-01 4.518521767507486381e-02
2.145800000000000000e+04 1.055285374823133893e+00 -6.209859670876131249e-02
2.146500000000000000e+04 1.037700123345520531e+00 6.387316909769005790e-02
2.146600000000000000e+04 1.070056653827683446e+00 1.297849258873494394e-02
2.146700000000000000e+04 4.736793412680405657e-01 -8.149738941388741387e-02
2.147200000000000000e+04 8.640804654456769596e-01 1.152194583610736123e-01
2.147800000000000000e+04 5.302547412440381525e-01 1.858384996151050683e-01
2.152000000000000000e+04 5.481765749866217341e+00 1.987325810270114124e-01
2.157400000000000000e+04 1.017506820081116370e+00 3.377096025236611676e-02
2.159600000000000000e+04 1.000000000000000000e+00 0.000000000000000000e+00
2.161200000000000000e+04 1.035953768622606574e+00 9.747639034806306058e-02
2.161300000000000000e+04 1.064923903002921168e+00 -4.059401336528845744e-02
2.161400000000000000e+04 1.718468043621036667e+00 1.006575488537827662e-01
2.163100000000000000e+04 7.553568659711326072e-01 1.370140086616527531e-01
2.163300000000000000e+04 1.035355518160846700e+00 3.010454312732892962e-02
2.165000000000000000e+04 6.800747497380891238e-01 6.109981524863331709e-02
2.168000000000000000e+04 6.029118355978244637e-01 2.658727826259972837e-01
2.170200000000000000e+04 5.274689550381308489e-01 2.106055258263614741e-02
2.170300000000000000e+04 8.591238347767383710e-01 1.660113168165746056e-01
2.170400000000000000e+04 9.818596973475942624e-01 6.665245871382710630e-02
2.170700000000000000e+04 1.000000000000000000e+00 0.000000000000000000e+00
2.170800000000000000e+04 1.000000000000000000e+00 0.000000000000000000e+00
2.172200000000000000e+04 6.348809426759032259e-01 1.492464088927723531e-01
2.172300000000000000e+04 9.706433059538089880e-01 2.472000932592958167e-01
2.172400000000000000e+04 1.031210157589245391e+00 2.172471673637196565e-01
2.172500000000000000e+04 1.052066827888218592e+00 -7.649686072953287841e-02
2.172600000000000000e+04 1.049619059015759026e+00 -2.106539788053189699e-03
2.172700000000000000e+04 9.918550079492003402e-01 2.196494562865005384e-01
2.174900000000000000e+04 5.494483516915417143e-01 -1.669960742267633316e-02
2.175000000000000000e+04 1.000000000000000000e+00 0.000000000000000000e+00
2.175100000000000000e+04 1.000000000000000000e+00 0.000000000000000000e+00
2.175200000000000000e+04 1.047199895513904577e+00 1.997961183837348650e-02
2.175300000000000000e+04 1.055643321913312782e+00 -1.020612118108305162e-02
2.175400000000000000e+04 9.073254972101347793e-01 2.830142979874704645e-01
2.175500000000000000e+04 9.820642365681533370e-01 -3.493553571612656450e-02
2.177000000000000000e+04 7.882240677270951901e-01 1.361681499268453943e-01
2.177100000000000000e+04 1.000000000000000000e+00 0.000000000000000000e+00
2.177200000000000000e+04 1.000000000000000000e+00 0.000000000000000000e+00
2.177300000000000000e+04 1.020639238118302261e+00 6.074556426818478183e-02
2.177400000000000000e+04 9.961764713059596543e-01 8.615738760629697290e-02
2.177500000000000000e+04 9.851558659033265997e-01 4.072721432220141602e-02
2.178800000000000000e+04 1.145497988198762584e+00 -9.390858484215851634e-03
2.178900000000000000e+04 1.136365723115467796e+00 5.340430591364345864e-02
2.179000000000000000e+04 1.000000000000000000e+00 0.000000000000000000e+00
2.179100000000000000e+04 1.000000000000000000e+00 0.000000000000000000e+00
2.179200000000000000e+04 1.036004986177963882e+00 3.840483913466880006e-02
2.179300000000000000e+04 1.114887877845524677e+00 -8.510694372101058891e-02
2.179400000000000000e+04 1.017608104014658954e+00 1.500170788678980016e-01
2.179500000000000000e+04 1.015208132014273623e+00 1.512798874969355049e-02
2.180500000000000000e+04 1.027783052881849457e+00 3.446866418568150792e-02
2.180600000000000000e+04 1.092170262487714982e+00 6.620513431233174262e-02
2.180700000000000000e+04 9.355271403351663739e-01 2.730624003003584988e-01
2.180800000000000000e+04 8.992222990197882293e-01 2.991800270137195406e-01
2.181400000000000000e+04 8.548218922689407862e-01 2.080187904987877145e-01
2.181500000000000000e+04 9.089494261689613497e-01 8.298665626338168344e-02
2.181800000000000000e+04 1.000000000000000000e+00 0.000000000000000000e+00
2.181900000000000000e+04 9.766709665343273894e-01 4.856544721899247463e-02
2.182000000000000000e+04 9.770196415403615831e-01 6.041624941000133669e-02
2.182200000000000000e+04 1.074923304823516279e+00 1.909243158382639347e-02
2.182300000000000000e+04 9.302843685364500237e-01 1.243052165278870080e-01
2.182400000000000000e+04 1.153318653866406862e+00 1.088998253711988551e-01
2.182500000000000000e+04 1.000000000000000000e+00 0.000000000000000000e+00
2.183100000000000000e+04 9.930276670197201172e-01 1.478204841244436796e-01
2.183200000000000000e+04 9.843954715551557211e-01 1.250720914632053593e-01
2.183300000000000000e+04 9.376470712022103582e-01 1.645446035595288237e-01
2.183400000000000000e+04 1.000000000000000000e+00 0.000000000000000000e+00
2.183500000000000000e+04 1.192998344380597819e+00 1.698436664446885958e-01
2.183600000000000000e+04 7.333877083671123120e-01 2.502675471753725706e-02
2.185100000000000000e+04 8.747801051118470061e-01 2.023905553669682889e-01
2.185300000000000000e+04 9.609613373392487112e-01 5.107267640385509955e-02
2.188400000000000000e+04 1.824919839236041286e+00 4.690736462807782586e-02
2.188500000000000000e+04 1.211639856064660181e+00 -9.794418121363843155e-02
2.188600000000000000e+04 1.297820510819279516e+00 -3.058907179724588629e-02
2.189800000000000000e+04 1.092166345284351303e+00 3.877814074106024356e-02
2.189900000000000000e+04 1.021425025834045819e+00 -4.684328919109432415e-02
2.190000000000000000e+04 1.000000000000000000e+00 0.000000000000000000e+00
2.190100000000000000e+04 1.000000000000000000e+00 0.000000000000000000e+00
2.191200000000000000e+04 9.967950281163705517e-01 6.845287823116331938e-02
2.191300000000000000e+04 9.082556719764072195e-01 -7.432228058660639639e-03
2.191400000000000000e+04 9.839185819338612804e-01 9.100640454321919093e-02
2.191500000000000000e+04 1.000000000000000000e+00 0.000000000000000000e+00
2.191600000000000000e+04 1.091816122873360273e+00 7.313305678777329462e-03
2.191700000000000000e+04 9.099214721674201423e-01 1.141262893274437029e-01
2.192600000000000000e+04 1.343447777821929368e+00 9.613774846262526652e-02
2.192700000000000000e+04 9.165459975880952959e-01 -8.142462292984148364e-02
2.192800000000000000e+04 1.018076813479638965e+00 8.608254289686369243e-02
2.192900000000000000e+04 1.020535339234728944e+00 5.221055953458338117e-02
2.193000000000000000e+04 1.000000000000000000e+00 0.000000000000000000e+00
2.193300000000000000e+04 3.169143963268104547e-01 -1.120344025886554906e-01
2.193400000000000000e+04 5.982083648260665409e-01 1.235092498181156739e-01
2.194400000000000000e+04 1.174981213407929825e+00 -1.290576486461252059e-01
2.194700000000000000e+04 1.150782127610547212e+00 -6.582626206143303224e-03
2.194800000000000000e+04 1.089086706208229449e+00 -5.886684085171125375e-02
2.194900000000000000e+04 9.627185850226791519e-01 6.129521796796398581e-02
2.195000000000000000e+04 9.990629691509469446e-01 7.690997082113357197e-02
2.195100000000000000e+04 9.455085615737542915e-01 -6.175058747362757727e-02
2.195200000000000000e+04 9.549021081007654788e-01 2.331666420232472725e-01
2.195300000000000000e+04 9.435096063264448718e-01 2.699117715164943143e-01
2.196700000000000000e+04 5.779695083779224918e-01 2.272962750940339949e-01
2.196800000000000000e+04 1.000000000000000000e+00 0.000000000000000000e+00
2.196900000000000000e+04 1.000000000000000000e+00 0.000000000000000000e+00
2.197000000000000000e+04 8.623521332174989285e-01 6.375620649533157713e-02
2.197800000000000000e+04 7.002058431753549472e-01 1.386894425867659653e-01
2.197900000000000000e+04 8.703099111878483951e-01 1.120885554627529118e-01
2.198000000000000000e+04 2.819078039068004249e-01 4.905238162827482012e-02
2.198100000000000000e+04 8.898993981658006591e-01 2.133911500444544973e-01
2.198200000000000000e+04 9.125533722997934971e-01 2.143011864774160280e-01
2.198300000000000000e+04 8.854179303869734730e-01 8.912101279969400491e-02
2.198400000000000000e+04 9.027958702536079683e-01 9.025639055389894638e-02
2.198500000000000000e+04 8.852133846617125101e-01 1.281427032607042327e-01
2.198600000000000000e+04 9.474485481831587119e-01 7.990764380841083869e-02
2.198700000000000000e+04 9.082158915150869705e-01 -2.684874963411760032e-02
2.200000000000000000e+04 1.025028566958724907e+00 5.235861130603959579e-02
2.200100000000000000e+04 1.008010421218992425e+00 7.057958865211017008e-03
2.200200000000000000e+04 9.830054373843201132e-01 6.729861181758867161e-02
2.200300000000000000e+04 4.509976800024686483e-01 -1.233591644070935189e-01
2.200400000000000000e+04 1.005627918296897905e+00 1.773035967856959050e-01
2.200500000000000000e+04 9.834243781650587879e-01 -1.833346619690965490e-02
2.200600000000000000e+04 1.007103155819788931e+00 8.907480155078697018e-03
2.200700000000000000e+04 9.419037630425578511e-01 1.682138978964319714e-02
2.200800000000000000e+04 9.337782503240654730e-01 6.433691240841450665e-02
2.200900000000000000e+04 9.474228861807280078e-01 4.027764589726470085e-02
2.201100000000000000e+04 9.335796413629990909e-01 3.062669937174668580e-02
2.201200000000000000e+04 1.153528358518533192e+00 8.418917544445368717e-02
2.201800000000000000e+04 1.178316541116444904e+00 -9.042147220219778556e-03
2.202100000000000000e+04 1.022513990671613859e+00 -1.642642594236445180e-02
