4.713200000000000000e+04 1.087770913880863555e+00 1.919565375605991608e-02
4.713300000000000000e+04 1.025663489649176752e+00 -5.669067365977224771e-02
4.713400000000000000e+04 1.050723773198432465e+00 5.050516402311123337e-03
4.713500000000000000e+04 1.040341853343643264e+00 -5.257395723614571165e-02
4.713600000000000000e+04 1.130019229954986493e+00 4.395147521153543180e-02
4.713700000000000000e+04 1.047888742780090698e+00 -1.425086636665778561e-01
4.716900000000000000e+04 9.398962566910536998e-01 -3.001359969677546563e-02
4.717800000000000000e+04 1.083339751871693624e+00 -7.562995645327580396e-02
4.717900000000000000e+04 1.100954149170761287e+00 -4.404431655736053275e-02
4.718000000000000000e+04 9.974872485386213627e-01 1.393199065132943310e-02
4.718100000000000000e+04 1.054890264370161868e+00 -1.960391168684619614e-02
4.718200000000000000e+04 1.028544114665751907e+00 2.500426751618482421e-02
4.718300000000000000e+04 1.123148403413504193e+00 1.160304596269817051e-02
4.718400000000000000e+04 1.089501687897010518e+00 -6.912031384142713897e-02
4.718500000000000000e+04 9.441041591104717412e-01 5.744342873080331840e-02
4.721600000000000000e+04 1.010011801678403209e+00 5.992833433914500352e-02
4.721700000000000000e+04 9.645855704272056075e-01 1.001419919749610976e-01
4.722300000000000000e+04 9.916061036846500754e-01 -1.239157065266267149e-01
4.722400000000000000e+04 1.058176739427780788e+00 -6.278680250398262913e-03
4.722500000000000000e+04 1.070558570154394040e+00 -5.227373360224237681e-02
4.722600000000000000e+04 1.270582792451002474e+00 1.723353773298998831e-02
4.722700000000000000e+04 1.044557786425883705e+00 -7.460809836602495804e-02
4.722800000000000000e+04 9.930420505164336831e-01 2.111879520178791547e-02
4.722900000000000000e+04 1.054826114315938979e+00 -1.362181807649535670e-01
4.723000000000000000e+04 1.034923788821211055e+00 -5.558216400677065683e-02
4.724700000000000000e+04 1.002826315445864980e+00 1.386695976516803541e-01
4.724800000000000000e+04 9.933150018380606516e-01 -3.801322927009113950e-02
4.725400000000000000e+04 9.844631594911014139e-01 -9.373059432852418049e-02
4.725500000000000000e+04 1.130912194216229905e+00 -7.298964942246299881e-02
4.725600000000000000e+04 1.248488655631370348e+00 3.784519413726636361e-02
4.725700000000000000e+04 1.199266113336668882e+00 1.005736108617733514e-02
4.725800000000000000e+04 1.044829076092874232e+00 -3.945280306962800632e-02
4.725900000000000000e+04 1.106486435600359419e+00 -8.426265471413879604e-02
4.726100000000000000e+04 1.065420141453778280e+00 1.649329968349254327e-02
4.726200000000000000e+04 1.000707404424225455e+00 -1.166490296062961257e-01
4.726300000000000000e+04 1.044009091045829951e+00 -8.629114322281609961e-02
4.726400000000000000e+04 1.028214378728317335e+00 -1.430235626360024104e-02
4.726600000000000000e+04 9.813543965197495389e-01 1.008983731111803492e-02
4.728400000000000000e+04 1.307510562228695994e+00 9.044716804942588839e-02
4.728500000000000000e+04 1.350673768694873544e+00 7.675637341133872971e-02
4.728600000000000000e+04 1.214515561644459618e+00 5.977000528744389612e-02
4.728700000000000000e+04 1.073295746307145082e+00 -7.014410572575519032e-02
4.728800000000000000e+04 1.312550149205543581e+00 8.277466418208653809e-02
4.728900000000000000e+04 1.065689733802627881e+00 -7.724394462924960569e-02
4.729200000000000000e+04 1.157114491603014939e+00 -1.485935948935503299e-02
4.729300000000000000e+04 1.106481233762196315e+00 -1.348482690753730062e-01
4.729400000000000000e+04 1.077773431342814225e+00 -3.162018954052603359e-02
4.729500000000000000e+04 1.061273857716244828e+00 7.069902913853700482e-03
4.729600000000000000e+04 1.057988679901487261e+00 3.153708956077719023e-05
4.731000000000000000e+04 9.612176236422136366e-01 6.552938005452325909e-02
4.732000000000000000e+04 1.080886222740034430e+00 -1.314794700032021757e-01
4.732100000000000000e+04 1.004418186338799313e+00 -1.208481405076027547e-02
4.732500000000000000e+04 1.053223334759830099e+00 4.167705622568447510e-02
4.732600000000000000e+04 1.007400644957047176e+00 -7.340105987851965053e-02
4.732700000000000000e+04 1.034407964129834046e+00 6.233414751362308364e-04
4.732900000000000000e+04 1.023770833923242751e+00 -5.994625654518681568e-02
4.733000000000000000e+04 9.372313284130914246e-01 -9.497988383741040597e-02
4.737500000000000000e+04 1.215962915193201654e+00 6.789194380654035854e-02
4.737700000000000000e+04 1.123904376116773962e+00 -3.250280743353113622e-02
4.737800000000000000e+04 1.143799088649285700e+00 8.143998910202430996e-02
4.737900000000000000e+04 1.107685340840556920e+00 -9.095733876962094899e-02
4.738000000000000000e+04 1.135501129681333765e+00 8.139564226709364303e-02
4.738100000000000000e+04 1.017155287278796116e+00 -1.169441719170574850e-01
4.738200000000000000e+04 9.905167222965862717e-01 -1.676930206533865375e-01
4.738300000000000000e+04 1.086088009281187539e+00 -5.855727749287029105e-02
4.738400000000000000e+04 1.009172073576154238e+00 -7.620666897895447822e-02
4.738600000000000000e+04 1.145364414468989622e+00 -5.152154398802106378e-02
4.741400000000000000e+04 1.009285977056268990e+00 -8.697764049759819371e-02
4.741500000000000000e+04 1.002115553997173558e+00 6.168324505658122348e-02
4.741600000000000000e+04 1.020891358127994586e+00 3.350653075087701993e-02
4.741700000000000000e+04 1.146169613244478303e+00 3.440868503692314645e-02
4.741800000000000000e+04 1.043795381966643898e+00 -9.453590247146040348e-02
4.741900000000000000e+04 1.145832500171769519e+00 8.611144928598099546e-02
4.742000000000000000e+04 1.075561245224089246e+00 -1.596970295942554685e-01
4.742100000000000000e+04 1.092815449659606752e+00 -8.848852120138621380e-02
4.742200000000000000e+04 1.091066260586337267e+00 -2.674137582073405836e-02
4.742300000000000000e+04 1.013098098077624298e+00 -5.156144400575058545e-02
4.745400000000000000e+04 1.097492045202517863e+00 -4.287941829172259300e-02
4.745500000000000000e+04 1.135528046501356858e+00 -2.035508927326493828e-02
4.745600000000000000e+04 1.023934789115797717e+00 4.799916945475130037e-02
4.745700000000000000e+04 1.040145664047283924e+00 3.412334693046469719e-02
4.745800000000000000e+04 1.150586505396527848e+00 -4.928154180489068004e-02
4.745900000000000000e+04 1.063801357890477917e+00 7.538965445804361731e-02
4.746000000000000000e+04 8.861220425429785497e-01 -5.618490054787959181e-02
4.746100000000000000e+04 1.078020364329086211e+00 6.431635159740096974e-02
4.746200000000000000e+04 1.017328370880656641e+00 4.242304407315897891e-02
4.746300000000000000e+04 1.176302613577813627e+00 3.989343148036407494e-02
4.746600000000000000e+04 1.143579808805276876e+00 -3.258308565252688443e-02
4.749600000000000000e+04 1.066133247004132478e+00 -9.015276084959392144e-02
4.749700000000000000e+04 1.074594705777004000e+00 -1.066150796673233231e-01
4.749800000000000000e+04 1.077971551847733744e+00 -1.766590334568026582e-02
4.749900000000000000e+04 1.063547129619306642e+00 7.759345184415378238e-02
4.750000000000000000e+04 1.122842875196379708e+00 -5.127898083874515844e-02
4.750100000000000000e+04 1.080781049584644604e+00 -2.182931255289017811e-02
4.750200000000000000e+04 1.043448319345734232e+00 2.794142045295918819e-03
4.750300000000000000e+04 1.031625150946190450e+00 3.574105783418972393e-02
4.750400000000000000e+04 1.054597127952086044e+00 -2.164895759408160675e-02
4.750500000000000000e+04 1.121845091948165063e+00 -5.018327425605201633e-03
4.751700000000000000e+04 1.034841369731394289e+00 -4.637934287803971434e-02
4.751800000000000000e+04 9.673054512207888145e-01 1.144335879199840367e-01
4.751900000000000000e+04 1.064450426008110240e+00 1.737223682109076753e-02
4.752000000000000000e+04 1.074327308773276535e+00 -3.481576871118969435e-02
4.752100000000000000e+04 1.044628568784096379e+00 -5.061642431413854171e-03
4.752200000000000000e+04 1.106283736179592081e+00 -3.394021102974000004e-02
4.752300000000000000e+04 1.076814394039927292e+00 -5.426577947392576852e-03
4.752400000000000000e+04 1.023200046672980923e+00 2.899799558111035985e-02
4.752500000000000000e+04 1.091497458762228590e+00 2.294699664586708973e-02
4.754300000000000000e+04 1.057644256654919790e+00 -3.128827756827250173e-02
4.754400000000000000e+04 1.065019965258414691e+00 3.276558643546011867e-02
4.754500000000000000e+04 1.017253342249671455e+00 -1.242925773471889248e-02
4.754600000000000000e+04 1.091288448939379485e+00 -6.200200992401076749e-02
4.754700000000000000e+04 1.061624081198922154e+00 2.472989039601874994e-02
4.754800000000000000e+04 1.003507946922087113e+00 3.020849280904789810e-02
4.755000000000000000e+04 1.032037648322317702e+00 1.259707536512592527e-02
4.756000000000000000e+04 1.020598159834432472e+00 -3.378755675091870553e-02
4.756100000000000000e+04 1.116046124257844996e+00 -1.013234767871684511e-01
4.756200000000000000e+04 1.059448910693686852e+00 1.512481233464923504e-02
4.756300000000000000e+04 1.153482873674646081e+00 1.953793916650077220e-02
4.756400000000000000e+04 1.155862383467239241e+00 7.522406494587703836e-03
4.757400000000000000e+04 9.407526070416767361e-01 -1.657167253476766675e-02
4.757500000000000000e+04 1.092317986500018545e+00 -9.772146599824988941e-03
4.757600000000000000e+04 1.133010396624529292e+00 8.946748920646481473e-02
4.758100000000000000e+04 1.110745497866120424e+00 6.404815756170431293e-03
4.758200000000000000e+04 9.207233983418285916e-01 3.370047494570597296e-02
4.774100000000000000e+04 1.137572343247398532e+00 3.005577524511839418e-02
4.774200000000000000e+04 1.144404974318744328e+00 4.760984847057537182e-03
4.774300000000000000e+04 1.117434391525144566e+00 -1.200417333486853561e-02
4.774400000000000000e+04 1.098117974232879268e+00 5.713056425932889863e-03
4.774700000000000000e+04 1.019873069141693067e+00 -1.015333268668225930e-01
4.775100000000000000e+04 1.002623891319103233e+00 -1.875812564050093750e-02
4.775200000000000000e+04 1.106976016173224275e+00 -5.155594246333732728e-02
4.775300000000000000e+04 1.055128943820819343e+00 -2.008214162806864003e-02
4.780200000000000000e+04 1.137933659691962918e+00 6.451560682518187040e-02
4.780300000000000000e+04 1.037719360970740690e+00 -5.197098430258943746e-02
4.780400000000000000e+04 1.025885874488973393e+00 -7.497748317324859357e-02
4.780500000000000000e+04 1.079906022013314759e+00 -6.917383586157049846e-02
4.780600000000000000e+04 1.054493801661636310e+00 -8.521377257281105566e-02
4.780700000000000000e+04 1.021618753922267642e+00 -5.815597338468986993e-02
4.780800000000000000e+04 9.764322892748391602e-01 2.070120111085520936e-02
4.780900000000000000e+04 1.010026135701090455e+00 -1.191324422316956400e-01
4.781000000000000000e+04 1.117652279464118159e+00 4.486373765255355361e-02
4.781100000000000000e+04 1.062950606962780320e+00 8.494862039526080918e-03
4.781200000000000000e+04 1.083712622750193644e+00 -3.442467210045044995e-02
4.781300000000000000e+04 1.078760394435811731e+00 -7.764594163754372225e-02
4.781400000000000000e+04 1.002000859017990964e+00 -7.768723998841164935e-02
4.781500000000000000e+04 1.035210457567291797e+00 -6.569318891714610864e-02
4.782700000000000000e+04 1.066168601640082425e+00 -6.024207618572616219e-02
4.782800000000000000e+04 1.037376003306513583e+00 -1.010243312355734065e-02
4.782900000000000000e+04 1.079649516949113153e+00 -1.309242150641640456e-01
4.783000000000000000e+04 1.054888265627817567e+00 -4.341538631461044732e-03
4.783100000000000000e+04 9.704993447632827008e-01 -3.632965215626489386e-02
4.783200000000000000e+04 9.481065687169135670e-01 -1.433607538066307766e-02
4.783300000000000000e+04 9.353495446039808980e-01 -3.889138534684640630e-02
4.783400000000000000e+04 9.925678948143999980e-01 -6.302314736811448492e-02
4.783500000000000000e+04 1.069593086744563992e+00 4.422763751253649261e-02
4.783600000000000000e+04 1.035936799404865161e+00 -4.620197993391023106e-02
4.783700000000000000e+04 1.088601600445631368e+00 -4.242805850339238793e-02
4.783800000000000000e+04 1.032189595884859257e+00 -3.935721586306409336e-02
4.783900000000000000e+04 1.034987102995491570e+00 -5.471006957560342263e-03
4.784000000000000000e+04 9.259234509788150103e-01 8.531058651643336210e-02
4.784100000000000000e+04 1.062248339660725405e+00 -8.205239759272445199e-02
4.785500000000000000e+04 9.717208549929067241e-01 -9.514862910982398170e-02
4.785600000000000000e+04 1.032780256526744544e+00 -2.891795602908065962e-02
4.785700000000000000e+04 1.064380306129294462e+00 2.142467896074995784e-02
4.785800000000000000e+04 1.053138412924552902e+00 -3.919752240284649081e-02
4.785900000000000000e+04 1.065624679895621707e+00 -9.990723006885360302e-02
4.786000000000000000e+04 9.776787550563631468e-01 -1.125815481432959758e-01
4.786100000000000000e+04 1.015640782905757877e+00 -3.244366627569295058e-02
4.786200000000000000e+04 1.031666670000920938e+00 -3.666170390272562724e-02
4.786300000000000000e+04 9.692949508255187530e-01 1.682089950299043082e-02
4.786400000000000000e+04 1.009879651854020510e+00 2.621547326466739606e-03
4.786500000000000000e+04 1.279082749967625388e+00 -3.477797377860213091e-02
4.786600000000000000e+04 1.078670942861941207e+00 -7.733803595522427410e-02
4.786700000000000000e+04 1.086788069838467097e+00 -1.748711318869046460e-02
4.786800000000000000e+04 9.961220061284081773e-01 -4.887941843783843998e-02
4.786900000000000000e+04 1.100602688959633646e+00 6.125272422261997946e-02
4.787000000000000000e+04 1.012589865179324145e+00 2.362309811459430489e-02
4.788600000000000000e+04 9.659419963258473185e-01 -7.950115128953660903e-02
4.788700000000000000e+04 9.559817168392369391e-01 -6.314647822064031746e-02
4.788800000000000000e+04 1.019462010293088028e+00 -5.442303223996218520e-02
4.788900000000000000e+04 1.055383299387821383e+00 -1.182772323490619004e-02
4.789000000000000000e+04 9.873127274376760631e-01 -3.389608016864303908e-03
4.789100000000000000e+04 9.969514235684693304e-01 -4.650941908779378936e-02
4.789200000000000000e+04 1.101157591604177366e+00 -2.284074053137195165e-02
4.789300000000000000e+04 1.088557711793694427e+00 -5.994291709635585219e-03
4.789400000000000000e+04 1.031625312097165681e+00 -1.507352525787014966e-02
4.789600000000000000e+04 1.053547587060134294e+00 -3.880386162101451958e-02
4.789700000000000000e+04 9.558258912244699257e-01 2.425685569477447484e-02
4.789800000000000000e+04 1.110951092637946225e+00 -8.547002553730413676e-03
4.789900000000000000e+04 1.068360709981204026e+00 -2.497968203249804203e-02
4.790000000000000000e+04 1.033133520625035384e+00 -3.047610419567104573e-02
4.791100000000000000e+04 1.059315065059306615e+00 -8.298359046733670696e-02
4.791200000000000000e+04 1.081855444222161955e+00 -4.270690882360986262e-02
4.791300000000000000e+04 1.015595912816729118e+00 -1.326025518984647877e-01
4.791400000000000000e+04 1.051849749745090934e+00 -2.303762111196424461e-02
4.791500000000000000e+04 1.049825843849250040e+00 -8.465960689417054152e-02
4.791600000000000000e+04 9.596580019208610368e-01 -3.141792183238872882e-02
4.791700000000000000e+04 1.034168915814689838e+00 -5.603547675245080378e-02
4.791800000000000000e+04 9.903119146394991912e-01 -4.823512891133056868e-02
4.791900000000000000e+04 1.057168587370368007e+00 -4.823193632874370196e-02
