5.600500000000000000e+04 8.556905207097528221e-01 -4.237157524398389719e-02
5.600600000000000000e+04 9.617011587730062150e-01 -1.886544044492970140e-02
5.601200000000000000e+04 8.251638478272087518e-01 9.558218473898467960e-02
5.602600000000000000e+04 8.761323368130026212e-01 -4.403569952325118303e-02
5.602700000000000000e+04 8.991426673926364854e-01 6.168209415554339742e-02
5.602800000000000000e+04 9.861041336894985632e-01 2.647709533635003026e-02
5.602900000000000000e+04 8.221839349914381589e-01 -4.689370290190398444e-02
5.603000000000000000e+04 9.653669811505473097e-01 -3.685513860996141727e-02
5.604000000000000000e+04 1.066621294767381878e+00 -6.941115434065896206e-02
5.604100000000000000e+04 1.056347792184074930e+00 1.869749901803671038e-02
5.604200000000000000e+04 1.023297841105515582e+00 7.006305390329405081e-04
5.604300000000000000e+04 9.178899449866385618e-01 6.537016645206664145e-02
5.605100000000000000e+04 8.519925574573070648e-01 -1.181556945220678945e-01
5.605200000000000000e+04 9.020113243472259734e-01 -5.776015037914592615e-02
5.605300000000000000e+04 1.061968449504790080e+00 6.116816964385661526e-02
5.605400000000000000e+04 1.269050405686478644e+00 -1.113135585296537271e-03
5.605500000000000000e+04 1.084532173434248570e+00 -8.415130586461602724e-02
5.605600000000000000e+04 1.069004830915240012e+00 -6.539363068177236893e-02
5.606100000000000000e+04 1.103024187966402003e+00 -4.665221539304915260e-02
5.606200000000000000e+04 1.087080874057700042e+00 -7.539652972022262145e-03
5.606300000000000000e+04 1.095888242281624736e+00 1.219186285473763086e-02
5.606400000000000000e+04 1.117916498176163342e+00 -4.066341812623912311e-02
5.607500000000000000e+04 8.854320674090649934e-01 2.547543262856907104e-02
5.607600000000000000e+04 1.060853063776097338e+00 3.232988389087954051e-02
5.607700000000000000e+04 1.013910309915088348e+00 -8.534360818486942668e-02
5.607800000000000000e+04 9.970834177427354561e-01 -1.149859507857305396e-01
5.608700000000000000e+04 9.973126710364871306e-01 4.429302053438629455e-02
5.609400000000000000e+04 1.004102038258266383e+00 -4.226853929731440307e-02
5.609500000000000000e+04 9.403595272530311799e-01 -1.041616404250524236e-01
5.609800000000000000e+04 1.029941952895362167e+00 4.503627571994102408e-02
5.610100000000000000e+04 9.764338076437939495e-01 5.912903625286086012e-02
5.610200000000000000e+04 1.019941623766279282e+00 -3.387681661764404412e-02
5.610300000000000000e+04 1.015275757402716694e+00 2.351071298224240852e-02
5.610400000000000000e+04 9.679825743182572939e-01 5.653863675448576182e-02
5.611400000000000000e+04 9.912671560694846784e-01 2.487367270337767500e-02
5.612200000000000000e+04 1.018655961755811523e+00 -8.864429032085779925e-02
5.612300000000000000e+04 1.067031320907690040e+00 -7.276703002009689975e-03
5.612400000000000000e+04 9.733134534500217372e-01 1.804255356627815221e-02
5.612500000000000000e+04 9.745689515734323738e-01 8.603384214120521345e-02
5.612600000000000000e+04 1.048079434499228801e+00 -1.154204578980656641e-02
5.612700000000000000e+04 9.570990103880202549e-01 5.808146897431337718e-02
5.614100000000000000e+04 9.766793183396215161e-01 5.864460739640583314e-02
5.615100000000000000e+04 9.844217892645289458e-01 -8.900942862433684766e-02
5.615300000000000000e+04 1.019137483645810249e+00 3.905598202277149600e-02
5.615400000000000000e+04 1.014609875870835509e+00 -3.236576343320465149e-02
5.622200000000000000e+04 9.005328226852885587e-01 -1.459460680795381382e-01
5.623100000000000000e+04 1.100708078592330219e+00 7.065629239936085937e-02
5.623200000000000000e+04 1.010984380167340824e+00 -4.354063533777787626e-02
5.628400000000000000e+04 1.058934015201228540e+00 5.775142037415936097e-02
5.628500000000000000e+04 9.238271656360089734e-01 1.728215414953604770e-02
5.630100000000000000e+04 9.263091281348360129e-01 -1.028162959812975175e-01
5.630200000000000000e+04 1.112707538529412732e+00 6.420546680793937089e-02
5.630300000000000000e+04 1.070849700250401604e+00 1.242679030313639660e-01
5.630400000000000000e+04 1.103410531315395460e+00 -6.876346748020119130e-03
5.631500000000000000e+04 1.194788502516000106e+00 -6.876121329236304681e-03
5.631600000000000000e+04 1.312670096016762544e+00 -4.890917063760383092e-03
5.634800000000000000e+04 9.963242811367009066e-01 -3.036220413705587040e-02
5.636300000000000000e+04 9.687517846158789636e-01 5.782136700546931102e-02
5.636400000000000000e+04 1.131084758951250269e+00 -2.278699157409969436e-02
5.636500000000000000e+04 1.000299231099012864e+00 -4.453099896057745311e-02
5.636600000000000000e+04 9.634561422685389287e-01 -1.019915288796828245e-01
5.636700000000000000e+04 9.677443161157007756e-01 -8.879217011343701338e-02
5.646100000000000000e+04 1.058417406265087068e+00 -4.277910583783336995e-02
5.648900000000000000e+04 1.001992091167778431e+00 -1.211082599570632579e-01
5.649000000000000000e+04 1.019491471495081569e+00 5.676622462555401538e-02
5.649100000000000000e+04 9.984947468466156550e-01 -2.069249010085933566e-02
5.649200000000000000e+04 9.238804592412308558e-01 1.308630829873565771e-01
5.649300000000000000e+04 9.321202476190951769e-01 -7.810800078013822867e-02
5.649400000000000000e+04 8.261616013036787720e-01 7.646444427473496341e-02
5.651500000000000000e+04 8.563863433391974977e-01 1.495163600589171152e-03
5.652200000000000000e+04 9.182202531569494397e-01 -4.550316267478812099e-02
5.652300000000000000e+04 1.044568677873633611e+00 -7.410923983184999897e-02
5.652400000000000000e+04 1.040424664835889690e+00 -1.153567420039097180e-01
5.652600000000000000e+04 1.077567654306432976e+00 -3.890254862265291741e-02
5.652700000000000000e+04 1.073058904892231880e+00 -2.433255969720269848e-02
5.652800000000000000e+04 9.682006603298329850e-01 6.260359969701210885e-03
5.653000000000000000e+04 1.052856248865952526e+00 3.475601529266308248e-02
5.653100000000000000e+04 1.017975675448820505e+00 -4.585674840964969884e-02
5.653200000000000000e+04 1.081654522515232308e+00 -8.302526725755735026e-02
5.655000000000000000e+04 8.515603075943348754e-01 -7.140214686420850998e-02
5.655100000000000000e+04 1.111630445611615947e+00 2.313922009952506208e-03
5.655200000000000000e+04 1.076878980524276219e+00 -2.430266166615671283e-02
5.655500000000000000e+04 1.047329958131032690e+00 -9.344855024225386109e-02
5.655600000000000000e+04 1.053121773800318906e+00 -1.410623342156325233e-01
5.655800000000000000e+04 9.843188505637000540e-01 -7.268401370774894843e-02
5.655900000000000000e+04 9.946722489854162852e-01 3.217738838465803580e-02
5.656000000000000000e+04 1.071406114643027818e+00 -1.583309880228009683e-02
5.656100000000000000e+04 9.677704531973084778e-01 1.817394446375682898e-02
5.656200000000000000e+04 1.004375469326281411e+00 -3.295267731007277875e-03
5.656300000000000000e+04 9.723989353018178683e-01 2.908064316512525352e-02
5.657800000000000000e+04 9.406314144526124466e-01 -1.566645872963797620e-02
5.657900000000000000e+04 9.876493759163088582e-01 -8.321896206403001095e-03
5.663200000000000000e+04 1.102727505547228315e+00 3.684177468612713502e-02
5.663300000000000000e+04 1.205760720115003792e+00 -6.300525552716457200e-03
5.663400000000000000e+04 1.009209216652773744e+00 -1.021242758564619851e-01
5.663500000000000000e+04 1.080403155777618807e+00 -5.047568711125442753e-02
5.663600000000000000e+04 1.106828012410960183e+00 -7.139258921778662836e-03
5.663700000000000000e+04 9.881493375836486459e-01 -1.194832882570257548e-01
5.663800000000000000e+04 1.046880962123104775e+00 1.204843062626627902e-02
5.663900000000000000e+04 1.001479427817204781e+00 -2.312824440611838464e-02
5.664000000000000000e+04 9.574399349403579507e-01 -9.038219862325498621e-02
5.664100000000000000e+04 1.002916722301423036e+00 8.236108069958977818e-02
5.664200000000000000e+04 1.001218078812288637e+00 4.841941368162500092e-02
5.666300000000000000e+04 1.023120716398039365e+00 9.706963347599352476e-02
5.666400000000000000e+04 9.606616226346624821e-01 -2.976199692462732499e-02
5.666500000000000000e+04 1.033784833128974734e+00 1.455196807331499316e-02
5.666600000000000000e+04 9.533851080006847667e-01 -4.040644372843489596e-02
5.677500000000000000e+04 9.578348738965682951e-01 2.000268715347847809e-02
5.677600000000000000e+04 9.658892458075847287e-01 4.195496295482339932e-02
5.677700000000000000e+04 9.721086301993708823e-01 6.695993555377025008e-02
5.679900000000000000e+04 7.894427642758544694e-01 1.134150065140347302e-01
5.680000000000000000e+04 1.015589822478584647e+00 8.516235173226371219e-03
5.688100000000000000e+04 9.180478853696925068e-01 -1.132724717645748093e-02
5.747500000000000000e+04 8.786668456444444164e-01 9.054063932171729778e-03
5.752300000000000000e+04 1.027773800579068864e+00 3.637992390688254279e-02
5.752400000000000000e+04 7.549622579199377626e-01 -2.625677596780121026e-02
5.753400000000000000e+04 1.041094371109732908e+00 1.215194762587486904e-02
5.753500000000000000e+04 1.160281601259571138e+00 2.374167540635134521e-02
5.753600000000000000e+04 1.116581651073749626e+00 1.156469143050827542e-01
5.753700000000000000e+04 1.003410670821943018e+00 -1.056485720594021321e-01
5.753900000000000000e+04 1.045143728788413773e+00 -6.273251367427622183e-02
5.754000000000000000e+04 1.008063628728622430e+00 -5.441606436105278499e-02
5.754100000000000000e+04 9.738516453349486124e-01 -1.406510893069676076e-02
5.755300000000000000e+04 1.076129351636313736e+00 9.491213515175503379e-02
5.755400000000000000e+04 1.081057043959804842e+00 7.758944651583743468e-02
5.755700000000000000e+04 1.034393898029461578e+00 -1.504476657326661582e-02
5.755800000000000000e+04 1.098238617504029291e+00 -3.070337983404605384e-04
5.756000000000000000e+04 9.991690816029342725e-01 1.047631598076815274e-01
5.756100000000000000e+04 1.005795849165005418e+00 -7.096727798798352360e-02
5.756800000000000000e+04 1.060189944182055921e+00 -2.807274820622294303e-02
5.757000000000000000e+04 1.015693827859030174e+00 8.755632418631924263e-02
5.757200000000000000e+04 8.490655351948526164e-01 3.634023282444012043e-02
5.757400000000000000e+04 1.044229671464081299e+00 -6.131666321443852985e-02
5.759700000000000000e+04 1.032468742962406871e+00 -6.334140105458199721e-03
5.759800000000000000e+04 1.024057244118488974e+00 -1.524387963156001446e-03
5.761000000000000000e+04 1.000049585102467775e+00 7.900143685583245479e-02
5.761100000000000000e+04 1.014935673013791950e+00 5.075015851618075099e-03
5.761200000000000000e+04 1.028109640499411670e+00 7.488235574871788397e-03
5.761300000000000000e+04 1.032722883894857446e+00 3.016967092463770928e-02
5.761400000000000000e+04 1.049603120143004498e+00 -5.482426425906274103e-02
5.761500000000000000e+04 9.836314519481511587e-01 8.736043207325977500e-02
5.761600000000000000e+04 1.018121979860346693e+00 -1.345882764022013345e-02
5.761800000000000000e+04 9.737048238289415236e-01 8.507348007180144667e-02
5.779800000000000000e+04 9.961024794814516969e-01 -1.636456274673880190e-02
5.797800000000000000e+04 1.003397945387649814e+00 -4.557976891546383635e-03
5.799500000000000000e+04 7.659817157865281834e-01 -6.492076362410592605e-02
5.799700000000000000e+04 1.084568012573982276e+00 2.896081913568832565e-03
5.799800000000000000e+04 1.035616375892605356e+00 -6.810203469513735619e-02
5.800600000000000000e+04 9.875551491049061603e-01 -2.105974062728218493e-02
5.800800000000000000e+04 1.025080089394632576e+00 -4.064342237245823636e-02
5.801000000000000000e+04 1.060951868489152350e+00 2.259859790658939535e-02
5.801100000000000000e+04 1.084177378989231499e+00 9.971027841153532606e-03
5.801200000000000000e+04 1.073011124089841672e+00 -7.326501217182880554e-02
5.803000000000000000e+04 1.019607000708316003e+00 -1.337530250934724531e-02
5.803200000000000000e+04 1.109152697716776492e+00 -8.497097402028690183e-02
5.803300000000000000e+04 1.123999570998517994e+00 2.021123921028127567e-03
5.803400000000000000e+04 1.051832556580230227e+00 -2.282263538891528623e-02
5.803500000000000000e+04 1.084974012147747358e+00 2.026699368536380441e-02
5.807100000000000000e+04 9.010736225012394573e-01 -1.301394148153987018e-01
5.807200000000000000e+04 1.014624517694806105e+00 -8.245173578365620759e-02
5.807300000000000000e+04 1.089196747962916545e+00 5.518433072860670641e-02
5.807400000000000000e+04 1.063808599105501740e+00 -2.025280341538693643e-02
5.807500000000000000e+04 1.033586344972692528e+00 3.049422965029578020e-02
5.807600000000000000e+04 1.086904433133861536e+00 -8.173236570733519168e-02
5.811200000000000000e+04 1.073450328675200849e+00 -2.859218824410424478e-02
5.811300000000000000e+04 1.127218957610369054e+00 8.553600581338782413e-03
5.811400000000000000e+04 1.056943004528021923e+00 -1.076903187223728214e-01
5.811500000000000000e+04 1.056645079185551062e+00 -1.922262247798744647e-02
5.813400000000000000e+04 1.048709876078146586e+00 -2.128563505600137434e-02
5.813600000000000000e+04 1.026327582888064027e+00 -2.743538378372051625e-02
5.813700000000000000e+04 1.076893433617751805e+00 -4.340582260188308172e-02
5.813800000000000000e+04 1.057512453207052117e+00 -7.162731973962105370e-02
5.813900000000000000e+04 1.085147853436001730e+00 1.574602413743997342e-02
5.814800000000000000e+04 9.444358528396956665e-01 1.300988346696761444e-01
5.815600000000000000e+04 9.625405979973012949e-01 -6.656435502104482600e-03
5.815800000000000000e+04 1.010790519015380973e+00 3.314057433959018140e-02
5.815900000000000000e+04 1.102246385855596866e+00 2.447032486426240633e-02
5.816000000000000000e+04 1.080034801851043280e+00 -3.429957677340621930e-02
5.816100000000000000e+04 1.045234271756375399e+00 -5.675417694242400335e-02
5.817000000000000000e+04 9.570160844655620780e-01 5.080506406547128512e-02
5.817100000000000000e+04 9.282184954339536276e-01 1.941418160189732275e-02
5.818600000000000000e+04 9.439592762490859323e-01 -3.356376895603084554e-02
5.818700000000000000e+04 9.491609762731827438e-01 4.408739764925690557e-03
5.818800000000000000e+04 1.036800593897053480e+00 8.587773752533342519e-02
5.818900000000000000e+04 9.674177106837879014e-01 6.659114510653658947e-02
5.819000000000000000e+04 9.464806637173165393e-01 4.013344273683997626e-03
5.819100000000000000e+04 7.166384919006050236e-01 5.719338457601434722e-02
5.819900000000000000e+04 1.001295165751492577e+00 5.827514284276442275e-02
5.820000000000000000e+04 8.839424825081619863e-01 5.180654849772019233e-02
5.821400000000000000e+04 1.046047157633944735e+00 -7.767011334928400346e-02
5.821500000000000000e+04 9.745272876997740363e-01 -4.649333719630183853e-04
5.821600000000000000e+04 9.751468314735336484e-01 5.274276726046069758e-02
5.821700000000000000e+04 1.042150998677471296e+00 1.055950524606966007e-01
5.822500000000000000e+04 9.820311545591202673e-01 3.603495049448374871e-02
5.822600000000000000e+04 9.059343755040313306e-01 6.827490139720149287e-02
5.823200000000000000e+04 9.644833482677338532e-01 -4.461647812425129089e-02
5.824500000000000000e+04 9.292007266695627710e-01 7.728371078791908266e-03
5.824600000000000000e+04 9.360044917941596765e-01 2.627765133385991797e-02
5.824700000000000000e+04 9.090905945824749868e-01 1.431167362561866496e-01
5.824900000000000000e+04 9.076658722261543577e-01 3.088452172341651925e-02
