3.248600000000000000e+04 1.142486888375105147e+00 1.054307825353233315e-02
3.248800000000000000e+04 1.149975841993666092e+00 1.564854004446131486e-01
3.249200000000000000e+04 1.097979362989117247e+00 1.168580001531469292e-01
3.249300000000000000e+04 1.118678432899225639e+00 4.262192790359631278e-02
3.249400000000000000e+04 1.062684508598636057e+00 5.592484196003994629e-02
3.249500000000000000e+04 9.690982009225436178e-01 -3.668435649211661959e-02
3.249600000000000000e+04 1.085441136072489376e+00 1.467475739003241443e-02
3.251400000000000000e+04 1.067307799992269102e+00 5.680820169944865439e-02
3.251500000000000000e+04 9.987749374718318807e-01 -3.607393354251330064e-02
3.251600000000000000e+04 1.054731903504560364e+00 4.668512353699775727e-03
3.251700000000000000e+04 1.370920869819603816e+00 -3.366761895113372545e-03
3.251900000000000000e+04 9.937167959979684717e-01 7.197472930928699997e-02
3.254700000000000000e+04 1.188710742521139840e+00 4.767136398934171404e-02
3.254800000000000000e+04 1.474714975994173338e+00 1.479287925276334958e-01
3.258300000000000000e+04 1.227998907635802661e+00 3.059368613475459478e-02
3.285200000000000000e+04 1.075111052574898807e+00 -9.687758848289007921e-03
3.285300000000000000e+04 1.071139784144133245e+00 7.158554951233333553e-03
3.285400000000000000e+04 1.124453700656722566e+00 8.165238351993896193e-02
3.289000000000000000e+04 9.693296624981306842e-01 -7.271700211609093134e-02
3.289100000000000000e+04 9.698101912901102573e-01 4.871733062206856646e-02
3.289200000000000000e+04 1.033744352106331421e+00 6.812949356898444220e-02
3.291100000000000000e+04 9.589597240423661795e-01 7.123859924506747987e-02
3.291600000000000000e+04 1.020179319843158794e+00 7.646781159037237263e-02
3.291700000000000000e+04 9.695088627815473536e-01 5.427771612566716780e-02
3.291800000000000000e+04 9.939778215129723149e-01 1.213133193993826409e-01
3.292300000000000000e+04 1.031336951089832699e+00 1.489693782405168976e-01
3.292400000000000000e+04 9.821208533669645302e-01 3.483256806225896313e-02
3.294900000000000000e+04 1.022768495640270281e+00 4.574869150947968172e-02
3.295000000000000000e+04 1.043143182070856767e+00 1.043592007556275042e-01
3.295100000000000000e+04 1.017634288558946221e+00 5.913078201406134216e-02
3.295800000000000000e+04 1.052150184053894488e+00 3.510875262322307039e-02
3.295900000000000000e+04 7.929534080794763407e-01 4.089253708582876734e-02
3.296700000000000000e+04 1.100983570510161602e+00 1.056875711529283585e-01
3.296800000000000000e+04 1.130886825193794909e+00 7.086142834522170253e-02
3.296900000000000000e+04 1.048685470434526534e+00 9.730729557786914341e-02
3.297100000000000000e+04 1.167713838599441223e+00 1.445400858243705289e-01
3.297200000000000000e+04 1.059842282326019625e+00 -1.281244072644590129e-02
3.297300000000000000e+04 1.118265352514798971e+00 -1.773930738989409200e-02
3.297400000000000000e+04 9.704504470132760963e-01 1.473825570440367647e-02
3.297500000000000000e+04 1.108151999422283707e+00 1.229251604378970020e-01
3.297600000000000000e+04 1.078110474533741980e+00 4.673597982465890754e-02
3.297700000000000000e+04 1.049404889982135325e+00 -1.501634564535838387e-04
3.297800000000000000e+04 9.821274763461094182e-01 5.499036391025988180e-02
3.297900000000000000e+04 1.040006939913741713e+00 3.744821574354847277e-02
3.298000000000000000e+04 1.006605232378962489e+00 7.019192037721491695e-02
3.299400000000000000e+04 1.073676983580825306e+00 2.954489898123088473e-02
3.299500000000000000e+04 1.102227016309321517e+00 7.309751018614314699e-02
3.299600000000000000e+04 1.105604246660694123e+00 5.820606048002692837e-03
3.299700000000000000e+04 1.048304352037469078e+00 1.120618297460664187e-01
3.299800000000000000e+04 1.160231090812725574e+00 1.155857181588659660e-01
3.299900000000000000e+04 1.047822492934821881e+00 7.116269084223136865e-03
3.300000000000000000e+04 1.106867037588460390e+00 -3.043676001445893772e-02
3.300100000000000000e+04 1.011387588917184832e+00 -2.587172865818619660e-02
3.300200000000000000e+04 1.129771002774822675e+00 1.412552899632854853e-01
3.300300000000000000e+04 1.040746242574681624e+00 5.162754441951356021e-02
3.300400000000000000e+04 9.913984414983828541e-01 -4.246941742941394426e-02
3.300500000000000000e+04 9.685125640821897752e-01 1.385650090597644601e-01
3.300600000000000000e+04 1.112421535619499968e+00 1.997812582937307305e-02
3.300700000000000000e+04 9.984350101441665792e-01 4.063332440808435642e-02
3.300800000000000000e+04 9.770879489546276941e-01 1.725681129949897807e-01
3.300900000000000000e+04 9.861534272342271645e-01 3.825595821332405944e-02
3.301000000000000000e+04 1.140166588364701861e+00 1.013554065216394073e-01
3.302300000000000000e+04 1.134395444092702210e+00 1.537974386468552238e-02
3.302400000000000000e+04 1.171829720808897690e+00 5.968767588598964530e-02
3.302500000000000000e+04 1.157375311789631933e+00 -1.882444410930551523e-02
3.302600000000000000e+04 1.241919427464479364e+00 1.237617869096173245e-01
3.302700000000000000e+04 1.104579547913629334e+00 -9.671315505842445481e-02
3.303000000000000000e+04 9.340350117656799345e-01 7.757358236655509387e-02
3.303100000000000000e+04 9.952589486031040433e-01 -2.080784131830779038e-02
3.303200000000000000e+04 1.035512105293210583e+00 -3.653418777832911218e-03
3.303500000000000000e+04 1.141612821689548030e+00 1.376497524403797468e-01
3.303600000000000000e+04 1.226677250345836523e+00 1.234303518434110986e-01
3.303800000000000000e+04 1.200337345317038285e+00 1.695990184583464899e-01
3.307400000000000000e+04 1.230088671940878120e+00 1.204672131371262306e-01
3.307500000000000000e+04 1.137039708661866211e+00 1.050873952286333485e-01
3.307600000000000000e+04 1.174911225494988942e+00 6.594802548129459485e-02
3.307700000000000000e+04 1.106195567838202720e+00 1.252856962954358444e-01
3.307800000000000000e+04 1.100722728187831345e+00 8.040363504541338247e-02
3.307900000000000000e+04 1.128826713923488434e+00 4.790023111903617126e-02
3.308000000000000000e+04 1.109606793329564134e+00 -3.078218707472970758e-02
3.308100000000000000e+04 1.189071179412413359e+00 9.402801093935143906e-02
3.308200000000000000e+04 9.906001386085593330e-01 2.220092733809171312e-02
3.308300000000000000e+04 1.050908182626243859e+00 -1.076792263282978362e-01
3.308700000000000000e+04 1.182963120257500611e+00 1.114858568934651017e-01
3.309300000000000000e+04 9.829792921183315713e-01 4.544095585618378869e-02
3.309900000000000000e+04 1.095162488170919213e+00 1.716438627554244534e-01
3.310000000000000000e+04 1.054191778262218104e+00 -1.200918590645728111e-02
3.310100000000000000e+04 1.061362873780389737e+00 -2.794317198785378070e-02
3.310200000000000000e+04 1.008175489725801732e+00 6.886554154857443821e-02
3.310300000000000000e+04 1.027310150154425283e+00 8.993758294772857820e-02
3.310400000000000000e+04 1.015716220938984948e+00 -1.893026320219624858e-02
3.310500000000000000e+04 1.080949340085148425e+00 1.653822237975812737e-01
3.310600000000000000e+04 1.038920754159581739e+00 -5.540085227217274311e-02
3.310700000000000000e+04 1.022007781964311857e+00 -4.743753415274157281e-02
3.311400000000000000e+04 9.816571234754402075e-01 9.819311258084457289e-03
3.311700000000000000e+04 1.046248930402160049e+00 1.329917958510340725e-01
3.312800000000000000e+04 1.032984160415192809e+00 1.332973697057538397e-02
3.312900000000000000e+04 1.033498010485697893e+00 -1.020176798382561867e-01
3.313000000000000000e+04 1.086104303437389840e+00 -5.616867745004259019e-03
3.313200000000000000e+04 1.051060708198118032e+00 7.916102726673568402e-02
3.313300000000000000e+04 1.041918569327323185e+00 -3.111819921605748357e-02
3.314600000000000000e+04 1.098242739873737106e+00 3.681956503048594564e-02
3.314700000000000000e+04 1.153784260928619743e+00 1.092882203820464970e-01
3.315300000000000000e+04 1.068395067643196139e+00 5.676682853389325434e-02
3.315400000000000000e+04 1.039514879493462995e+00 9.261398672733726911e-02
3.315500000000000000e+04 9.925631640883897377e-01 1.280985154049713304e-01
3.315600000000000000e+04 9.744512292453706426e-01 1.271054657451199943e-01
3.315700000000000000e+04 1.008026464648682730e+00 7.526234046790217236e-02
3.317000000000000000e+04 1.052331218803900459e+00 8.720451541362055081e-02
3.317100000000000000e+04 1.060059689523495496e+00 4.800040685263799733e-02
3.320500000000000000e+04 1.073812904521748601e+00 2.814921528966541492e-02
3.320600000000000000e+04 1.058857322690962999e+00 -1.032509775822876008e-01
3.321800000000000000e+04 1.057646696293179200e+00 5.280105698050129720e-02
3.321900000000000000e+04 1.146951148951657506e+00 1.206787966568063225e-01
3.322600000000000000e+04 1.100998737584483411e+00 1.105793533066578849e-01
3.323700000000000000e+04 1.129543377396645454e+00 1.725229305060102612e-03
3.323800000000000000e+04 1.029477076851672113e+00 3.690509614982819681e-02
3.323900000000000000e+04 1.280674173407689409e+00 8.081303643514760326e-02
3.325000000000000000e+04 9.979267221466724402e-01 1.780801648802159826e-02
3.326200000000000000e+04 1.206343408531649564e+00 -5.094354430379132576e-02
3.326300000000000000e+04 1.086887767601510957e+00 6.858698711461726216e-02
3.326400000000000000e+04 1.021032503588395590e+00 2.273093340141871949e-02
3.326500000000000000e+04 1.067375803919752064e+00 5.515727472137746390e-02
3.329300000000000000e+04 1.139512111055668075e+00 5.744560123238826727e-02
3.329400000000000000e+04 1.139258854071436344e+00 8.568419636987028090e-03
3.329500000000000000e+04 1.128292141454385389e+00 1.440860927629012411e-01
3.329600000000000000e+04 1.092674378719493244e+00 7.326749970777818310e-02
3.331500000000000000e+04 1.131634173320669623e+00 9.702663417441995120e-02
3.331600000000000000e+04 1.111377272263788241e+00 -2.572144425264595580e-02
3.331700000000000000e+04 1.192796611124217199e+00 1.684965731877482997e-02
3.334000000000000000e+04 1.197138817955436974e+00 -6.001810189972273807e-02
3.334100000000000000e+04 1.166629512520999779e+00 7.639356871818848982e-02
3.334200000000000000e+04 1.262323512984515173e+00 4.185797798033814854e-02
3.334300000000000000e+04 1.173361329824052834e+00 2.411848307568534994e-02
3.335900000000000000e+04 1.235732501775128833e+00 -5.055829376404511605e-02
3.336000000000000000e+04 1.176435048595787070e+00 4.609168947761009549e-02
3.336100000000000000e+04 1.182397814322882379e+00 6.441686206478287879e-02
3.336200000000000000e+04 1.237828800198770507e+00 -6.779415152036509518e-02
3.337700000000000000e+04 1.216206128198805914e+00 7.194005216511517586e-02
3.337800000000000000e+04 1.161098816504173792e+00 -3.849950503534273205e-02
3.337900000000000000e+04 1.207068652394174713e+00 5.472398512412821742e-02
3.339000000000000000e+04 1.147522005161867087e+00 1.786908119158238939e-01
3.339100000000000000e+04 1.158597759865299670e+00 2.117662051006995866e-02
3.344500000000000000e+04 1.058521350812385187e+00 1.631155616569037944e-02
3.344600000000000000e+04 1.116459016058208187e+00 8.682905681529075326e-02
3.345400000000000000e+04 1.045636406727207257e+00 1.772622574537084661e-01
3.345500000000000000e+04 1.120093966270356622e+00 3.954314566741333470e-02
3.345600000000000000e+04 1.072414215998198639e+00 1.840049719077808954e-01
3.345700000000000000e+04 1.024975161578097538e+00 -5.248231180709778815e-02
3.346300000000000000e+04 1.054233394586429506e+00 2.080374262511182626e-01
3.346400000000000000e+04 1.097220880481720506e+00 1.494171534413940225e-02
3.346500000000000000e+04 1.113820200246596892e+00 1.696941066772259255e-01
3.346600000000000000e+04 1.009140668106781380e+00 3.521023632450642760e-02
3.347800000000000000e+04 1.040803779400038209e+00 2.133242549741355409e-01
3.347900000000000000e+04 1.114559069244603018e+00 1.438539186182722328e-02
3.348000000000000000e+04 1.090032287679259415e+00 9.283774433392252834e-02
3.348100000000000000e+04 1.007774199812097704e+00 -1.434680410578570604e-02
3.349600000000000000e+04 1.020816282076953962e+00 1.787932428177250177e-01
3.349700000000000000e+04 1.072133111974830300e+00 2.449242795658379823e-01
3.349800000000000000e+04 1.020092803419437644e+00 -3.290133851025239115e-02
3.351300000000000000e+04 9.902140198882682931e-01 1.939641462874897582e-01
3.351400000000000000e+04 1.054393788873325466e+00 8.297250123083724227e-02
3.353000000000000000e+04 8.786934681557891924e-01 2.128850129408139114e-01
3.353300000000000000e+04 1.042201337507614678e+00 9.866652670444031603e-02
3.353400000000000000e+04 9.102876239034125572e-01 -1.368437471929752902e-01
3.355600000000000000e+04 8.939828206807928224e-01 1.963748021346698736e-01
3.356700000000000000e+04 1.004761961375070900e+00 6.904116338562701904e-02
3.357000000000000000e+04 9.849784433903689962e-01 1.461588198641163017e-01
3.357100000000000000e+04 9.707189145287334897e-01 -2.693579763772626506e-02
3.357500000000000000e+04 1.003445327752156446e+00 9.286957992506952864e-02
3.357600000000000000e+04 9.687133025514234053e-01 -1.714172376924566477e-02
3.357700000000000000e+04 9.605029747033794196e-01 5.889650403779677496e-02
3.357800000000000000e+04 9.919377572070615656e-01 1.414375170011358818e-01
3.357900000000000000e+04 9.817143346711166840e-01 1.425301354727956937e-01
3.358500000000000000e+04 1.083764307512280478e+00 2.278410573706207976e-01
3.358600000000000000e+04 1.074656182816742689e+00 1.934071688416606205e-01
3.358700000000000000e+04 1.035634566983933746e+00 7.318145401586155507e-02
3.359100000000000000e+04 1.096794171565529386e+00 1.210309066807727513e-01
3.359200000000000000e+04 9.515743164516968777e-01 5.810146771537982174e-02
3.359300000000000000e+04 9.281635873860997199e-01 1.720565176397163831e-01
3.360000000000000000e+04 1.052503760004587452e+00 6.280314166780055773e-02
3.360100000000000000e+04 9.333873664333678377e-01 6.293192127727836871e-02
3.360200000000000000e+04 1.341628035706071476e+00 1.369644591950581747e-01
3.360300000000000000e+04 9.933010990821588004e-01 8.496307298481693693e-02
3.360400000000000000e+04 1.009854040155724775e+00 1.100920854757128919e-01
3.360900000000000000e+04 1.081766943640835033e+00 2.225276312720235461e-01
3.361000000000000000e+04 1.126362794295146408e+00 2.044900366612662779e-01
3.361100000000000000e+04 1.121972960016288656e+00 2.260667209979234371e-01
3.361200000000000000e+04 1.061562806583276064e+00 1.625523342007122729e-01
3.361500000000000000e+04 7.030837959475542132e-01 2.476337426296792710e-01
3.361600000000000000e+04 7.954107440791163830e-01 3.840176637799887389e-03
3.361700000000000000e+04 1.070376203507499291e+00 1.608376002799314156e-02
3.361800000000000000e+04 1.040172331118901505e+00 4.669079435970711900e-02
3.361900000000000000e+04 9.048963892715909951e-01 1.216394429192517584e-01
3.362400000000000000e+04 9.903538767077918470e-01 1.190192707677296541e-01
3.362500000000000000e+04 1.319135848753341334e+00 2.008028106901059429e-01
3.362600000000000000e+04 9.884590356687197321e-01 -4.160078544585379262e-02
3.362700000000000000e+04 1.013684594925476912e+00 7.955595487690127199e-02
3.362800000000000000e+04 1.016610740819494874e+00 8.822897746624981663e-02
3.363400000000000000e+04 1.134784260220502494e+00 1.310593545856362785e-01
