5.600500000000000000e+04 8.524415546534519494e-01 -7.576190464153306769e-02
5.600600000000000000e+04 9.871740784849025729e-01 -5.423060674404768522e-03
5.601200000000000000e+04 8.277743960396154455e-01 8.908419036009621039e-02
5.602600000000000000e+04 8.839179970864985414e-01 -3.208257136024471323e-02
5.602700000000000000e+04 8.806636322683003559e-01 5.317982066859269080e-02
5.602800000000000000e+04 9.959141800813414713e-01 3.300329600636851130e-02
5.602900000000000000e+04 8.569268704715463647e-01 -5.061422223274438664e-02
5.603000000000000000e+04 9.778411100343992191e-01 -2.204098410365016789e-02
5.604000000000000000e+04 1.071254821068603702e+00 -5.821160307360937619e-02
5.604100000000000000e+04 1.063586408249902027e+00 1.914220546785149954e-02
5.604200000000000000e+04 1.018832446920590939e+00 2.476069891499975764e-02
5.604300000000000000e+04 9.202460969023675830e-01 8.255320107003621954e-02
5.605100000000000000e+04 8.313541177268025661e-01 -1.304921920531921520e-01
5.605200000000000000e+04 8.657766704091242049e-01 -5.880240612104477987e-02
5.605300000000000000e+04 1.047261146756221395e+00 2.113895438564823356e-02
5.605400000000000000e+04 1.280286688688468288e+00 9.762109510128558904e-03
5.605500000000000000e+04 1.075657990797681318e+00 -9.245630462469189847e-02
5.605600000000000000e+04 1.065537655933028072e+00 -6.591776537101974587e-02
5.606100000000000000e+04 1.108700147891030108e+00 -3.714279519229909260e-02
5.606200000000000000e+04 1.092609926791256791e+00 3.380191835794987745e-03
5.606300000000000000e+04 1.100208374962731606e+00 2.688403183602182736e-02
5.606400000000000000e+04 1.117476979319500519e+00 -2.917885784246585651e-02
5.607500000000000000e+04 9.046154097526625248e-01 1.745812639419805357e-02
5.607600000000000000e+04 1.061398824929850937e+00 -3.157820971756317759e-03
5.607700000000000000e+04 1.033843282409294462e+00 -7.302549223217556784e-02
5.607800000000000000e+04 9.920055856906352387e-01 -1.172301550846969881e-01
5.608700000000000000e+04 9.990138959499917926e-01 5.988367637034785335e-02
5.609400000000000000e+04 9.419976792078235128e-01 -5.072447894263679147e-02
5.609500000000000000e+04 8.836780235447792009e-01 -1.118449463766193475e-01
5.609800000000000000e+04 9.678976549802104090e-01 4.697515594600026184e-02
5.610100000000000000e+04 9.461938442561538265e-01 5.294406973159589830e-02
5.610200000000000000e+04 9.911143131184110278e-01 -2.011321875750593166e-02
5.610300000000000000e+04 9.962223050915581801e-01 1.878715971540577401e-02
5.610400000000000000e+04 9.434121535037616191e-01 6.704580179119695726e-02
5.611400000000000000e+04 9.868296643043320548e-01 4.213450371985341669e-02
5.612200000000000000e+04 9.897648644369424487e-01 -9.559223468233819798e-02
5.612300000000000000e+04 1.030471995262435048e+00 -1.341475840159064674e-02
5.612400000000000000e+04 9.665617829081989409e-01 3.175876383186717472e-02
5.612500000000000000e+04 9.703887463417787407e-01 9.854097815435926278e-02
5.612600000000000000e+04 1.045010776129531305e+00 -1.268732730268052472e-03
5.612700000000000000e+04 9.541825105708019450e-01 6.567215532801035094e-02
5.614100000000000000e+04 9.626448750422743617e-01 7.173275089111513791e-02
5.615100000000000000e+04 9.855401294268983925e-01 -7.669506363508005187e-02
5.615300000000000000e+04 1.012628719153720436e+00 4.531510432212947082e-02
5.615400000000000000e+04 1.013410872534256324e+00 -2.484805416845878301e-02
5.622200000000000000e+04 8.581734120375993369e-01 -1.272574298476845944e-01
5.623100000000000000e+04 1.023658893102690648e+00 6.952281745387869916e-02
5.623200000000000000e+04 9.495500297985510763e-01 -4.484777241107758966e-02
5.628400000000000000e+04 1.029264226259640536e+00 5.256145161726563653e-02
5.628500000000000000e+04 9.205437631718746960e-01 1.423838664074114982e-02
5.630100000000000000e+04 8.603695592020702554e-01 -1.089075049164716091e-01
5.630200000000000000e+04 1.061050876455126080e+00 7.258452298337178532e-02
5.630300000000000000e+04 1.038379023872527451e+00 1.243777166970609915e-01
5.630400000000000000e+04 1.062902144036248053e+00 -3.715082552989258657e-02
5.631500000000000000e+04 9.723958176256838337e-01 -1.869450258986515498e-02
5.631600000000000000e+04 1.044186152060960326e+00 -1.266501646220603329e-02
5.634800000000000000e+04 9.633569140628610583e-01 -3.708788715883279408e-02
5.636300000000000000e+04 9.461646888900986374e-01 3.292889943727213276e-02
5.636400000000000000e+04 1.095778817631115842e+00 -2.250356810410234637e-02
5.636500000000000000e+04 9.644982450016138520e-01 -4.553132821386365880e-02
5.636600000000000000e+04 9.347931249331387082e-01 -1.167608965735694171e-01
5.636700000000000000e+04 9.307319197252612586e-01 -7.931010996005463665e-02
5.646100000000000000e+04 1.025698008565673724e+00 -3.969781519432110523e-02
5.648900000000000000e+04 9.770627206179347546e-01 -1.391780034434844937e-01
5.649000000000000000e+04 9.983875765814183012e-01 6.792010410214352478e-02
5.649100000000000000e+04 9.774989109725650271e-01 -4.205433835447951879e-03
5.649200000000000000e+04 9.016401904682657120e-01 1.480590317514565990e-01
5.649300000000000000e+04 9.062655469735058089e-01 -6.371274658837636218e-02
5.649400000000000000e+04 7.986089973063291714e-01 6.997936117096666131e-02
5.651500000000000000e+04 7.907315927630083063e-01 -2.461759418931394605e-02
5.652200000000000000e+04 8.839051744646122533e-01 -7.507058001811145465e-02
5.652300000000000000e+04 1.002764094487749835e+00 -9.587048812625868777e-02
5.652400000000000000e+04 9.809791656671852378e-01 -1.259890542405391611e-01
5.652600000000000000e+04 1.040323318833948463e+00 -4.102736870157519533e-02
5.652700000000000000e+04 1.040759494181903611e+00 -7.893922890732091649e-03
5.652800000000000000e+04 9.372038192453155947e-01 2.200499598493974029e-02
5.653000000000000000e+04 1.034373251050612730e+00 4.754005755149708079e-02
5.653100000000000000e+04 9.973353120209225153e-01 -3.598895285975466096e-02
5.653200000000000000e+04 1.058603609192331652e+00 -8.772912574816908726e-02
5.655000000000000000e+04 8.599134483792415518e-01 -5.998961694738591532e-02
5.655100000000000000e+04 1.110154255032172355e+00 7.159390400405432186e-04
5.655200000000000000e+04 1.063530708300582273e+00 -6.910616218333807959e-02
5.655500000000000000e+04 1.023791691904468948e+00 -9.832897584076830122e-02
5.655600000000000000e+04 1.017659417819639422e+00 -1.503874819035484756e-01
5.655800000000000000e+04 9.625343366744407714e-01 -8.102914379036725567e-02
5.655900000000000000e+04 9.793141587515363788e-01 4.627721912619485456e-02
5.656000000000000000e+04 1.056183927142221091e+00 -1.120586245433565463e-02
5.656100000000000000e+04 9.532729517240806638e-01 3.257228010286131181e-02
5.656200000000000000e+04 9.911485593533286842e-01 6.057634782534677791e-03
5.656300000000000000e+04 9.533842282499151999e-01 3.801861965091123813e-02
5.657800000000000000e+04 9.446114752807300841e-01 -1.758358835973963460e-02
5.657900000000000000e+04 9.885103275789547395e-01 -1.048454609519955220e-02
5.663200000000000000e+04 1.094704151790792945e+00 3.803849140863803380e-02
5.663300000000000000e+04 1.204772208292298696e+00 1.131058475776426479e-02
5.663400000000000000e+04 1.020925873836951547e+00 -9.255960607805448215e-02
5.663500000000000000e+04 1.070615002035060437e+00 -4.278751276863160952e-02
5.663600000000000000e+04 1.083909755373865025e+00 -1.210600652151076241e-02
5.663700000000000000e+04 9.606782573892891364e-01 -1.247673553445548811e-01
5.663800000000000000e+04 1.015148010537247458e+00 1.533970051144813163e-02
5.663900000000000000e+04 9.690290531341764213e-01 -3.950194025040489748e-02
5.664000000000000000e+04 9.387778553442869267e-01 -9.149211563747651488e-02
5.664100000000000000e+04 9.877824432036316216e-01 1.067787623304794903e-01
5.664200000000000000e+04 9.799997307541078451e-01 6.262262850927281799e-02
5.666300000000000000e+04 1.009240985537496860e+00 1.007340834837168048e-01
5.666400000000000000e+04 9.297767725095006375e-01 -6.239856565415174278e-02
5.666500000000000000e+04 1.013152428639270353e+00 -1.256658882003275357e-02
5.666600000000000000e+04 9.303174615533403857e-01 -6.703529277383751817e-02
5.677500000000000000e+04 9.353341025486596738e-01 7.976769263672637417e-03
5.677600000000000000e+04 9.693718340381787257e-01 4.985378076934939007e-02
5.677700000000000000e+04 9.665845054580957108e-01 8.042398982132775709e-02
5.679900000000000000e+04 7.970985525699989527e-01 1.011406034823884165e-01
5.680000000000000000e+04 1.010613638619401788e+00 2.721084269639781686e-02
5.688100000000000000e+04 9.121396453284100758e-01 -1.282148445140243341e-03
5.747500000000000000e+04 8.705443019632708168e-01 1.302838058167228412e-02
5.752300000000000000e+04 1.041936967096101618e+00 4.444565371533696491e-02
5.752400000000000000e+04 7.357819234599982661e-01 -3.051483524888108298e-02
5.753400000000000000e+04 1.020868926539393540e+00 -1.353057278710911512e-03
5.753500000000000000e+04 1.160680449877576015e+00 2.826152398736650820e-02
5.753600000000000000e+04 1.141944775941997836e+00 1.216764291425359162e-01
5.753700000000000000e+04 9.970118511312432430e-01 -1.070985370406903475e-01
5.753900000000000000e+04 1.017909980518985513e+00 -6.991042308449690879e-02
5.754000000000000000e+04 9.791659477180009175e-01 -6.401982668259253995e-02
5.754100000000000000e+04 9.493216182312033125e-01 -2.252568518624151542e-02
5.755300000000000000e+04 1.091600403246919981e+00 9.787831555227270719e-02
5.755400000000000000e+04 1.075106181808666905e+00 6.787095482903057753e-02
5.755700000000000000e+04 1.038375510529612855e+00 -2.101571784572541651e-02
5.755800000000000000e+04 1.097764884689242271e+00 -6.791439384907766927e-03
5.756000000000000000e+04 1.010806694347733181e+00 1.244883830393178209e-01
5.756100000000000000e+04 1.024810675626346201e+00 -6.052968455637854073e-02
5.756800000000000000e+04 1.041173905100442942e+00 -3.250080090401093885e-02
5.757000000000000000e+04 1.041046852684882618e+00 9.513792603070529708e-02
5.757200000000000000e+04 8.539018507741588104e-01 2.187101100211949478e-02
5.757400000000000000e+04 1.050683527673411222e+00 -6.793299172942456055e-02
5.759700000000000000e+04 1.037533636858763764e+00 4.912700942405579668e-03
5.759800000000000000e+04 1.009989448627863773e+00 -7.491132649169080643e-03
5.761000000000000000e+04 1.014694147267940050e+00 9.439796516254884973e-02
5.761100000000000000e+04 1.022787025938794114e+00 6.353267870483445857e-03
5.761200000000000000e+04 1.025641219466493448e+00 1.011179568462973639e-02
5.761300000000000000e+04 1.023453399837163103e+00 2.685819230634525767e-02
5.761400000000000000e+04 1.064398892241421590e+00 -4.322334874636833690e-02
5.761500000000000000e+04 9.957824715697473072e-01 1.046265575159966710e-01
5.761600000000000000e+04 1.019828390829938147e+00 -1.944645433123991934e-02
5.761800000000000000e+04 9.857883871442911783e-01 1.068200056840674095e-01
5.779800000000000000e+04 1.005230092990886170e+00 -6.555782075808878721e-03
5.797800000000000000e+04 9.914948883767973342e-01 -1.102597427090445080e-02
5.799500000000000000e+04 7.552366316173407812e-01 -6.861168925237043359e-02
5.799700000000000000e+04 1.085348311246634445e+00 1.403585966909732391e-02
5.799800000000000000e+04 1.032480192489044102e+00 -8.230912848735853771e-02
5.800600000000000000e+04 9.821293483145727699e-01 -2.121724242385513229e-02
5.800800000000000000e+04 1.027955092386804603e+00 -4.842443604375463312e-02
5.801000000000000000e+04 1.067743918744378684e+00 1.021020666591031939e-02
5.801100000000000000e+04 1.095851880218904784e+00 2.023851348138903591e-02
5.801200000000000000e+04 1.075570153727722245e+00 -7.824000221453332460e-02
5.803000000000000000e+04 1.025779110978280784e+00 -2.103426186245019314e-02
5.803200000000000000e+04 1.109167477041070882e+00 -9.333755893534803616e-02
5.803300000000000000e+04 1.124021915530518001e+00 2.178017208376701718e-03
5.803400000000000000e+04 1.055021294377351149e+00 -3.394290746174227075e-02
5.803500000000000000e+04 1.100758459448055282e+00 2.756718551738665882e-02
5.807100000000000000e+04 9.012890344473644122e-01 -1.370074019836015899e-01
5.807200000000000000e+04 1.016448220314552398e+00 -9.247115677358647146e-02
5.807300000000000000e+04 1.094064736797911275e+00 4.801499723396689123e-02
5.807400000000000000e+04 1.065877480363396135e+00 -2.609535815308674372e-02
5.807500000000000000e+04 1.037338330845094969e+00 2.502795217993282820e-02
5.807600000000000000e+04 1.103071792655173855e+00 -6.717999113776940145e-02
5.811200000000000000e+04 1.069557811543602410e+00 -4.023900436638921940e-02
5.811300000000000000e+04 1.125640042193932766e+00 2.019279094194318704e-04
5.811400000000000000e+04 1.061484320025481098e+00 -1.176610445873171734e-01
5.811500000000000000e+04 1.071360354404898185e+00 -1.026594351631771040e-02
5.813400000000000000e+04 1.048415904008859423e+00 -2.824799458805979727e-02
5.813600000000000000e+04 1.017685923531616465e+00 -2.567846150308780023e-02
5.813700000000000000e+04 1.069358097505648919e+00 -5.231114438108540321e-02
5.813800000000000000e+04 1.052871012762543135e+00 -7.590415536961266085e-02
5.813900000000000000e+04 1.099952698711090138e+00 2.540445022322539853e-02
5.814800000000000000e+04 9.513866746614064729e-01 9.764422268216688128e-02
5.815600000000000000e+04 9.675842282673517980e-01 -2.675428135473817068e-02
5.815800000000000000e+04 1.003077200517515255e+00 3.086546098261441773e-02
5.815900000000000000e+04 1.105982520180020412e+00 2.047288376070421217e-02
5.816000000000000000e+04 1.089885518078414606e+00 -2.725666301783195855e-02
5.816100000000000000e+04 1.060652904358579951e+00 -4.759832523991387732e-02
5.817000000000000000e+04 9.650368841403578202e-01 1.930012829007162617e-02
5.817100000000000000e+04 9.185932568352778160e-01 -6.005053656131699100e-03
5.818600000000000000e+04 9.426163958943990506e-01 -4.838694224913026032e-02
5.818700000000000000e+04 9.551527077007959665e-01 -3.547634100464165663e-03
5.818800000000000000e+04 1.037605252507248110e+00 7.658790359947981186e-02
5.818900000000000000e+04 9.712429010026251142e-01 5.355647250494218609e-02
5.819000000000000000e+04 9.494173072158103022e-01 2.142586787700728745e-02
5.819100000000000000e+04 7.153049175293925144e-01 5.460639519262536212e-02
5.819900000000000000e+04 1.006680625590073097e+00 3.483103409824465230e-02
5.820000000000000000e+04 8.896261971455351469e-01 2.303361016101952014e-02
5.821400000000000000e+04 1.043334342686582206e+00 -8.196876341553153977e-02
5.821500000000000000e+04 9.772824539648151676e-01 -5.170332001326534074e-03
5.821600000000000000e+04 9.885934194123301433e-01 6.266189113434815494e-02
5.821700000000000000e+04 1.053445154176221754e+00 9.744002316965323651e-02
5.822500000000000000e+04 9.977901843827688966e-01 3.457655164571114131e-03
5.822600000000000000e+04 9.090749520280801965e-01 4.305769267272224754e-02
5.823200000000000000e+04 9.647873524312353677e-01 -6.469338156610288104e-02
5.824500000000000000e+04 9.415388913584081809e-01 1.447137689550444598e-02
5.824600000000000000e+04 9.432238747641993326e-01 2.070291968081636180e-02
5.824700000000000000e+04 9.172655380551594240e-01 1.332829980980118345e-01
5.824900000000000000e+04 9.198409764967495628e-01 4.055645985822808192e-02
