2.355500000000000000e+04 8.825517896612539159e-01 1.274455310927692132e-02
2.355600000000000000e+04 9.105634964420907806e-01 -6.957566806910212009e-02
2.355700000000000000e+04 1.096840501891337194e+00 -1.619664504879548758e-02
2.355800000000000000e+04 1.084340541930830293e+00 3.780376159961877647e-02
2.355900000000000000e+04 8.866238069006889821e-01 -7.806947323209870171e-02
2.356200000000000000e+04 9.643741260561410344e-01 -1.821368109708445746e-02
2.356900000000000000e+04 1.038061854722155619e+00 4.349631795083797048e-02
2.357000000000000000e+04 1.040833170672269770e+00 -5.617236977425861533e-02
2.357100000000000000e+04 1.044271739381159581e+00 -6.568907111286945155e-02
2.357200000000000000e+04 1.151320857826220401e+00 9.881867475088056477e-03
2.357300000000000000e+04 1.137520871926082533e+00 -2.273701969101365669e-02
2.357600000000000000e+04 9.654466453087006128e-01 -4.806905269615030507e-02
2.357700000000000000e+04 9.467529117056507904e-01 -1.801361406735187826e-02
2.357800000000000000e+04 8.988092589110959763e-01 -7.737992267418643266e-02
2.359000000000000000e+04 1.025553909180468626e+00 1.382974474125839119e-02
2.359100000000000000e+04 9.251470778138251028e-01 -5.341068815980660328e-02
2.359200000000000000e+04 9.466631857069370826e-01 9.147131375044795232e-02
2.359300000000000000e+04 9.041488810067653814e-01 -1.739244501605703014e-02
2.359400000000000000e+04 9.399404666666524300e-01 -7.110784945513172473e-02
2.359500000000000000e+04 6.651861991228795734e-01 -8.641235974701824696e-02
2.359600000000000000e+04 7.023983688723249852e-01 2.603970089215993169e-02
2.359700000000000000e+04 4.620416949593055822e-01 2.428300578286926026e-01
2.360000000000000000e+04 9.553943544793808140e-01 -1.002882503518672148e-02
2.360500000000000000e+04 9.516100227824749735e-01 -9.906489409340983945e-03
2.360600000000000000e+04 1.065995648069638202e+00 -1.269186410943293729e-02
2.360800000000000000e+04 8.643523893186512153e-01 -3.101165608692821318e-02
2.361000000000000000e+04 8.439339212469345597e-01 5.773524232564822972e-02
2.361100000000000000e+04 8.272662770509747743e-01 -4.550111489116248631e-02
2.361500000000000000e+04 9.056040038459084451e-01 1.510056419559612784e-01
2.361600000000000000e+04 1.055668767728809687e+00 2.206454865579604852e-01
2.361700000000000000e+04 1.104410715934528220e+00 1.274522155837332082e-01
2.361800000000000000e+04 6.864686813115030706e-01 7.884805272537386694e-03
2.361900000000000000e+04 6.543128049902697807e-01 -1.052430293231478194e-02
2.362000000000000000e+04 9.230643975812400370e-01 1.001733188588672940e-02
2.362100000000000000e+04 9.302062274638175365e-01 -7.572196321803926176e-03
2.362200000000000000e+04 9.165308832761444036e-01 4.658187774131491293e-02
2.362300000000000000e+04 9.690453231487792252e-01 -3.442807274965844350e-02
2.362700000000000000e+04 7.169947289165989890e-01 -1.730767894246103625e-02
2.362800000000000000e+04 6.653285932878952869e-01 1.361226885229082674e-02
2.362900000000000000e+04 8.764768739950146159e-01 2.888968573752822427e-02
2.363300000000000000e+04 1.008348436155796168e+00 -1.700076458974358971e-03
2.363400000000000000e+04 1.069959831007460060e+00 -3.913648758644480696e-02
2.363500000000000000e+04 1.117094463685754713e+00 3.411617348943199457e-02
2.363600000000000000e+04 1.089120198441850373e+00 8.457533547553933162e-02
2.363700000000000000e+04 1.139068194371540388e+00 1.094261008527042944e-01
2.363800000000000000e+04 1.165876374341561661e+00 1.430549856832256106e-01
2.363900000000000000e+04 1.102669615583739438e+00 1.359295114438404117e-01
2.364000000000000000e+04 1.385947939422000230e+00 2.683993379176469185e-02
2.364100000000000000e+04 9.871753886372902631e-01 -8.413620029330451389e-02
2.364200000000000000e+04 8.165119341070576908e-01 -3.178193688393374239e-02
2.364300000000000000e+04 9.678366283154474781e-01 5.721185116349741112e-02
2.364400000000000000e+04 1.044015170476339405e+00 4.526034295951398417e-02
2.364500000000000000e+04 9.884617197668631450e-01 -2.903172612133772361e-03
2.364700000000000000e+04 1.063446769172716300e+00 2.047515927776238226e-02
2.364800000000000000e+04 1.034365190377799948e+00 1.423802248255010838e-01
2.364900000000000000e+04 1.134590692170974746e+00 3.958839236043816545e-02
2.365000000000000000e+04 1.137545582274010147e+00 1.642704123054002374e-01
2.365100000000000000e+04 9.958755875439424532e-01 4.145907766341595108e-02
2.365400000000000000e+04 1.002567726830562833e+00 2.810616389021975206e-02
2.365500000000000000e+04 9.693096320038778746e-01 6.745795158447183935e-03
2.365600000000000000e+04 9.893309749629919381e-01 2.282076006520575295e-02
2.366000000000000000e+04 1.045579310632713588e+00 3.614182345311206523e-02
2.366100000000000000e+04 1.058776566974116262e+00 9.795324578297746887e-02
2.366200000000000000e+04 9.795393450368731214e-01 -3.895203930272544968e-02
2.366300000000000000e+04 8.589334200055538382e-01 -5.554641280294082134e-02
2.366400000000000000e+04 1.048459921778911674e+00 5.926023172567858321e-02
2.366500000000000000e+04 1.004145704869199962e+00 1.038606393863108351e-02
2.366600000000000000e+04 8.721312183308097543e-01 2.805539888145708316e-02
2.366700000000000000e+04 1.020691591893674088e+00 -1.500642456667457270e-02
2.367500000000000000e+04 8.324985649244104335e-01 -2.845029539167975158e-02
2.367600000000000000e+04 4.127523797929273930e-01 -1.185861089876080882e-01
2.367700000000000000e+04 7.925171716137476841e-01 -2.612705595466209563e-02
2.368700000000000000e+04 9.782351283340212644e-01 1.400008713596329057e-03
2.368800000000000000e+04 9.363752514527179382e-01 -2.086601327987801582e-02
2.368900000000000000e+04 9.836208253816312030e-01 6.744955472039153299e-02
2.369600000000000000e+04 8.568170882112643438e-01 -4.157308243395049785e-02
2.369700000000000000e+04 1.487979397122189296e+00 -1.239134433434641025e-01
2.369800000000000000e+04 1.017856166573536392e+00 -1.049887829412986251e-01
2.369900000000000000e+04 1.109704656983077964e+00 -9.105135805772993085e-02
2.370000000000000000e+04 1.055155722491493364e+00 1.023901499755454220e-01
2.370500000000000000e+04 1.064576647252978292e+00 -3.629403997047248726e-02
2.370600000000000000e+04 1.076715124722129158e+00 -5.844289368912423954e-02
2.370700000000000000e+04 1.136915187594383481e+00 3.847103064595865096e-02
2.370900000000000000e+04 1.106485259913549069e+00 1.724986302623154610e-01
2.371600000000000000e+04 9.511190601879269124e-01 -6.036480709772462476e-03
2.371800000000000000e+04 9.670430632428004269e-01 2.893133735583289581e-02
2.373600000000000000e+04 9.582428281128312353e-01 6.573714380262630878e-03
2.373900000000000000e+04 9.519403516736930637e-01 -5.836277026963129083e-02
2.374000000000000000e+04 9.350290101831758571e-01 -7.415097161071147747e-02
2.374100000000000000e+04 9.764111469230254414e-01 -6.498721224147760434e-02
2.375300000000000000e+04 8.591713816419784822e-01 -7.003707255000375664e-02
2.375400000000000000e+04 9.999461424388552677e-01 -6.280954550595389818e-02
2.375600000000000000e+04 9.781666227930079227e-01 -4.128849655040221084e-02
2.375800000000000000e+04 8.966798813160566928e-01 6.934351433581850688e-02
2.382100000000000000e+04 1.047670313219158711e+00 -9.773243260458826243e-02
2.382400000000000000e+04 9.029447521065837590e-01 3.274182049950261769e-02
2.396800000000000000e+04 6.962747082992655212e-01 -4.306778353482051264e-02
2.396900000000000000e+04 7.743294034848877683e-01 -1.357934257761037600e-01
2.408900000000000000e+04 8.936492907958261123e-01 -2.589964555491354806e-02
2.409000000000000000e+04 8.699028012797350717e-01 -1.875404936401698155e-02
2.409100000000000000e+04 1.045312563725005583e+00 3.281637542623622866e-02
2.409200000000000000e+04 8.416242987845451440e-01 1.410526755348742375e-02
2.409500000000000000e+04 9.370029133788398967e-01 2.361979609987035870e-03
2.409600000000000000e+04 9.615580585379199796e-01 7.263096738412306262e-03
2.409700000000000000e+04 9.270976473538082852e-01 -1.397006894135769534e-02
2.409800000000000000e+04 9.884588038305859303e-01 8.370955849878829180e-02
2.409900000000000000e+04 8.647352471860625389e-01 -4.206598051255254142e-03
2.410000000000000000e+04 8.454380008615639541e-01 -3.398048457847269166e-02
2.410100000000000000e+04 1.039271371716545378e+00 1.549606802908216341e-01
2.410200000000000000e+04 1.057186121374437127e+00 1.052695523504612873e-01
2.410300000000000000e+04 9.803350859319718280e-01 1.000636804007433711e-01
2.411600000000000000e+04 4.670687119165520818e-01 5.543920753146396735e-02
2.411700000000000000e+04 7.009410422589402723e-01 4.510831928032030952e-02
2.411800000000000000e+04 6.490683532309199366e-01 -1.458678155361046169e-01
2.411900000000000000e+04 9.440728554422125329e-01 7.637316338706896801e-02
2.412100000000000000e+04 9.474198148626823412e-01 7.820173216997289636e-03
2.412200000000000000e+04 8.707469639487493973e-01 4.556780500348225904e-02
2.412300000000000000e+04 7.355650005354679166e-01 3.847070315584011357e-02
2.412400000000000000e+04 7.025632298182357127e-01 4.525348513619582153e-02
2.412500000000000000e+04 8.686814505088102933e-01 -1.144611938929247924e-01
2.412600000000000000e+04 9.233411592350417862e-01 1.941053646122913034e-02
2.412700000000000000e+04 6.770114606998204332e-01 2.332411162017240802e-02
2.412800000000000000e+04 9.803099191702245863e-01 -1.402840776653581367e-02
2.412900000000000000e+04 1.039051894749458471e+00 -1.075710391280990282e-02
2.413900000000000000e+04 1.044778937719512690e+00 -9.799388784890682852e-03
2.414000000000000000e+04 1.048616334058566357e+00 -2.322111469773533235e-02
2.414100000000000000e+04 7.641968412154934720e-01 -7.095009445964653438e-02
2.414200000000000000e+04 1.161890096864233612e+00 6.563673250332584252e-02
2.416900000000000000e+04 1.017488674830107964e+00 5.020667089645708403e-02
2.417000000000000000e+04 1.269321762488209382e+00 8.092822245320974162e-02
2.437400000000000000e+04 9.014710221047309568e-01 9.019389335024732834e-02
2.437500000000000000e+04 7.128343822565391674e-01 1.872280393886076866e-01
2.438600000000000000e+04 9.761337252499555639e-01 2.405301834555063356e-01
2.441100000000000000e+04 8.793318949255387595e-01 -3.692137791935117680e-02
2.441200000000000000e+04 7.217416556898995639e-01 -1.052214938948485695e-01
2.441300000000000000e+04 8.371436189066133737e-01 2.122384871974406784e-01
2.442500000000000000e+04 8.979642395446716385e-01 -1.403232754393126114e-01
2.442700000000000000e+04 1.051910057924019259e+00 -1.950116951341848703e-02
2.442800000000000000e+04 1.065208897959556200e+00 -3.484872466421265469e-02
2.442900000000000000e+04 1.149638960092402629e+00 7.634524297956037098e-02
2.443100000000000000e+04 1.154112930265327019e+00 1.320378312980455549e-01
2.443300000000000000e+04 1.104365514799007908e+00 2.007067601389869727e-01
2.443400000000000000e+04 1.117497784956304363e+00 1.245021420878178048e-01
2.443900000000000000e+04 1.056318231878142999e+00 -2.963769520834576635e-02
2.444000000000000000e+04 9.611008385369175233e-01 -1.144235310704194292e-01
2.444100000000000000e+04 1.024930316214417880e+00 -1.199455820782376336e-01
2.444200000000000000e+04 1.094220519060610242e+00 2.374987798705647038e-02
2.444300000000000000e+04 1.103640382268369136e+00 9.139056175897535689e-03
2.444700000000000000e+04 1.099912868250422449e+00 2.279920305791532931e-01
2.444800000000000000e+04 1.024698025180523775e+00 2.179170713443306096e-01
2.444900000000000000e+04 1.047268043254675485e+00 1.916776806448983461e-01
2.445100000000000000e+04 9.983175986760800535e-01 6.815269328950958327e-02
2.445200000000000000e+04 1.009701641035764874e+00 -4.541085626675253617e-02
2.445300000000000000e+04 9.887068708637716252e-01 -4.974299127810632298e-02
2.445900000000000000e+04 1.045054574095491517e+00 -6.660914127305976595e-02
2.446000000000000000e+04 1.071893185235544443e+00 8.128986929380481452e-02
2.446100000000000000e+04 1.108813942690554555e+00 2.117611731537527575e-01
2.446500000000000000e+04 1.105530197873463738e+00 2.229278364025906178e-01
2.446600000000000000e+04 1.061184137375599468e+00 2.200686405780758748e-01
2.446700000000000000e+04 1.116186826620884309e+00 9.888942856517776714e-02
2.446800000000000000e+04 1.027224015439629268e+00 -6.484947541636167101e-02
2.446900000000000000e+04 1.083885123093837777e+00 -6.240063022453793545e-02
2.447000000000000000e+04 9.610616767082837963e-01 -9.875939195797103776e-02
2.447100000000000000e+04 9.847085164067425067e-01 8.697571249674240779e-04
2.447700000000000000e+04 9.982299491352552012e-01 -1.948544146286423570e-02
2.447800000000000000e+04 1.007660226246930746e+00 -4.810223665109065322e-02
2.447900000000000000e+04 1.057768564886089724e+00 -3.604933062551030770e-02
2.448000000000000000e+04 1.117586903368503082e+00 -3.533752229166230163e-02
2.448100000000000000e+04 1.180299626332808716e+00 1.443079120740638488e-01
2.448300000000000000e+04 1.132945819888508954e+00 2.543293968960260165e-01
2.448400000000000000e+04 1.152572868594980537e+00 1.037516778210107460e-01
2.448500000000000000e+04 1.084164758979502263e+00 2.494463415581917309e-01
2.448600000000000000e+04 1.337179236259225412e+00 1.370356983547568186e-01
2.448700000000000000e+04 1.008524097041098910e+00 -4.982555231522706879e-02
2.448800000000000000e+04 9.575031085633793904e-01 3.345607113973331215e-02
2.448900000000000000e+04 9.888203930702189615e-01 7.855301998672982455e-02
2.449000000000000000e+04 1.003203235780771418e+00 -9.358710110372543689e-03
2.449100000000000000e+04 8.673098756178522217e-01 -8.780353700851209475e-02
2.449500000000000000e+04 1.007495685296136756e+00 -2.950180322110623407e-02
2.449600000000000000e+04 1.079114085391830624e+00 2.285405860060904515e-02
2.449700000000000000e+04 1.120987082859606687e+00 -7.553627054533508522e-02
2.449800000000000000e+04 1.140970272917210648e+00 9.583514326006654926e-02
2.450000000000000000e+04 1.113565180320889247e+00 1.876194069627424021e-01
2.450100000000000000e+04 1.053840841719818844e+00 2.072200643530291431e-01
2.450400000000000000e+04 1.096945796446946675e+00 7.579490349179360265e-02
2.450500000000000000e+04 1.119123127862241107e+00 -3.367253160605237355e-02
2.450600000000000000e+04 1.054068522498310845e+00 -4.079262159133693888e-02
2.450700000000000000e+04 9.762254957842708691e-01 5.781837891660800491e-03
2.450800000000000000e+04 9.842915803524502349e-01 -3.365907679868131858e-02
2.452000000000000000e+04 1.041413306062095367e+00 1.196387397072517095e-01
2.452100000000000000e+04 1.082648215464209196e+00 2.039425560740163457e-01
2.452200000000000000e+04 9.839663849132624929e-01 -6.128506942990336048e-02
2.452300000000000000e+04 9.664493230196750106e-01 -3.898429999770909593e-02
2.452400000000000000e+04 1.040129916256110176e+00 -3.969913724896512869e-02
2.452500000000000000e+04 9.542446834472969597e-01 -1.216489510849198472e-02
2.452600000000000000e+04 7.298982346204967442e-01 -8.818760719346316335e-02
2.454400000000000000e+04 1.164884310064196127e+00 1.972602502519238132e-01
2.454500000000000000e+04 1.096834273032300855e+00 2.362230114936513248e-01
2.454600000000000000e+04 1.089038655389595656e+00 1.271832864195666102e-01
2.454700000000000000e+04 9.939970861837374994e-01 1.113903939539111730e-02
