2.075800000000000000e+04 8.588506816943116684e-01 1.252999644539344593e-02
2.075900000000000000e+04 9.407193348689291135e-01 1.764888963304030445e-01
2.080100000000000000e+04 8.219638720240985963e-01 -9.739348221284551549e-03
2.080200000000000000e+04 7.761917649552821930e-01 7.281654970069956906e-03
2.080300000000000000e+04 7.663121376663393214e-01 -7.563418220682298354e-02
2.080400000000000000e+04 7.977951038546510221e-01 -5.114457212902658034e-02
2.083100000000000000e+04 8.345237372416733912e-01 8.642012679993144389e-03
2.083200000000000000e+04 8.237660604780605578e-01 2.722006755717391868e-02
2.083400000000000000e+04 8.532930678555935566e-01 -2.794536930442147529e-02
2.083500000000000000e+04 8.146688812620820341e-01 2.316046014153185992e-02
2.086800000000000000e+04 7.758110531568821466e-01 -2.915453478106079868e-02
2.086900000000000000e+04 7.571966946699945078e-01 -7.126969193595988905e-02
2.087000000000000000e+04 7.213525854587006236e-01 -9.443849709991328570e-03
2.087100000000000000e+04 8.258578770559548143e-01 1.367096523007731504e-02
2.089100000000000000e+04 8.646195974753172475e-01 2.154456398941225273e-02
2.089200000000000000e+04 8.428189880808742984e-01 1.423378766884381315e-02
2.089400000000000000e+04 7.804379889193658881e-01 -8.271164590172368214e-02
2.089500000000000000e+04 8.021089202375478733e-01 -1.734641829529901327e-02
2.091200000000000000e+04 9.535967654047357023e-01 4.080505986238883165e-02
2.091500000000000000e+04 9.068386891210495904e-01 1.369909794973398279e-02
2.091600000000000000e+04 9.370296698776910960e-01 6.364642400166255209e-02
2.091700000000000000e+04 8.766316078580749238e-01 -9.731160020414700296e-02
2.091800000000000000e+04 9.312288169810204463e-01 6.924422159607295651e-03
2.093700000000000000e+04 9.160826996518400822e-01 6.987240193907680308e-02
2.094600000000000000e+04 1.004094735925932236e+00 1.617125093804427372e-01
2.101000000000000000e+04 6.558131100262359903e-01 1.383249734828789490e-01
2.102000000000000000e+04 6.256770168036418500e-01 1.337256554714937873e-01
2.103700000000000000e+04 9.863792126937951377e-01 3.358615303470889879e-01
2.103800000000000000e+04 9.947081356377865946e-01 3.691163744799530466e-01
2.104500000000000000e+04 9.571432874937927382e-01 3.515577416133865429e-01
2.104600000000000000e+04 9.733612562323571415e-01 3.151770097299454454e-01
2.106700000000000000e+04 1.014935540796355395e+00 4.513910238244058792e-01
2.106800000000000000e+04 9.822441967058659351e-01 2.494018891085703904e-01
2.106900000000000000e+04 9.588602590407874215e-01 1.048292896549159192e-01
2.107000000000000000e+04 8.785619331589881176e-01 -2.166861326154772421e-02
2.107100000000000000e+04 8.492981509969876885e-01 -1.587086118027122156e-02
2.107200000000000000e+04 8.362425762501989324e-01 -1.425335201120116538e-02
2.107300000000000000e+04 5.731032155053951138e-01 -2.040030429891271646e-01
2.107700000000000000e+04 9.756136282019099992e-01 4.347305579841198586e-01
2.107800000000000000e+04 8.462545306781508181e-01 -5.794466371067455435e-02
2.107900000000000000e+04 9.115938037278183970e-01 3.500733537443915383e-02
2.108000000000000000e+04 8.910865939078398412e-01 8.770491985189769746e-02
2.108100000000000000e+04 8.103219830447684346e-01 -5.889994545907308726e-02
2.108200000000000000e+04 8.213418527351300513e-01 -3.594014242737370024e-02
2.109700000000000000e+04 8.969805819672522773e-01 4.811194288832372212e-01
2.109800000000000000e+04 9.906327057112945811e-01 3.580576131799132478e-01
2.110000000000000000e+04 9.150954865974745278e-01 6.586860333003631551e-02
2.112800000000000000e+04 7.261096840595864244e-01 1.510601187659910416e-01
2.119300000000000000e+04 8.134661978023208784e-01 7.757455088857460879e-02
2.119600000000000000e+04 9.195632143940024594e-01 6.722136056339378385e-02
2.119700000000000000e+04 8.422142189760325470e-01 8.132476732866873725e-02
2.122100000000000000e+04 1.031198628012397034e+00 7.161655133274011376e-02
2.122200000000000000e+04 9.573305803300645733e-01 3.327134573335643192e-02
2.122300000000000000e+04 1.003580789160827491e+00 3.162453829929152971e-02
2.122400000000000000e+04 1.081687705283107315e+00 3.195905949191698570e-01
2.127700000000000000e+04 8.706774733084433615e-01 1.551751128077234476e-01
2.127800000000000000e+04 9.783889402158734150e-01 -1.172860312296780325e-02
2.130400000000000000e+04 9.096346778116387588e-01 1.092146142619534049e-01
2.130500000000000000e+04 8.877995040641268876e-01 4.148755748220946116e-02
2.133000000000000000e+04 9.116695778319786614e-01 1.387522322825920917e-01
2.135300000000000000e+04 9.464252050755843637e-01 8.070113391885354315e-02
2.135400000000000000e+04 9.579602759025448444e-01 3.506620168127794201e-01
2.138000000000000000e+04 9.481541894378082702e-01 3.726272435019566467e-03
2.138100000000000000e+04 9.661740613066917005e-01 4.613235514364525530e-02
2.139900000000000000e+04 8.304262683584322513e-01 1.824485107023551085e-03
2.140000000000000000e+04 9.631970394411067948e-01 5.143133830726182021e-02
2.141400000000000000e+04 1.011034459493354909e+00 -1.848143783438963711e-02
2.141500000000000000e+04 1.126204513760459713e+00 1.934248152618894823e-01
2.141600000000000000e+04 9.778966953339399693e-01 8.679334264910650021e-02
2.143000000000000000e+04 9.108795136139558046e-01 2.817251548994557098e-01
2.143100000000000000e+04 1.082743932099384798e+00 2.667524951555177992e-01
2.144400000000000000e+04 9.289559932161791656e-01 -1.301502577565581686e-03
2.144500000000000000e+04 8.976797407192088629e-01 3.336240692115577389e-02
2.144600000000000000e+04 1.030870193472909424e+00 3.328781278935217247e-01
2.145600000000000000e+04 9.164395069736350763e-01 2.564577658074556829e-02
2.145800000000000000e+04 8.808434335323982456e-01 -9.093744528948614902e-02
2.146500000000000000e+04 9.506303286696838883e-01 5.572744033092177918e-02
2.146600000000000000e+04 1.078645634016246468e+00 3.015423389824605227e-01
2.146700000000000000e+04 1.085933033688811111e+00 2.382442267023509863e-01
2.147200000000000000e+04 7.767693417196521732e-01 9.519800717994658656e-02
2.147800000000000000e+04 9.646795343484585450e-01 2.832227171937693466e-01
2.152000000000000000e+04 9.244972628236780565e-01 2.407909583839408785e-01
2.157400000000000000e+04 9.490958906955685448e-01 2.866713697862510735e-02
2.159600000000000000e+04 1.078143040762006066e+00 3.164819128536758841e-01
2.161200000000000000e+04 9.848876741958996206e-01 4.736550270690473297e-02
2.161300000000000000e+04 1.145235693311653868e+00 1.685117878560990767e-01
2.161400000000000000e+04 1.112743874704908098e+00 2.816978791983747454e-01
2.163100000000000000e+04 1.088014101087631857e+00 2.849365234720183104e-01
2.163300000000000000e+04 1.022380256179173497e+00 9.394482505667187122e-02
2.165000000000000000e+04 6.114140010678388304e-01 7.334760404870271921e-03
2.168000000000000000e+04 4.315875093897496573e-01 2.216482266236540488e-01
2.170200000000000000e+04 4.116014886696732766e-01 -2.704966057792686229e-02
2.170300000000000000e+04 8.339105835328125549e-01 1.555491368701885091e-01
2.170400000000000000e+04 9.621755412850119260e-01 6.068418033337796835e-02
2.170700000000000000e+04 9.605223412101719926e-01 3.016590798830352804e-02
2.170800000000000000e+04 9.484396278892053278e-01 8.907367280579783775e-02
2.172200000000000000e+04 5.568167434096635837e-01 1.130391809449221990e-01
2.172300000000000000e+04 1.041647161167652769e+00 2.688550823239611587e-01
2.172400000000000000e+04 1.089468715272612132e+00 2.767366895561844675e-01
2.172500000000000000e+04 1.034132101074658916e+00 -1.455088677566575978e-02
2.172600000000000000e+04 1.029989996461980306e+00 5.503582131387536186e-02
2.172700000000000000e+04 1.063289163862671360e+00 2.267779526113392063e-01
2.174900000000000000e+04 4.279714632430060006e-01 -6.865195200541032716e-02
2.175000000000000000e+04 1.024289172008165716e+00 2.504978447649260365e-01
2.175100000000000000e+04 9.615398679066851084e-01 2.950504699776937412e-01
2.175200000000000000e+04 1.089479438022934454e+00 2.425196370396770218e-01
2.175300000000000000e+04 1.106110079448310968e+00 2.097095912141656582e-01
2.175400000000000000e+04 9.763165017497402731e-01 2.970415172749741317e-01
2.175500000000000000e+04 1.002610767168035322e+00 1.986823321636780049e-01
2.177000000000000000e+04 5.740698079140431620e-01 8.434203948329732636e-02
2.177100000000000000e+04 1.026461239808769355e+00 2.282077805546140203e-01
2.177200000000000000e+04 1.007389293720835299e+00 2.357168168230761029e-01
2.177300000000000000e+04 1.011074629740562170e+00 2.922424085981889519e-01
2.177400000000000000e+04 9.814197012837557743e-01 3.283859217971897282e-01
2.177500000000000000e+04 9.544381429008791384e-01 2.971577747302331929e-01
2.178800000000000000e+04 1.018875453585871949e+00 -2.603874750986411718e-02
2.178900000000000000e+04 1.023314950357205877e+00 6.406676608912004189e-02
2.179000000000000000e+04 1.042479707898257502e+00 1.888888095582550719e-01
2.179100000000000000e+04 9.896987152688829781e-01 1.173094269065555612e-01
2.179200000000000000e+04 1.034376034042656656e+00 2.602640564845028481e-01
2.179300000000000000e+04 1.128016822731769286e+00 1.217727398477551348e-01
2.179400000000000000e+04 1.037690138372047821e+00 2.035542550623205826e-01
2.179500000000000000e+04 9.866238071827433398e-01 2.459278937622295103e-01
2.180500000000000000e+04 1.039635558745390265e+00 2.183342036991589297e-01
2.180600000000000000e+04 1.035094542895286240e+00 2.682523928893589260e-01
2.180700000000000000e+04 9.914545385470158179e-01 3.291595971394676301e-01
2.180800000000000000e+04 9.782944770521574407e-01 3.774222874177036724e-01
2.181400000000000000e+04 8.523546833672357437e-01 1.825572424680986516e-01
2.181500000000000000e+04 8.826449344236164674e-01 6.986064500789750109e-02
2.181800000000000000e+04 9.839246745878441613e-01 -2.633031593591553601e-02
2.181900000000000000e+04 1.022198846324132049e+00 3.417257482518113454e-01
2.182000000000000000e+04 9.480951093631978521e-01 4.677664134974952176e-02
2.182200000000000000e+04 1.044243514924634519e+00 1.066062306964690315e-01
2.182300000000000000e+04 9.177714977532751561e-01 1.808890554965590092e-01
2.182400000000000000e+04 1.062791677398487566e+00 1.849436471350663913e-01
2.182500000000000000e+04 1.075707466307709304e+00 1.527118609530486726e-01
2.183100000000000000e+04 9.154467573362117250e-01 1.218615387230365665e-01
2.183200000000000000e+04 9.520794195409848504e-01 2.110482303874447185e-01
2.183300000000000000e+04 9.127168888966495919e-01 2.435834266713922391e-01
2.183400000000000000e+04 1.017645016891340015e+00 9.762201701749437244e-02
2.183500000000000000e+04 1.028532693987249669e+00 1.828082365657567876e-01
2.183600000000000000e+04 9.620323210761100308e-01 2.922989814534602826e-01
2.185100000000000000e+04 7.974021473897520140e-01 1.964376597997786467e-01
2.185300000000000000e+04 8.891640187360498881e-01 2.955518699454758730e-02
2.188400000000000000e+04 1.206902733720335963e+00 -4.780386775809271176e-03
2.188500000000000000e+04 9.522186488989446973e-01 -1.576879253477779796e-01
2.188600000000000000e+04 1.134516683344616306e+00 -3.422201444897507439e-02
2.189800000000000000e+04 9.418139445835232992e-01 1.603923747792145374e-02
2.189900000000000000e+04 9.340929638672209601e-01 -5.562623786728822239e-02
2.190000000000000000e+04 1.005504162846044158e+00 1.987865419429555441e-02
2.190100000000000000e+04 1.000567907374432908e+00 5.093680073310793283e-02
2.191200000000000000e+04 8.985199108956998248e-01 2.027310627116473557e-02
2.191300000000000000e+04 8.743783793863272313e-01 2.501773242487035850e-02
2.191400000000000000e+04 9.278445547998183107e-01 7.826092519915671397e-02
2.191500000000000000e+04 9.662426625553082182e-01 1.840360994892967228e-02
2.191600000000000000e+04 1.165895704028204971e+00 1.338839179287363845e-01
2.191700000000000000e+04 9.270360268332008546e-01 4.314875925525060718e-01
2.192600000000000000e+04 1.032784017066066484e+00 2.652908902566932306e-02
2.192700000000000000e+04 8.077868363395281914e-01 -9.818994854314185006e-02
2.192800000000000000e+04 9.723897251887559934e-01 8.233724848934516338e-02
2.192900000000000000e+04 9.251853421008415790e-01 3.552025019455073290e-02
2.193000000000000000e+04 8.971967603016353099e-01 -5.906601904795832914e-04
2.193300000000000000e+04 9.820117267821301121e-01 2.074923317642424492e-01
2.193400000000000000e+04 1.023417936590116817e+00 2.698346972538012700e-01
2.194400000000000000e+04 7.081458594448699628e-01 -1.766817811061009991e-01
2.194700000000000000e+04 9.741194170177573941e-01 -1.851798899966801068e-02
2.194800000000000000e+04 9.200819876876755732e-01 -7.928169807445153983e-02
2.194900000000000000e+04 9.313177243077009893e-01 1.440443264334559936e-01
2.195000000000000000e+04 9.456320510306837068e-01 3.099134767932159029e-01
2.195100000000000000e+04 9.013037852565548569e-01 1.663229130678702261e-01
2.195200000000000000e+04 9.479965342208098722e-01 2.741431268287659595e-01
2.195300000000000000e+04 9.370466421147206626e-01 2.471896293252509313e-01
2.196700000000000000e+04 7.925820080770952236e-01 4.029409901908884706e-01
2.196800000000000000e+04 8.388459374847553329e-01 2.742031732639398922e-01
2.196900000000000000e+04 8.246158840196770035e-01 3.976808645206450499e-01
2.197000000000000000e+04 8.432115102999114820e-01 3.011676559444712575e-01
2.197800000000000000e+04 5.914353319709045875e-01 1.258536675620091361e-01
2.197900000000000000e+04 8.305877688583749308e-01 3.503647643600504846e-01
2.198000000000000000e+04 7.808520993602012794e-01 3.781060468187956713e-01
2.198100000000000000e+04 8.764008422643648766e-01 2.699681903495198543e-01
2.198200000000000000e+04 8.925756220287013321e-01 3.423137648463334681e-01
2.198300000000000000e+04 8.354782889680371083e-01 3.311075643687726999e-01
2.198400000000000000e+04 8.831703098033257815e-01 3.174853674424116257e-01
2.198500000000000000e+04 7.940709733519103475e-01 5.386776189747286697e-02
2.198600000000000000e+04 8.438858453543814919e-01 5.821910075734362811e-02
2.198700000000000000e+04 8.088861603911703391e-01 -3.677984691187894534e-02
2.200000000000000000e+04 9.506954244476816251e-01 3.382618341071936402e-02
2.200100000000000000e+04 1.044578309669330185e+00 2.318997636805953666e-01
2.200200000000000000e+04 9.779405107659785434e-01 2.978745412929181824e-01
2.200300000000000000e+04 9.861233967366995756e-01 1.917441011090007530e-01
2.200400000000000000e+04 1.044914169937593229e+00 2.216449982707281441e-01
2.200500000000000000e+04 9.994437679745975522e-01 2.145836625759233451e-01
2.200600000000000000e+04 9.931661300445632223e-01 2.298592192184155392e-01
2.200700000000000000e+04 9.811049104776625729e-01 2.417017972164920425e-01
2.200800000000000000e+04 8.677150193453811999e-01 2.172216704581974786e-02
2.200900000000000000e+04 8.820298053781173708e-01 2.425906782108128851e-02
2.201100000000000000e+04 8.075643286547666833e-01 1.853504948094085447e-02
2.201200000000000000e+04 9.481000731763882250e-01 3.423771429279651862e-02
2.201800000000000000e+04 9.485543529432864940e-01 -6.072314020278182789e-02
2.202100000000000000e+04 9.712427980082709578e-01 -2.484415356810404374e-02
