4.101900000000000000e+04 1.350851898896967551e+00 -1.081878228254972742e-02
4.102000000000000000e+04 8.834884388938150090e-01 -8.194616567402647489e-02
4.102100000000000000e+04 1.093819430760881062e+00 -2.286686328742780494e-02
4.102200000000000000e+04 1.146033943127213295e+00 -5.043395005148525873e-02
4.103400000000000000e+04 1.040514443474185979e+00 2.859172161528017106e-02
4.110800000000000000e+04 1.123305232682090038e+00 -5.229287025860501759e-02
4.111800000000000000e+04 1.127186413824746936e+00 -4.580954989349357576e-02
4.116600000000000000e+04 1.138429758936590375e+00 -5.839177193162184420e-02
4.116700000000000000e+04 1.176418486320953249e+00 -5.226898285049484671e-02
4.116800000000000000e+04 1.123696927591407269e+00 -3.942760751253433782e-02
4.116900000000000000e+04 9.267880473335337044e-01 -1.729272303205780029e-02
4.117000000000000000e+04 1.071498548744104884e+00 -4.124365261350107503e-02
4.117100000000000000e+04 1.038320361743677811e+00 -8.239092791785354586e-02
4.117200000000000000e+04 1.016076101797626530e+00 -1.197418366908497706e-01
4.117300000000000000e+04 1.108337625632699774e+00 3.013488176842108704e-04
4.118900000000000000e+04 1.070786219983098420e+00 -8.248936712191755338e-02
4.119000000000000000e+04 1.113304332377641037e+00 -5.247111898661420068e-03
4.119100000000000000e+04 1.160730959993650169e+00 -7.630251416498590178e-02
4.119200000000000000e+04 1.173679988742596381e+00 7.200323160495564201e-02
4.119300000000000000e+04 1.079685103139406577e+00 -1.103041452519826432e-03
4.119400000000000000e+04 1.127157058512468391e+00 2.422494741847421723e-02
4.119600000000000000e+04 1.093361523107067912e+00 1.013655768172663611e-02
4.119700000000000000e+04 1.097898983928066619e+00 -3.277944316151130272e-02
4.124400000000000000e+04 1.212823148955548103e+00 8.767755269836904897e-03
4.124500000000000000e+04 1.155781562303303867e+00 1.984251024545102826e-02
4.124600000000000000e+04 1.161164116096498722e+00 -4.776992437699433686e-02
4.124700000000000000e+04 1.151322686427663333e+00 5.875567947507268768e-02
4.124900000000000000e+04 1.114173872530290987e+00 4.196158279248800305e-02
4.125000000000000000e+04 1.063337042470203331e+00 -2.969163515424142960e-02
4.127200000000000000e+04 1.057698859374526679e+00 2.570770265313932282e-02
4.127300000000000000e+04 8.887387508442071704e-01 -1.082023503934737008e-01
4.127400000000000000e+04 1.026455452589559947e+00 -2.265158832379121981e-03
4.127500000000000000e+04 1.054178350347342086e+00 -8.808764364820994772e-03
4.146700000000000000e+04 1.177184667411107499e+00 4.026529280887017337e-02
4.146800000000000000e+04 1.153176330117760218e+00 -1.371444317897200782e-01
4.146900000000000000e+04 1.102777756014482247e+00 -1.077125189841928177e-01
4.147000000000000000e+04 1.127260395508722368e+00 2.530762170171690917e-02
4.147100000000000000e+04 1.094146048302168772e+00 2.779374616364091791e-02
4.147200000000000000e+04 1.127238161782707637e+00 4.950924923776864328e-02
4.147300000000000000e+04 1.183115601590260191e+00 1.447653845979711418e-02
4.147400000000000000e+04 1.093311724169571564e+00 -8.131526343871517404e-02
4.147500000000000000e+04 9.303974586077513598e-01 1.453897594226470982e-02
4.149100000000000000e+04 1.075255135594540778e+00 2.295948874538016396e-02
4.149200000000000000e+04 1.081079673978953215e+00 -2.969687831950751280e-03
4.149300000000000000e+04 1.110558148591154648e+00 -4.987181247343992763e-02
4.149400000000000000e+04 1.139419071605431322e+00 -4.580344042976509933e-02
4.149500000000000000e+04 1.071199850841529022e+00 -5.170168767339181071e-02
4.149600000000000000e+04 1.019528968888063103e+00 -1.485249161829466091e-02
4.149700000000000000e+04 1.119347946567755159e+00 -7.519628067145926742e-02
4.149800000000000000e+04 1.019969384884083841e+00 -5.404060806939382788e-02
4.150100000000000000e+04 9.665652895419287738e-01 -3.547031168791497241e-02
4.150200000000000000e+04 1.164374241221344031e+00 -1.074515833594484049e-01
4.151800000000000000e+04 1.170016770388108140e+00 -6.020241978263136257e-02
4.151900000000000000e+04 1.110792122994638031e+00 -4.626073596875261013e-02
4.152000000000000000e+04 1.088026747703698893e+00 -6.280320305218113630e-02
4.152100000000000000e+04 1.040193036306381602e+00 -9.233983871959425965e-04
4.152200000000000000e+04 1.049085484057764583e+00 -6.251270901889079135e-02
4.152300000000000000e+04 1.034231096460554111e+00 2.929447066349296844e-02
4.152400000000000000e+04 1.011635576575347084e+00 -2.328711903147596615e-02
4.154300000000000000e+04 1.212984569631260445e+00 -1.486122001762615538e-02
4.154700000000000000e+04 1.109612528055073266e+00 -5.237166079764874090e-03
4.155000000000000000e+04 1.085337386030976070e+00 -6.134234368298102646e-02
4.155100000000000000e+04 1.078559389039386529e+00 1.724717496537224448e-02
4.155300000000000000e+04 1.111880031962033888e+00 -5.812376943496070508e-02
4.155400000000000000e+04 1.081612587313705465e+00 -6.850578128046756754e-02
4.157400000000000000e+04 1.085456766253006355e+00 -9.700100084358830380e-03
4.157500000000000000e+04 1.287626036890928249e+00 4.886775829880403432e-03
4.157600000000000000e+04 1.199937209285157902e+00 -1.536518792122878174e-01
4.157700000000000000e+04 9.175977499141307892e-01 -1.878757767830244174e-01
4.157800000000000000e+04 1.081998218418092517e+00 -1.553466444160307436e-01
4.157900000000000000e+04 1.067158744923053071e+00 -8.509612312794367917e-02
4.158000000000000000e+04 1.175713213922767952e+00 -1.311510202689522009e-01
4.158100000000000000e+04 1.164598301987966211e+00 -5.545617190040245947e-02
4.158200000000000000e+04 1.145144163180717545e+00 -2.628944523222602123e-02
4.171200000000000000e+04 1.313791054026006710e+00 1.995419261809814881e-01
4.174300000000000000e+04 9.987424867138435802e-01 -7.236588100984648339e-04
4.174400000000000000e+04 1.060318491388151596e+00 -3.397390077977992945e-02
4.174500000000000000e+04 9.828815772056543887e-01 9.032532067606792794e-03
4.174600000000000000e+04 9.659115225981838027e-01 -1.336785898761586912e-02
4.174700000000000000e+04 9.633264336936936401e-01 1.135791975666225039e-03
4.174800000000000000e+04 9.846675658229023798e-01 6.990471761045238819e-03
4.174900000000000000e+04 1.042266788675892064e+00 5.612615801036400023e-03
4.175000000000000000e+04 1.061177599967531915e+00 6.412407076164267083e-02
4.175100000000000000e+04 1.035502334101033206e+00 -2.291075622032094292e-02
4.175200000000000000e+04 9.884486475839472375e-01 -1.026894755985546664e-01
4.175300000000000000e+04 1.059162145978540526e+00 8.666608805930582637e-02
4.182300000000000000e+04 9.976402106598046826e-01 7.230648351360394015e-03
4.182400000000000000e+04 1.009832776374983698e+00 8.673783137893976980e-02
4.182500000000000000e+04 1.019088839523729639e+00 -6.852748264168234682e-05
4.182600000000000000e+04 9.472159808170651507e-01 -7.971209655279731798e-02
4.182700000000000000e+04 1.040360701622190742e+00 -8.059614916669603779e-02
4.182800000000000000e+04 1.001991332439342131e+00 9.496335123475840509e-03
4.182900000000000000e+04 9.472830184318492552e-01 -9.770036854467063769e-02
4.183000000000000000e+04 1.074452484487853354e+00 -2.108862143304497672e-02
4.183100000000000000e+04 9.733793016391265596e-01 1.954943762633699900e-02
4.187700000000000000e+04 8.461440190731808197e-01 7.553205185605675609e-02
4.188300000000000000e+04 9.821187810509272031e-01 -1.791652168082446747e-02
4.189900000000000000e+04 1.100031473724198294e+00 8.458518538142788257e-02
4.195800000000000000e+04 9.793893278034412342e-01 1.984310725132360301e-02
4.197800000000000000e+04 9.570642503176598481e-01 -8.537677605471068187e-02
4.197900000000000000e+04 9.601420793038052404e-01 -2.701171514766520509e-02
4.198000000000000000e+04 8.949571557437510094e-01 -7.628081720390875523e-03
4.203500000000000000e+04 8.937333189174085923e-01 3.827794142754275403e-02
4.212000000000000000e+04 9.621927570510806493e-01 6.929262506465507822e-03
4.212100000000000000e+04 1.058027028867015940e+00 1.566767984599734265e-01
4.212200000000000000e+04 1.057675142054671724e+00 -3.731360048763530946e-02
4.212300000000000000e+04 1.028019295551435119e+00 7.266667758621810080e-02
4.212400000000000000e+04 9.617987440611330818e-01 6.009413148366408303e-02
4.213300000000000000e+04 9.626829402379351031e-01 -4.518653152752896002e-02
4.213400000000000000e+04 9.680934194654868818e-01 7.260389307595024877e-02
4.213500000000000000e+04 9.771501791929301239e-01 8.223490739125500354e-03
4.215000000000000000e+04 9.420805734577799573e-01 2.815660134840565574e-03
4.215100000000000000e+04 8.714522561688906599e-01 -5.749321944805023399e-02
4.215200000000000000e+04 1.097808317087573426e+00 5.746930453808449073e-03
4.215300000000000000e+04 9.874862542313338487e-01 8.034613413574601126e-02
4.215400000000000000e+04 9.617658608832787559e-01 -4.295972383617115142e-02
4.215500000000000000e+04 1.001224377270196086e+00 -2.963533553569803330e-02
4.215600000000000000e+04 9.457731132616197245e-01 1.164466976690328205e-02
4.215700000000000000e+04 8.990868001182429348e-01 8.771234963052682021e-02
4.215900000000000000e+04 9.348668781031052033e-01 -6.080586887302730920e-02
4.216000000000000000e+04 9.238208981300289890e-01 -6.224194550869650844e-02
4.216100000000000000e+04 9.864401623689351695e-01 -5.181866294024586872e-02
4.219200000000000000e+04 9.019948388585851129e-01 3.676998321410172160e-02
4.221200000000000000e+04 8.839128980827354320e-01 1.102916855649153233e-02
4.221300000000000000e+04 9.946135891042514610e-01 6.605589430450163613e-02
4.221400000000000000e+04 9.832363998058780696e-01 1.053592623215473534e-01
4.221500000000000000e+04 1.096750006550407885e+00 5.110210251529343634e-02
4.221600000000000000e+04 1.056451899386281257e+00 -2.240327226175787764e-02
4.221700000000000000e+04 9.471247157124035310e-01 1.137602091008148818e-02
4.221800000000000000e+04 1.064609712881202208e+00 -4.102399797241446794e-02
4.221900000000000000e+04 1.048905005610560215e+00 5.266761431706201008e-02
4.222000000000000000e+04 9.367701623440137793e-01 -4.990360525596213709e-02
4.222100000000000000e+04 1.003496446616923610e+00 7.393032574246140298e-02
4.222200000000000000e+04 1.019738474255667215e+00 2.418736698181867678e-02
4.222300000000000000e+04 9.343023045002741833e-01 2.027669996610721379e-02
4.222400000000000000e+04 1.021558395382506923e+00 -9.016472752384195946e-03
4.222500000000000000e+04 1.001377256518406034e+00 5.557844044292691021e-02
4.223900000000000000e+04 1.092997859251715997e+00 1.673660770413579191e-01
4.224000000000000000e+04 1.000810705366097508e+00 -8.180723902835522476e-03
4.224100000000000000e+04 1.019341489032933534e+00 7.945704045284272821e-02
4.224200000000000000e+04 1.102262660200458821e+00 -3.941553566996310043e-02
4.224300000000000000e+04 1.010815285494747862e+00 -6.354472761938420589e-02
4.224400000000000000e+04 1.004759407690905659e+00 -2.578379408562927674e-02
4.224500000000000000e+04 1.075439568041322680e+00 -5.096486287483412148e-02
4.224600000000000000e+04 9.293728503174557565e-01 5.249329477851388120e-02
4.224700000000000000e+04 9.903986042216964547e-01 3.035859874616846088e-02
4.224800000000000000e+04 1.045886759980213521e+00 1.041243988399748605e-01
4.224900000000000000e+04 1.019827590742797607e+00 -1.048671110042563442e-01
4.225000000000000000e+04 1.002459517918870890e+00 -7.711704955092317515e-02
4.225100000000000000e+04 9.195409923604511704e-01 -2.589004126033824654e-02
4.225200000000000000e+04 9.562311898526960618e-01 6.370764488018706984e-02
4.227300000000000000e+04 8.708263135907320374e-01 1.520027671954726212e-01
4.227400000000000000e+04 8.885167103744444628e-01 9.130000661626050049e-03
4.227500000000000000e+04 1.022835260212012320e+00 1.255602085714516980e-01
4.227600000000000000e+04 1.107354739590910464e+00 7.871043867149232764e-02
4.227700000000000000e+04 9.984259782346686096e-01 -7.172045795736256557e-02
4.227800000000000000e+04 9.705093648489138136e-01 -3.065436855659352949e-02
4.227900000000000000e+04 9.641483986550810625e-01 -5.191221315126259492e-03
4.228000000000000000e+04 9.268399117959011946e-01 -1.629869359084160432e-02
4.228100000000000000e+04 9.690913624658704650e-01 3.021026130671995713e-02
4.228200000000000000e+04 9.380113894059796120e-01 2.078707632712811088e-02
4.228300000000000000e+04 9.503595362269319224e-01 5.704776761633223447e-02
4.228400000000000000e+04 9.263890412767985527e-01 -7.952539863488151950e-02
4.228500000000000000e+04 8.985813465181400339e-01 -5.343038746691743807e-02
4.228600000000000000e+04 8.642641141455164044e-01 2.871315916729842016e-02
4.228700000000000000e+04 9.035253498231253788e-01 4.393710298086331983e-02
4.230100000000000000e+04 9.414202553127187789e-01 -1.673507660650068105e-02
4.230200000000000000e+04 9.790158574292322502e-01 2.924815046941105570e-02
4.230400000000000000e+04 9.563021033693859252e-01 7.369667313479716375e-02
4.230500000000000000e+04 9.809990437538840258e-01 -1.270878545055431352e-01
4.230600000000000000e+04 9.592967363382581825e-01 -6.902945262541002047e-02
4.230700000000000000e+04 9.387314550821198589e-01 -4.041446711833802941e-02
4.231100000000000000e+04 9.613351558373987027e-01 6.225056957510829991e-02
4.231200000000000000e+04 9.984319576228517512e-01 2.996288546638022077e-02
4.231300000000000000e+04 8.925144255937361715e-01 -9.634991664433911751e-02
4.231400000000000000e+04 9.245911917735329943e-01 -2.495965100067770205e-03
4.231500000000000000e+04 9.087494068148190829e-01 -5.848754950718070000e-02
4.231600000000000000e+04 9.791632705863005937e-01 9.972527957303921331e-02
4.232700000000000000e+04 1.033752564550710629e+00 4.026188232447942134e-02
4.232800000000000000e+04 8.973135239751529602e-01 -1.046024410621356759e-01
4.232900000000000000e+04 1.049501277571828428e+00 6.869203007918486120e-04
4.233000000000000000e+04 9.583805719976380422e-01 9.344277156748018176e-02
4.233100000000000000e+04 8.307351242290018645e-01 4.739976280964862398e-02
4.233200000000000000e+04 9.424377344812507884e-01 -2.427068155412980682e-02
4.233300000000000000e+04 9.149135741400081789e-01 -3.296039047283646356e-03
4.233500000000000000e+04 8.614146229178968328e-01 -1.822632239051621625e-03
4.233900000000000000e+04 1.043511906032558390e+00 2.184789409838289731e-01
4.234000000000000000e+04 9.154637282443349733e-01 2.937470620480053460e-02
4.235100000000000000e+04 9.302123268134701028e-01 -3.418216819236133408e-02
4.235200000000000000e+04 1.076433214594384902e+00 5.698953377521011332e-02
4.235300000000000000e+04 9.956922503699295879e-01 2.505918020770894327e-03
4.235800000000000000e+04 1.013485638840402325e+00 -1.598046683042891533e-02
4.235900000000000000e+04 9.834808945039718031e-01 1.116266653734819536e-01
4.236000000000000000e+04 9.765984110230826465e-01 4.184867007448804521e-02
4.236100000000000000e+04 9.664808816400622948e-01 -2.567093704333058349e-02
4.236200000000000000e+04 9.349048524714197450e-01 -1.529131137041695940e-02
4.236400000000000000e+04 8.756916639199732177e-01 1.187578543242692915e-02
4.245900000000000000e+04 1.259891465886632478e+00 3.615975147367294640e-01
4.261800000000000000e+04 7.207552298252957179e-01 2.923127566789930631e-02
4.261900000000000000e+04 9.421667007081565570e-01 -9.073464253973714810e-02
