9.687600000000000000e+04 1.084975159378152476e+00 7.230638535989035443e-02
9.691300000000000000e+04 9.928565848325214827e-01 -1.616285879579686113e-02
9.716200000000000000e+04 1.073466247231521065e+00 8.989143639958548093e-02
9.717600000000000000e+04 1.105966472802954348e+00 1.771222464960059764e-02
9.717700000000000000e+04 1.032487653442589526e+00 1.327231495724823067e-02
9.721100000000000000e+04 1.316457315341109213e+00 4.823622941035987655e-02
9.721300000000000000e+04 1.256619662044867747e+00 -2.858475063500386017e-03
9.724100000000000000e+04 1.036244032383768721e+00 8.642086183514639808e-02
9.724400000000000000e+04 9.081618352747458101e-01 -1.709920823911182178e-02
9.725500000000000000e+04 1.104943921218371372e+00 1.512233431691971941e-01
9.725600000000000000e+04 1.096047982481893390e+00 6.512271661152875535e-02
9.725800000000000000e+04 1.184173352210336150e+00 1.904710105402935075e-02
9.725900000000000000e+04 1.234810716201136582e+00 3.294211752030935109e-02
9.726000000000000000e+04 1.039425227841552113e+00 -8.301209428332566309e-02
9.733400000000000000e+04 8.833176154844587513e-01 5.166396212422721262e-02
9.735300000000000000e+04 1.000700202494993585e+00 9.927792453210722290e-02
9.739200000000000000e+04 9.461009032255121021e-01 1.038600009774630767e-01
9.740900000000000000e+04 1.091471120980605169e+00 1.867887156049772212e-03
9.741000000000000000e+04 1.097660765458127630e+00 1.090600934800240174e-01
9.741100000000000000e+04 8.998138214459960871e-01 -1.185013895201667694e-02
9.743900000000000000e+04 9.927548166771399396e-01 2.365810556646752438e-03
9.745300000000000000e+04 8.330656383423846734e-01 4.623833864935909810e-02
9.745400000000000000e+04 9.669804267986396029e-01 7.839395149187707024e-02
9.745500000000000000e+04 7.979997661184181634e-01 3.318137857057617407e-02
9.745700000000000000e+04 7.910937367658725794e-01 1.473459186829863786e-02
9.745800000000000000e+04 9.617239305899082380e-01 6.323700982073683641e-02
9.748600000000000000e+04 8.908297557100480768e-01 3.208289191900907250e-02
9.748700000000000000e+04 9.509685037051089918e-01 5.239713981292846295e-02
9.748900000000000000e+04 8.348082607906057717e-01 6.740158440462414025e-02
9.749000000000000000e+04 9.842682511203054707e-01 1.875092384850295807e-02
9.749100000000000000e+04 9.828857539403187404e-01 9.017184491217881959e-02
9.749200000000000000e+04 9.807380995916441524e-01 9.843670500838817838e-02
9.750000000000000000e+04 9.072863872893651704e-01 -1.600129181727844019e-02
9.750800000000000000e+04 1.161172416777687122e+00 4.285659865062203117e-02
9.750900000000000000e+04 1.359405756723281344e+00 1.242160470166632086e-01
9.751200000000000000e+04 1.144161912096442357e+00 9.289064464487697959e-02
9.751300000000000000e+04 1.147077510687465995e+00 5.142456448902989891e-02
9.751400000000000000e+04 1.172701840635895554e+00 1.508681900283953548e-01
9.755900000000000000e+04 1.084932592546596242e+00 3.875342702053632266e-02
9.759200000000000000e+04 1.146882717169315224e+00 1.140555087942852486e-01
9.759400000000000000e+04 1.101259814260544756e+00 1.506670272952815616e-02
9.759500000000000000e+04 1.220049149957225021e+00 -3.507626098508644097e-02
9.759600000000000000e+04 1.107968313650629311e+00 -1.391528919213912315e-02
9.759700000000000000e+04 1.130193903815918333e+00 4.887134373330625364e-02
9.761800000000000000e+04 1.236616175339943169e+00 1.856065438622586661e-02
9.761900000000000000e+04 1.328101391617188431e+00 8.268201295168270404e-02
9.762000000000000000e+04 1.167277556696359797e+00 2.258526598984507069e-02
9.762100000000000000e+04 1.151376794353710320e+00 3.069409247441201929e-02
9.762200000000000000e+04 1.124571042993696146e+00 1.207762270048000075e-01
9.762300000000000000e+04 1.018649143298228754e+00 -3.131641594752643948e-03
9.764400000000000000e+04 1.130301860629126187e+00 1.435978249180239370e-02
9.764500000000000000e+04 1.176635485016175098e+00 1.360881163315807996e-02
9.764600000000000000e+04 9.598394253977237112e-01 -3.616277114763374878e-02
9.764700000000000000e+04 1.082847328819433352e+00 -2.430666262312226530e-02
9.772200000000000000e+04 9.246452420310379283e-01 8.679750562033730632e-02
9.772600000000000000e+04 1.038703357216400835e+00 6.848563339826928276e-02
9.816400000000000000e+04 9.221536105489791524e-01 3.438065141136933955e-02
9.816500000000000000e+04 8.227004558499231290e-01 -1.022722624267433655e-01
9.821600000000000000e+04 9.895823739218319037e-01 -8.154994034062398867e-02
9.821700000000000000e+04 8.442133143085031044e-01 -4.516041034725084419e-02
9.822300000000000000e+04 9.080490440320828638e-01 -9.337968139765731590e-02
9.825900000000000000e+04 8.674230321236087171e-01 -7.181965661480721984e-03
9.826000000000000000e+04 8.555185353776167956e-01 -6.438980310869542312e-02
9.826700000000000000e+04 1.001649587165724720e+00 -2.573777276187245305e-02
9.826900000000000000e+04 1.086619517043561078e+00 -1.111297885391363156e-02
9.827200000000000000e+04 1.142490535480957803e+00 -3.339607846835179056e-02
9.827400000000000000e+04 1.070732695059360751e+00 1.501241507902950807e-02
9.827700000000000000e+04 9.998898321675515621e-01 -3.720767315655645197e-02
9.827800000000000000e+04 1.015013215716168204e+00 1.146398424425331720e-02
9.827900000000000000e+04 1.085171526836900657e+00 1.142015238825498241e-01
9.828000000000000000e+04 1.148996578172910565e+00 9.246557721560931531e-02
9.829400000000000000e+04 9.035984177400774309e-01 -1.342901434188735477e-01
9.829500000000000000e+04 9.304059037306213753e-01 3.865954328102101656e-02
9.830600000000000000e+04 8.872762660249126077e-01 3.287923712271104137e-02
9.830700000000000000e+04 1.029868883531299240e+00 -1.815940155905736431e-01
9.830800000000000000e+04 1.052403665927312382e+00 -1.086414709992893426e-03
9.830900000000000000e+04 9.826644786601735904e-01 -5.043514517434312394e-02
9.831000000000000000e+04 9.814929083503485252e-01 -3.006639304020525261e-02
9.831100000000000000e+04 9.686004904347663702e-01 -8.794130308728616285e-02
9.831200000000000000e+04 1.072096988162382525e+00 3.738167195294468670e-02
9.831400000000000000e+04 1.070860484905161281e+00 2.624562134664276680e-02
9.836400000000000000e+04 9.553369649981336975e-01 -2.915178547109873244e-02
9.837000000000000000e+04 8.413035679170947079e-01 -4.781264440541181659e-02
9.837100000000000000e+04 8.893537993677689268e-01 -1.430354103254044031e-02
9.837200000000000000e+04 9.317423778912686805e-01 4.892834725011556418e-02
9.837400000000000000e+04 9.433094152656502640e-01 -1.047274165753570990e-01
9.837500000000000000e+04 1.007638043795105354e+00 -1.043034069747987395e-02
9.838000000000000000e+04 1.021337936720309925e+00 6.745142922528929441e-02
9.838100000000000000e+04 1.031177965346880665e+00 7.929360058528529820e-02
9.839800000000000000e+04 8.349773472357496784e-01 -8.490869926424267009e-03
9.839900000000000000e+04 1.008372252409334813e+00 -1.445873935612453365e-01
9.841000000000000000e+04 1.024197448203256977e+00 -5.311750687125128129e-02
9.841100000000000000e+04 8.650547386923082005e-01 -7.455688519493940125e-02
9.841200000000000000e+04 9.518796411306735816e-01 -5.497757149345311109e-03
9.841300000000000000e+04 9.563757682248418268e-01 -6.427468859398194345e-02
9.841400000000000000e+04 9.851814239739624668e-01 -5.895504811648095284e-02
9.841500000000000000e+04 9.969153311207296086e-01 -3.386983402392366310e-02
9.841600000000000000e+04 1.146655744673009902e+00 6.709799875453077711e-02
9.857800000000000000e+04 9.720270995974615857e-01 -4.339352878167119371e-02
9.858100000000000000e+04 1.184861513775576469e+00 -3.364353869245803597e-02
9.858200000000000000e+04 1.094456131405979304e+00 -7.806504258026855658e-02
9.858400000000000000e+04 1.246500291611280620e+00 -3.069536401941956594e-02
9.858500000000000000e+04 1.047308880295865219e+00 1.453736879155235161e-02
9.858600000000000000e+04 1.074495317222543544e+00 2.596165021865254330e-02
9.858700000000000000e+04 1.124845453835122910e+00 3.897621049780924940e-02
9.862600000000000000e+04 1.009976680958091677e+00 -1.124194642317464209e-03
9.862800000000000000e+04 1.062576525150610518e+00 1.448974701023850176e-01
9.862900000000000000e+04 9.096808129096523032e-01 -8.311641672763774025e-02
9.863000000000000000e+04 9.436012625509158092e-01 -9.335091870278462711e-02
9.863100000000000000e+04 1.037364305489623106e+00 -5.365136595644998813e-02
9.863200000000000000e+04 9.749431333638350905e-01 -7.007455229199908292e-03
9.863300000000000000e+04 8.662774227751981471e-01 1.197831726278010545e-01
9.863400000000000000e+04 1.067580954586222264e+00 1.626779734830458013e-02
9.863500000000000000e+04 1.032566311128750414e+00 9.863066152999023367e-03
9.871000000000000000e+04 1.025588273359447911e+00 1.174365716102133278e-02
9.871200000000000000e+04 1.167239943616452003e+00 2.133906295252480101e-03
9.871300000000000000e+04 1.006525040746488742e+00 -5.881117376339203145e-02
9.871400000000000000e+04 1.125271450484605751e+00 -8.785740982259358789e-02
9.871600000000000000e+04 9.929995875101815805e-01 -8.612565665636015902e-03
9.871700000000000000e+04 1.013521468591183528e+00 -3.394688347454444255e-02
9.871900000000000000e+04 1.013107864797889501e+00 8.322415766020165029e-02
9.878700000000000000e+04 9.329069775630498551e-01 -8.833595787944062416e-02
9.878800000000000000e+04 1.081344599525199124e+00 -2.959713876931402421e-02
9.878900000000000000e+04 9.327899940640911325e-01 -1.064909958300184860e-02
9.879000000000000000e+04 9.578758720241573599e-01 -1.859637005353561023e-01
9.879100000000000000e+04 1.105671226106442528e+00 5.824264047328612387e-02
9.879200000000000000e+04 1.110871714943541644e+00 -3.004464386172538137e-02
9.879300000000000000e+04 1.039768925689136703e+00 -3.506537189089626444e-02
9.879400000000000000e+04 1.028612844027312789e+00 9.127425553385626333e-02
9.903400000000000000e+04 1.079205592981947959e+00 4.543135659389232681e-03
9.903600000000000000e+04 2.889379273478170251e+00 -6.581315966261563899e-01
9.903700000000000000e+04 3.219473044250711791e+00 -6.690701976092076064e-01
9.950400000000000000e+04 8.741053865057947236e-01 8.671555943268552391e-02
9.950500000000000000e+04 8.981283258701587835e-01 3.912817891093802597e-02
9.950600000000000000e+04 9.784835233137728627e-01 1.633859932363989145e-02
9.950700000000000000e+04 9.734823866273608628e-01 -1.217599943120433251e-02
9.950800000000000000e+04 9.032796575306110132e-01 -2.437798922994516022e-03
9.950900000000000000e+04 1.002962757877685851e+00 -7.896431475368440034e-02
9.951100000000000000e+04 1.053876994051828664e+00 6.212523046517105102e-02
9.951200000000000000e+04 1.132361513297500011e+00 4.098475978583443480e-02
9.954500000000000000e+04 1.110418712676984665e+00 -9.799390374592514830e-02
9.957200000000000000e+04 8.836579294309758748e-01 5.276419355112396681e-02
9.957600000000000000e+04 7.867380615562939994e-01 2.327556300028713748e-02
9.957700000000000000e+04 8.516978352780709693e-01 -2.769005556033899557e-02
9.957900000000000000e+04 8.419498121077548802e-01 1.199963770558430814e-01
9.967100000000000000e+04 9.078731109828483969e-01 4.158477083766057986e-02
9.967300000000000000e+04 1.005750780216948748e+00 -3.708184745402811483e-02
9.967400000000000000e+04 1.004204285178442957e+00 9.954261411412820837e-02
9.967500000000000000e+04 1.030669154044164593e+00 4.724909130309443150e-02
9.967900000000000000e+04 9.476094557634398008e-01 -9.213352542980290938e-02
9.969300000000000000e+04 1.043677638719579415e+00 8.323074177767411652e-02
9.969400000000000000e+04 8.841222358057054809e-01 -2.474326373167103424e-02
9.969800000000000000e+04 9.661991872206697751e-01 5.714969347289589746e-02
9.972500000000000000e+04 1.006882589248329518e+00 3.964120940967198053e-02
9.972600000000000000e+04 8.542232505195144210e-01 1.487748345645250048e-01
9.972800000000000000e+04 9.514804980369642173e-01 -2.016862463115869641e-01
9.973300000000000000e+04 8.657816167193252976e-01 3.721164868431073997e-02
9.973400000000000000e+04 8.859298243151374486e-01 -1.151788987933592412e-01
9.973600000000000000e+04 9.357614912262667284e-01 -1.266982333116807233e-02
9.975600000000000000e+04 9.709562518862664415e-01 -4.650060760673405819e-02
9.975700000000000000e+04 8.912887272116108983e-01 -4.414914610418539664e-02
9.975900000000000000e+04 9.305219846253752758e-01 1.542855716831725288e-01
9.976000000000000000e+04 9.337442113832903345e-01 -4.344738320417560612e-02
9.976300000000000000e+04 1.004813162556136952e+00 -1.351466496230313737e-02
9.976500000000000000e+04 9.081685823716010297e-01 -1.635443069939045979e-01
9.976600000000000000e+04 1.090141194121454493e+00 5.792079506101852071e-02
9.977600000000000000e+04 1.059505249211052602e+00 1.513934945475497451e-01
9.977800000000000000e+04 1.035607480344574949e+00 -3.648452182900011054e-03
9.977900000000000000e+04 1.191102632484102308e+00 -2.518888229338529794e-02
9.978000000000000000e+04 1.058497927057664212e+00 -2.109758669973806067e-01
9.978100000000000000e+04 9.881392261542915056e-01 -1.237018903170132023e-01
9.978200000000000000e+04 1.016565061331409003e+00 5.103078202965673910e-02
9.978500000000000000e+04 9.734487566975313921e-01 -5.194170600032208679e-02
9.978700000000000000e+04 9.818388854032414903e-01 -5.164761362770148995e-02
9.978900000000000000e+04 9.568770871881896456e-01 2.183861049430464371e-02
9.983500000000000000e+04 1.030226806701051157e+00 -5.545631750972895846e-02
9.983600000000000000e+04 1.136811990823638707e+00 -3.968117738504467473e-02
9.983900000000000000e+04 1.002969008445466992e+00 -8.125827812741438783e-02
9.984000000000000000e+04 9.046376279027323886e-01 -1.535481571358170150e-01
9.986900000000000000e+04 1.024150649806129687e+00 1.183054297284510531e-01
9.987000000000000000e+04 8.466826085137237889e-01 1.921084085432070709e-01
9.987100000000000000e+04 8.769683753056272124e-01 9.334222465584765538e-02
9.987200000000000000e+04 8.808579175940769446e-01 2.724276437969690434e-01
9.987300000000000000e+04 8.863291550044811729e-01 1.093337602800263930e-01
9.987400000000000000e+04 9.873288807288236324e-01 1.666504907814233272e-01
9.987500000000000000e+04 9.147651720765782590e-01 1.666837956640226104e-01
9.993800000000000000e+04 8.416815878644621218e-01 1.703858010410819468e-01
9.993900000000000000e+04 8.695008107384217810e-01 1.287614449628503577e-01
9.994000000000000000e+04 8.926588699715167774e-01 7.308835480936888562e-02
9.994100000000000000e+04 9.440228533363367314e-01 1.649543352340863134e-01
9.994200000000000000e+04 9.353679413998141623e-01 1.561224951655819926e-01
9.994300000000000000e+04 8.172933356164761021e-01 -8.950969003531951407e-02
9.994400000000000000e+04 9.381690775981957886e-01 1.695911066730583505e-01
1.000870000000000000e+05 1.235632156651210067e+00 9.405701003046153252e-02
1.000880000000000000e+05 1.033067872714477531e+00 -2.269511070112884693e-02
1.001660000000000000e+05 9.707864011211981836e-01 -3.933851323352011327e-03
1.001670000000000000e+05 1.080936582073508179e+00 -2.129848976183486980e-02
1.001690000000000000e+05 1.005741829202053461e+00 5.979518862050687417e-02
1.001710000000000000e+05 1.138394801809640811e+00 6.486166052355436806e-02
1.001730000000000000e+05 1.080612797655635227e+00 6.571079844312241458e-02
