4.792000000000000000e+04 1.081937716643701419e+00 -3.256462166012212989e-03
4.792100000000000000e+04 9.643746038451671554e-01 -6.741401017770141946e-02
4.792200000000000000e+04 1.135769480114750873e+00 1.067775083283810898e-02
4.792300000000000000e+04 1.040161231678241149e+00 -1.025483319182507874e-01
4.792400000000000000e+04 1.002565206265026321e+00 -6.259666578765923917e-02
4.794200000000000000e+04 1.167080369224231529e+00 1.536748292352816325e-03
4.794300000000000000e+04 1.166222701021629282e+00 2.450281818291311781e-02
4.794400000000000000e+04 1.138943767062448265e+00 3.834280364504337457e-02
4.794500000000000000e+04 1.144656535220708093e+00 7.647863951738424759e-02
4.794600000000000000e+04 9.968598045745739045e-01 -1.482019574773803250e-01
4.794700000000000000e+04 9.686946499550430634e-01 -5.512431689064450913e-02
4.794800000000000000e+04 1.086728115418910789e+00 -1.545306503072646775e-01
4.794900000000000000e+04 9.897086850362845079e-01 -8.372442813297022168e-02
4.795000000000000000e+04 1.064198105778234149e+00 -1.519755635299660859e-02
4.795100000000000000e+04 1.047459482686893262e+00 -1.406156680319514407e-01
4.795200000000000000e+04 1.026732604018502970e+00 -1.591366218410741051e-01
4.795300000000000000e+04 1.100281255962364924e+00 -6.039217692862593190e-02
4.795400000000000000e+04 1.080881777272036492e+00 -8.399742941538917984e-02
4.795500000000000000e+04 1.032812028042829899e+00 -7.644819122869107864e-02
4.795600000000000000e+04 1.121280397730435530e+00 -1.941511023581545259e-01
4.797000000000000000e+04 1.220128707068591556e+00 -2.086054794056038317e-03
4.797100000000000000e+04 1.115117510767587250e+00 1.431227608308280677e-03
4.797200000000000000e+04 1.046947320587696462e+00 -1.814232830491142312e-01
4.797300000000000000e+04 1.039766627944917143e+00 -7.810065693477591386e-02
4.797400000000000000e+04 1.070453789436349057e+00 -9.056185632299637578e-02
4.797500000000000000e+04 1.028180045054310821e+00 -7.184658159223017426e-02
4.797600000000000000e+04 1.003658554837735695e+00 -1.379100208791101401e-01
4.797700000000000000e+04 1.101998509654635860e+00 -7.304889948244783215e-02
4.797800000000000000e+04 1.158023984071792079e+00 -1.351270440787085692e-01
4.797900000000000000e+04 1.084496582399642861e+00 -1.536226227396272348e-01
4.798100000000000000e+04 1.232013721533755213e+00 -1.549185846756840901e-01
4.798200000000000000e+04 1.138443535326221667e+00 -1.034487628825082467e-01
4.798300000000000000e+04 1.373207908705880165e+00 -1.707592732258365886e-01
4.798400000000000000e+04 1.135061526327384440e+00 -1.712550114056063388e-01
4.800000000000000000e+04 1.299200707562084611e+00 4.888321185846725841e-02
4.800100000000000000e+04 1.091537624584194788e+00 -2.134574137432720398e-01
4.800200000000000000e+04 9.997236044058857019e-01 -9.072063228573636062e-02
4.800300000000000000e+04 1.046494242722836310e+00 -1.314907348525066466e-01
4.800400000000000000e+04 1.100679374043318282e+00 -1.856687618830216158e-01
4.800500000000000000e+04 1.083245456879581958e+00 -1.930186270738545595e-01
4.800600000000000000e+04 1.057694794068182897e+00 -1.740293168571440119e-01
4.800700000000000000e+04 1.007586458878791946e+00 -7.319876789379999027e-02
4.800800000000000000e+04 1.093998861769326147e+00 -1.478674974313480828e-01
4.800900000000000000e+04 1.048764013457763600e+00 -1.716882157328590564e-01
4.801000000000000000e+04 1.064714845034469004e+00 -4.816498459937022802e-02
4.802800000000000000e+04 9.525527148607618733e-01 -1.982332813450811970e-01
4.802900000000000000e+04 1.121615559659675743e+00 -1.150728932649579400e-01
4.803000000000000000e+04 9.118224443677293012e-01 -2.175924616783856125e-01
4.803200000000000000e+04 1.083170388134887308e+00 -5.584333363387717492e-02
4.803300000000000000e+04 1.126706578398997349e+00 -1.288862636920417581e-01
4.803400000000000000e+04 1.016527274710379736e+00 -1.622928144285182284e-02
4.803500000000000000e+04 1.204935621549124924e+00 -5.436787022296283439e-02
4.803600000000000000e+04 1.095169844526921343e+00 -1.237508135037820728e-01
4.803700000000000000e+04 1.105579812325974354e+00 -1.737240797157749705e-01
4.803800000000000000e+04 1.141759110366612262e+00 3.307862514529634479e-02
4.805300000000000000e+04 1.024482157812952376e+00 -1.054944128447520557e-01
4.805400000000000000e+04 1.072632349090715698e+00 1.747842480181934985e-02
4.805500000000000000e+04 1.165474110994457080e+00 -2.039413247389438300e-01
4.805600000000000000e+04 1.071139120170981229e+00 -1.333983318565007126e-01
4.805700000000000000e+04 1.119629625245055715e+00 -4.117235635917382286e-02
4.805800000000000000e+04 1.087199343987841127e+00 -1.392074879812159049e-01
4.805900000000000000e+04 1.071168121007558760e+00 -1.290225010228990832e-01
4.806000000000000000e+04 1.102453118744477711e+00 -1.935525449822263488e-01
4.806100000000000000e+04 1.052496645690280230e+00 -2.096374619274670725e-01
4.806200000000000000e+04 1.052803952747647154e+00 -1.520829750470420183e-01
4.810700000000000000e+04 1.038213371491479187e+00 -5.046347661371293480e-02
4.810800000000000000e+04 1.097873166311960746e+00 -1.558589524494283229e-01
4.811000000000000000e+04 1.384385668392771551e+00 -1.983809338265480893e-01
4.817200000000000000e+04 1.208627815944468997e+00 -1.031530808007851130e-01
4.817300000000000000e+04 1.142241124939600061e+00 -3.791181097868046024e-02
4.820400000000000000e+04 9.744259176877337891e-01 -3.762476114599869192e-02
4.825800000000000000e+04 9.864034332427886742e-01 -8.332458370606235509e-02
4.825900000000000000e+04 1.024025328558441972e+00 7.832090552680726070e-02
4.826000000000000000e+04 1.048613626449919733e+00 -3.470679255199360380e-02
4.826100000000000000e+04 8.851436287148564119e-01 -1.137969069563299629e-01
4.827300000000000000e+04 9.891558553899721939e-01 -2.907379814433604798e-02
4.827400000000000000e+04 1.030586780637338773e+00 -2.627874031471701122e-02
4.827500000000000000e+04 1.003657896685542061e+00 -2.533790602102729134e-02
4.827600000000000000e+04 1.063356618627859351e+00 5.296648191860616611e-02
4.827700000000000000e+04 1.005987993114910051e+00 3.345553040503886078e-02
4.829100000000000000e+04 9.504130342985740443e-01 -2.331471866289923367e-02
4.829300000000000000e+04 9.989743043636701847e-01 -6.606393757020942448e-02
4.829400000000000000e+04 1.080484875039902981e+00 6.587928697643258280e-02
4.829500000000000000e+04 1.141699844865279534e+00 1.114970586685963549e-04
4.829600000000000000e+04 1.033369300864293461e+00 1.531610311794634471e-02
4.829700000000000000e+04 1.069429558180996498e+00 -1.871410840146822685e-01
4.831300000000000000e+04 1.063915271016786068e+00 -2.157235077702361614e-02
4.831400000000000000e+04 9.845255953489289169e-01 -1.076367020396766794e-01
4.831500000000000000e+04 1.082599397071058345e+00 4.434349952783193938e-02
4.831600000000000000e+04 1.084206962213336123e+00 2.762381031707719994e-02
4.831700000000000000e+04 1.038980439915536236e+00 -1.342753141411606732e-01
4.831800000000000000e+04 9.637597469154267626e-01 -1.682673314558819355e-01
4.831900000000000000e+04 1.033421746721600032e+00 -3.908452057028096588e-02
4.832000000000000000e+04 1.060401656782283153e+00 -2.351802534318493329e-02
4.833300000000000000e+04 9.154397879175329988e-01 2.130544644524235906e-02
4.833400000000000000e+04 1.036763400963025550e+00 -6.474916948211903445e-02
4.833500000000000000e+04 1.039283771817865798e+00 -1.322816470946496514e-01
4.833600000000000000e+04 9.366315258379976916e-01 1.184518180753012240e-03
4.833700000000000000e+04 9.879579750456048970e-01 -2.792271150948775760e-01
4.833800000000000000e+04 1.076546601833759054e+00 -4.109580812358060165e-02
4.833900000000000000e+04 1.043353011641802830e+00 -4.132840586665370575e-02
4.834000000000000000e+04 1.027920560115405335e+00 -1.141533937779757035e-01
4.834100000000000000e+04 1.019909999885862062e+00 -4.331297745163827095e-02
4.834200000000000000e+04 1.055615578380431963e+00 -3.363007748854598966e-02
4.834400000000000000e+04 9.576497068266177637e-01 2.651540906035005155e-02
4.834500000000000000e+04 1.099211143478818542e+00 4.702583386271330657e-02
4.835200000000000000e+04 8.511815335651774506e-01 -6.888101347653077799e-02
4.835300000000000000e+04 8.611731892907736885e-01 -5.574427280433318782e-02
4.835400000000000000e+04 9.006984905627712923e-01 7.455297777105332480e-02
4.835500000000000000e+04 1.003963725533199902e+00 -1.483834163070327228e-01
4.835900000000000000e+04 1.027556903196276350e+00 -3.993125338314876260e-02
4.836000000000000000e+04 1.045811919770570864e+00 -4.658800965366764746e-02
4.836100000000000000e+04 1.066739087561197064e+00 9.477617806846704712e-03
4.836200000000000000e+04 1.082390248424829116e+00 -6.545264176004984835e-02
4.838600000000000000e+04 1.029410645174690497e+00 1.397343936050847620e-02
4.838700000000000000e+04 9.025932837607508752e-01 -4.632486041360971835e-02
4.838800000000000000e+04 1.060714462611901165e+00 3.094005692195217830e-02
4.838900000000000000e+04 1.187524903536827159e+00 5.696419606166453625e-02
4.839000000000000000e+04 1.113569716785222763e+00 -3.674623890317577080e-02
4.839100000000000000e+04 1.041697403768963692e+00 -4.580864877100807031e-02
4.839200000000000000e+04 1.142149527831729960e+00 -4.355982501301335769e-02
4.839300000000000000e+04 1.120377277982743669e+00 -1.161646627650529118e-01
4.839400000000000000e+04 1.081580552791695737e+00 -3.314676766728728158e-02
4.839500000000000000e+04 1.075568830132962894e+00 3.771994376805401505e-02
4.839600000000000000e+04 1.057547375794384958e+00 -2.944508522305192347e-03
4.839700000000000000e+04 1.045714461058394384e+00 -1.591558801793324651e-02
4.839800000000000000e+04 1.095335967349481798e+00 5.880779255010949724e-02
4.841200000000000000e+04 1.272915589542511938e+00 -5.906321882568305037e-02
4.841300000000000000e+04 1.019927120273823595e+00 -6.730972650381282507e-02
4.841400000000000000e+04 1.039709530752629174e+00 1.124816800438453723e-02
4.841500000000000000e+04 1.106257980139671693e+00 -4.666456757504326702e-02
4.841600000000000000e+04 1.094913339776860672e+00 -8.683781296585360576e-02
4.841800000000000000e+04 9.937835896390069257e-01 -4.494485717964322169e-02
4.841900000000000000e+04 1.095559215159992217e+00 -1.466848840964190825e-01
4.842000000000000000e+04 1.008055495439932336e+00 -1.156085767261997698e-03
4.842100000000000000e+04 9.856872888349561546e-01 -9.234605079308388920e-02
4.842200000000000000e+04 1.074766786198540602e+00 7.837184812589867433e-04
4.842300000000000000e+04 1.070221786905501737e+00 3.050931150925078857e-04
4.842400000000000000e+04 1.027069213949308057e+00 4.734256437360447739e-02
4.842500000000000000e+04 8.792752967778917350e-01 4.729222683869676452e-02
4.842600000000000000e+04 1.257586736833279151e+00 -4.775439348579523652e-02
4.843500000000000000e+04 1.052869393315186697e+00 5.081808610918966268e-02
4.843600000000000000e+04 1.023293892535867666e+00 -8.553442862611457254e-02
4.843700000000000000e+04 1.023921416873443402e+00 2.940310285960335418e-02
4.843800000000000000e+04 1.110658527680372432e+00 4.909511737183626379e-02
4.843900000000000000e+04 1.068123690505460965e+00 -8.190041517934000537e-02
4.844000000000000000e+04 1.048749655539709336e+00 -1.133997207446360046e-02
4.844100000000000000e+04 1.019421689430633160e+00 -2.843601884936379498e-02
4.844200000000000000e+04 1.030248298869020251e+00 2.394907404533921230e-02
4.844300000000000000e+04 9.819220331845641692e-01 -6.780638468249401696e-02
4.844400000000000000e+04 9.868215873100562030e-01 -1.774685917188573991e-01
4.844500000000000000e+04 1.040709955248766194e+00 3.362180692863552672e-02
4.844600000000000000e+04 1.115406236704158394e+00 4.529916804231168964e-02
4.844700000000000000e+04 1.067966764128167600e+00 1.148766200510303002e-02
4.844800000000000000e+04 1.104897639511488006e+00 4.395923001725918211e-02
4.844900000000000000e+04 1.023330332849599511e+00 -7.653136391449821829e-02
4.845900000000000000e+04 7.957822208999735247e-01 1.668853454374687184e-02
4.846000000000000000e+04 1.112300739651922221e+00 6.981615011898843065e-03
4.846100000000000000e+04 1.228123281673001443e+00 1.789688431726448037e-02
4.846200000000000000e+04 1.006332394465715430e+00 -6.481732427380020034e-02
4.846300000000000000e+04 1.061677276349637600e+00 3.810712809416097469e-02
4.846400000000000000e+04 1.095679622600021608e+00 -8.278156984023472137e-03
4.846500000000000000e+04 1.078899801626096222e+00 -4.086809789040123098e-02
4.846700000000000000e+04 1.009547701529988073e+00 -2.886478939251226755e-02
4.846800000000000000e+04 1.101071408618113256e+00 -6.317289650131688306e-02
4.846900000000000000e+04 1.088728844848476429e+00 -1.475206826422616191e-02
4.847000000000000000e+04 1.001481104358082685e+00 -1.282823592682940939e-01
4.847100000000000000e+04 9.913310343188239671e-01 -9.873503121975379937e-03
4.847200000000000000e+04 1.076350903566479333e+00 -1.981746308602530884e-02
4.847500000000000000e+04 1.035159601648289351e+00 -9.163002592746143093e-02
4.847600000000000000e+04 1.084996271376685195e+00 8.837857806004362216e-02
4.848500000000000000e+04 9.563877842811137064e-01 -1.297397161590902182e-01
4.848600000000000000e+04 1.143009106911561767e+00 -3.390542361614622136e-02
4.848700000000000000e+04 9.749769990718037960e-01 -1.686900982937729332e-02
4.848800000000000000e+04 1.115444386240005636e+00 1.584224528409860101e-03
4.848900000000000000e+04 1.044840001876270907e+00 -1.878688350421412476e-03
4.849000000000000000e+04 1.091860835334991675e+00 -9.544957024241386423e-02
4.849100000000000000e+04 1.126209349296221074e+00 -5.805898909951432568e-02
4.849200000000000000e+04 1.036557331195061549e+00 -5.774574501033198637e-02
4.849300000000000000e+04 1.156064577645911529e+00 -7.124338914407594980e-02
4.849400000000000000e+04 1.071923679706681121e+00 -3.061180558400800750e-02
4.849500000000000000e+04 1.088830267398050333e+00 -9.152818032804702075e-02
4.849600000000000000e+04 1.128523594179073442e+00 -5.838482730472599469e-02
4.849700000000000000e+04 9.162040940471128936e-01 -2.359433436857900218e-02
4.849800000000000000e+04 1.047281652807357855e+00 -2.066107712694403575e-01
4.849900000000000000e+04 1.114825090456554424e+00 4.638981664819522704e-02
4.850000000000000000e+04 1.097231361218150125e+00 -1.112064505798017605e-01
4.850100000000000000e+04 9.630608666579418831e-01 3.102954758530516825e-03
4.850900000000000000e+04 1.033359282008885716e+00 3.048564844057032389e-02
4.851000000000000000e+04 9.649011702406877777e-01 -2.162269398901800130e-02
4.851100000000000000e+04 9.919797597800794620e-01 -5.848153396100755352e-02
4.851200000000000000e+04 1.051323900324620197e+00 6.124973207115968175e-03
4.851300000000000000e+04 1.070429367286224398e+00 -1.274294678987089036e-01
4.851400000000000000e+04 9.847495635508300982e-01 -1.365631540168791291e-01
4.851600000000000000e+04 9.417308383446010289e-01 -1.154584077858819974e-01
4.851700000000000000e+04 1.049973025240759750e+00 -1.456473789186256695e-01
4.853500000000000000e+04 8.863205950416925827e-01 -8.446566416961755197e-02
4.853600000000000000e+04 1.077621599950411069e+00 -1.002743808293660513e-02
4.856500000000000000e+04 9.845240396486728551e-01 2.923585850852747012e-02
4.856600000000000000e+04 1.082945041151217591e+00 8.707293309313698937e-02
