3.979000000000000000e+04 1.099979837667972804e+00 5.120283212523466659e-02
3.979100000000000000e+04 1.062347478036181680e+00 -3.138013535937719811e-02
3.980800000000000000e+04 1.084972513737491706e+00 7.619997015549187513e-02
3.980900000000000000e+04 1.067080694771964655e+00 -6.291309891882412852e-02
3.981000000000000000e+04 1.068202009309657141e+00 1.914743550462329191e-02
3.981100000000000000e+04 1.080121047837293347e+00 6.681487748195384657e-02
3.983400000000000000e+04 9.662673734354196853e-01 -7.957020983444419715e-02
3.985600000000000000e+04 9.620411375719872815e-01 -6.315141544594674028e-02
3.986600000000000000e+04 1.066348163205654842e+00 -1.980204667477131544e-02
3.986800000000000000e+04 1.031267732990648112e+00 -4.762164178570287010e-02
3.986900000000000000e+04 1.129163091592822354e+00 -3.042284251570758977e-02
3.987000000000000000e+04 1.027438393621706192e+00 -4.692883736771420733e-02
3.987100000000000000e+04 1.074260182236895789e+00 2.987016220159599902e-02
3.987200000000000000e+04 1.096490703911708220e+00 7.694661013436555896e-02
3.987300000000000000e+04 1.092710578921264997e+00 2.066609815187452417e-02
3.987400000000000000e+04 9.617656185806812141e-01 1.136730630547066051e-01
3.987500000000000000e+04 1.044492867562898608e+00 2.230898240666111601e-02
3.988900000000000000e+04 9.987500754709230932e-01 1.062046697317305111e-02
3.991500000000000000e+04 1.027529153033323706e+00 9.012625588682372790e-02
3.995500000000000000e+04 9.613857197505077945e-01 1.782968029224129766e-02
3.995600000000000000e+04 1.029929369254636962e+00 4.306025678101820658e-02
4.009300000000000000e+04 1.024135031376796068e+00 6.438489283660620011e-02
4.013000000000000000e+04 1.135776494958824268e+00 2.605243074348601029e-02
4.013100000000000000e+04 1.131110832720355619e+00 7.267311618818365904e-02
4.013200000000000000e+04 1.144365397358273695e+00 3.990719535215073166e-02
4.013300000000000000e+04 1.189037251950906038e+00 8.098541491821931171e-03
4.013400000000000000e+04 1.105371990566393903e+00 3.435510165056190196e-02
4.017000000000000000e+04 1.134578161083436232e+00 -1.100396932536662313e-02
4.017600000000000000e+04 1.058399520414765593e+00 -4.367863142251694752e-02
4.018900000000000000e+04 1.039454247763455186e+00 -2.853165456960031487e-02
4.019000000000000000e+04 1.036727876365690415e+00 3.716050225233338833e-02
4.019100000000000000e+04 1.021470150650940045e+00 -3.227993059953863930e-02
4.019200000000000000e+04 1.103533416946442580e+00 2.328687166484602958e-02
4.023000000000000000e+04 9.448970234589565420e-01 -8.445287842279751434e-02
4.023100000000000000e+04 8.591852685102998599e-01 -1.505783563863707097e-01
4.023200000000000000e+04 1.013060640763125075e+00 -3.048192605387284489e-03
4.023300000000000000e+04 1.066922482867800559e+00 -3.803668350123329267e-02
4.023400000000000000e+04 9.182232727494044067e-01 -2.207616338986596871e-02
4.025500000000000000e+04 1.112705909874602606e+00 1.116111069456591914e-01
4.025600000000000000e+04 1.095760137495551456e+00 1.017595312028542753e-01
4.026700000000000000e+04 9.685507678749769589e-01 -8.487782073067019761e-02
4.026800000000000000e+04 1.119956695539665814e+00 1.593119589463974986e-02
4.026900000000000000e+04 1.080808231293026500e+00 -2.346623418159026332e-04
4.027000000000000000e+04 1.091651871979949284e+00 -1.523650912633194542e-02
4.027100000000000000e+04 9.803032059113362395e-01 -3.400496397063939441e-02
4.027200000000000000e+04 9.415376438428362249e-01 -7.304924980577832960e-02
4.029900000000000000e+04 1.118869545722995351e+00 -2.212385726516658338e-02
4.030000000000000000e+04 1.031986117509652523e+00 -1.089434745212551105e-02
4.030200000000000000e+04 1.086383621524626752e+00 -5.030976071877338307e-02
4.030300000000000000e+04 9.817915061336720539e-01 1.103236881725232349e-01
4.030400000000000000e+04 1.193059915012257832e+00 -1.959296551024868396e-02
4.030500000000000000e+04 1.158288745630901673e+00 -1.001977012576914100e-01
4.031700000000000000e+04 1.120327986560216926e+00 4.801505487311918952e-02
4.031800000000000000e+04 1.066576629023793465e+00 4.322369086890645584e-02
4.031900000000000000e+04 1.077704841719267836e+00 7.872389452827763257e-02
4.032900000000000000e+04 1.124474513557751409e+00 -2.572385548698926522e-02
4.033000000000000000e+04 9.998139245828744359e-01 -3.800455584012029514e-02
4.033100000000000000e+04 1.104471002220180020e+00 -6.093531227825114277e-02
4.033200000000000000e+04 1.125271031532110166e+00 1.898792668836063804e-02
4.033300000000000000e+04 1.053432556422036592e+00 5.153157099751688730e-02
4.033400000000000000e+04 1.080060504842695890e+00 4.439267480727773080e-02
4.033500000000000000e+04 9.890021893573893719e-01 -1.937234818568525294e-02
4.033600000000000000e+04 1.117007906230836012e+00 -5.279315038935593341e-02
4.035000000000000000e+04 1.054120804416913249e+00 1.248397294446911693e-01
4.035100000000000000e+04 1.025029453570831306e+00 1.183792419097769583e-01
4.035200000000000000e+04 1.056279429718845142e+00 2.541085807610752451e-02
4.035300000000000000e+04 1.093262979208073027e+00 -3.609639063846947250e-03
4.036200000000000000e+04 1.016620787524240788e+00 -1.645320263668068050e-02
4.036300000000000000e+04 9.986956606737305009e-01 7.067424880285555489e-03
4.036400000000000000e+04 1.032731358598653060e+00 1.835186870833722256e-02
4.036500000000000000e+04 1.035048327754266362e+00 3.499937845713904129e-03
4.037700000000000000e+04 1.034074524011517449e+00 4.672584814043033441e-02
4.037800000000000000e+04 1.054977955961245106e+00 2.405459381446444639e-02
4.038800000000000000e+04 1.070619991148779260e+00 -2.257474884874451776e-02
4.038900000000000000e+04 9.885994545549954271e-01 4.750319220922492869e-02
4.039000000000000000e+04 1.146096470859264915e+00 5.135175812178235238e-02
4.039100000000000000e+04 1.033718546001724414e+00 3.807870259978007182e-02
4.039200000000000000e+04 1.023374261498562143e+00 -4.764677299176360570e-02
4.039300000000000000e+04 1.008992763001876680e+00 -4.902200587251021036e-02
4.039400000000000000e+04 1.118719717193558560e+00 8.249767394062759718e-03
4.041800000000000000e+04 1.182128145138604758e+00 1.990803937034607562e-02
4.041900000000000000e+04 9.971775080503596511e-01 -4.092661204047881585e-02
4.042000000000000000e+04 1.101586931712703388e+00 2.585238640776081620e-02
4.042100000000000000e+04 1.070115685130980765e+00 -2.033275512991480558e-02
4.042200000000000000e+04 1.001989282704500051e+00 7.989274152124332951e-02
4.042300000000000000e+04 1.033589909415824071e+00 7.472689274472953114e-02
4.042400000000000000e+04 1.089902541024188931e+00 2.412393943745695397e-03
4.042500000000000000e+04 1.051591188337851257e+00 -5.255532847897936843e-02
4.044700000000000000e+04 1.085503366630123034e+00 -1.328290443347340463e-02
4.044800000000000000e+04 1.076734662501945605e+00 8.827866022602993967e-02
4.044900000000000000e+04 1.088632837391042552e+00 -1.193201482268323871e-02
4.045000000000000000e+04 1.001255125178315053e+00 -5.230059934113330533e-03
4.045100000000000000e+04 1.029694904070844741e+00 5.779301013304029982e-02
4.045200000000000000e+04 1.075899364100359579e+00 2.599905595859765967e-02
4.047300000000000000e+04 1.103262205643845473e+00 1.464719101666592943e-02
4.047400000000000000e+04 9.830573997989063839e-01 -3.185219879131379050e-02
4.047500000000000000e+04 1.081893880887093706e+00 3.004512606133100117e-02
4.047600000000000000e+04 1.056168568992829959e+00 3.531306702001103109e-02
4.049900000000000000e+04 1.143543883721051424e+00 3.160406310372737559e-02
4.050000000000000000e+04 1.145337656203889720e+00 1.096899558202941855e-01
4.050100000000000000e+04 1.034560921618943308e+00 1.541384610028186455e-02
4.050200000000000000e+04 1.170857146859064501e+00 1.395203563475231646e-02
4.050300000000000000e+04 1.085314295584550948e+00 -2.114249092064367577e-02
4.050400000000000000e+04 1.143349589364770491e+00 2.214241967485446050e-02
4.050500000000000000e+04 1.095901237969784336e+00 -2.549111450887728281e-02
4.050600000000000000e+04 1.083279137370706025e+00 5.209889608743409339e-02
4.050700000000000000e+04 1.164516196879581855e+00 -1.000331315900788998e-01
4.050800000000000000e+04 1.051041618549940271e+00 1.020289497468420369e-03
4.051900000000000000e+04 1.147648687415407265e+00 -5.004040826646583007e-02
4.052100000000000000e+04 1.087115505907318314e+00 -4.239811417124179915e-02
4.052200000000000000e+04 1.113518080746191519e+00 -2.413870502554566616e-02
4.052300000000000000e+04 1.110351288376286494e+00 -2.071303540890353373e-02
4.052400000000000000e+04 1.178030828659453855e+00 8.476213250914071962e-02
4.052500000000000000e+04 1.321726528248943877e+00 1.764063697478719106e-01
4.052600000000000000e+04 1.161518790388603728e+00 2.402482630899717767e-02
4.052700000000000000e+04 1.204921466594345736e+00 -1.313359413206755671e-02
4.054400000000000000e+04 1.140740867721834695e+00 1.968801264078804888e-02
4.054500000000000000e+04 1.089059163564167099e+00 5.685204849026575386e-02
4.054600000000000000e+04 1.118324806067055421e+00 4.776887707816675904e-02
4.054700000000000000e+04 1.110812512972856769e+00 3.952886321495736877e-02
4.054800000000000000e+04 1.078196621429820867e+00 -3.387218493358248872e-02
4.054900000000000000e+04 1.112309137818019655e+00 6.180810079889877606e-04
4.055000000000000000e+04 1.037734587542824771e+00 3.249874305376695971e-03
4.055100000000000000e+04 1.064714204378976348e+00 1.023429365677952160e-02
4.055500000000000000e+04 1.071076783235035412e+00 1.147789541691353419e-03
4.055700000000000000e+04 1.030630380714283811e+00 8.079755782246063334e-02
4.055800000000000000e+04 1.091642042513440769e+00 3.018760096604205211e-03
4.055900000000000000e+04 1.116174369978803371e+00 -2.336099141788979677e-02
4.056000000000000000e+04 1.128239008045569092e+00 1.023555777040078552e-01
4.061700000000000000e+04 1.067451568001018147e+00 2.245407225537866466e-02
4.061800000000000000e+04 1.109718418163358589e+00 1.256811577915614014e-02
4.061900000000000000e+04 1.073916599815929240e+00 5.756489480374300804e-02
4.062000000000000000e+04 1.027679542494620568e+00 -6.489784381344048531e-03
4.063700000000000000e+04 1.165267469415269597e+00 4.271948309883166761e-02
4.063800000000000000e+04 1.114758346007792333e+00 2.803732200039855960e-02
4.063900000000000000e+04 1.152744512507713370e+00 1.590688202078866798e-01
4.064900000000000000e+04 1.135756087830179339e+00 7.526431374236013105e-02
4.067800000000000000e+04 1.136145737487796792e+00 -6.580705267256854729e-03
4.080800000000000000e+04 1.128011718435727007e+00 -4.790887252189256207e-02
4.080900000000000000e+04 1.225455093781221194e+00 -3.945316899575210950e-02
4.083300000000000000e+04 1.126593855853737169e+00 -9.301831821649689247e-03
4.083400000000000000e+04 1.125260337116355203e+00 -4.876205117305510567e-02
4.083500000000000000e+04 1.061836649717338821e+00 -2.651298310019082824e-02
4.083600000000000000e+04 1.075509057773029964e+00 -8.031504910559890409e-02
4.085400000000000000e+04 1.083644491326522630e+00 -5.512081195613426771e-02
4.085500000000000000e+04 1.200567495785705763e+00 1.495345173376768158e-02
4.085800000000000000e+04 1.212880870782263365e+00 -3.997658550735661703e-02
4.085900000000000000e+04 1.149916007855717348e+00 2.085975660949235776e-03
4.086000000000000000e+04 1.210776095934449348e+00 7.958971796496777662e-02
4.086100000000000000e+04 1.248272975190747758e+00 8.807901511335670952e-02
4.086200000000000000e+04 1.152930301291810400e+00 -2.306198429272499767e-02
4.088300000000000000e+04 1.137358349485857678e+00 -6.724001060223630533e-02
4.088400000000000000e+04 1.186373600190181010e+00 7.209011496162064103e-02
4.088700000000000000e+04 1.162707213869048850e+00 -5.790064278913967244e-02
4.088800000000000000e+04 1.033193172350121314e+00 -6.178145333728345123e-02
4.088900000000000000e+04 1.071128215038552378e+00 -7.537581280284394447e-02
4.089000000000000000e+04 1.125272351167578400e+00 -1.221222779303742928e-01
4.089100000000000000e+04 1.061172172996850183e+00 4.189884723070773885e-03
4.089200000000000000e+04 1.003892044602387790e+00 -7.588678635811677009e-02
4.089300000000000000e+04 1.087209724446168035e+00 5.810177138047364909e-02
4.090400000000000000e+04 1.128682998863689280e+00 5.033311722817501027e-02
4.090500000000000000e+04 1.089396518841766692e+00 -6.222784920789491830e-02
4.090600000000000000e+04 1.125942205312510103e+00 -1.203273145766465407e-01
4.091200000000000000e+04 1.212194504373723447e+00 -1.064428337058789253e-01
4.091500000000000000e+04 1.139190338470131847e+00 -6.423843379008561949e-02
4.091600000000000000e+04 1.118726442665517462e+00 -1.638013284539939773e-01
4.091700000000000000e+04 1.128774080272698876e+00 -5.335348899936910583e-02
4.091800000000000000e+04 1.339343227843402540e+00 -1.672888538834164940e-01
4.091900000000000000e+04 1.174071002766861049e+00 2.680027898955483767e-02
4.092100000000000000e+04 1.148026360176505722e+00 3.639762321720182991e-03
4.092200000000000000e+04 1.064785211592960357e+00 -7.019792811684644196e-02
4.093700000000000000e+04 1.046768160725662034e+00 -4.439028661163393202e-02
4.093800000000000000e+04 8.826590983462559992e-01 5.079290835561196815e-03
4.094400000000000000e+04 1.247456962691518623e+00 -5.593823487036140435e-02
4.094700000000000000e+04 9.408414908339309823e-01 1.138760886887551019e-02
4.094800000000000000e+04 1.155544970969708318e+00 -4.126220214592449254e-02
4.094900000000000000e+04 1.105582939185443037e+00 -8.374023502616530223e-02
4.095000000000000000e+04 1.110144262618770528e+00 -4.943736435577977123e-02
4.095100000000000000e+04 1.114970923122201141e+00 -8.706365530512283346e-02
4.095200000000000000e+04 1.140184084931819886e+00 3.231783692303033528e-02
4.095300000000000000e+04 1.123329895337202178e+00 -5.496601420746857758e-03
4.095400000000000000e+04 1.136620689712085630e+00 6.397779245635962231e-02
4.095500000000000000e+04 1.156598978659694632e+00 2.280391522169705407e-02
4.095600000000000000e+04 1.137572191576111225e+00 -2.638467041466271285e-02
4.096600000000000000e+04 1.156270528308070533e+00 1.149351531306368884e-02
4.096700000000000000e+04 1.054578209286887391e+00 -6.181787664585065845e-02
4.097500000000000000e+04 1.141500942883680647e+00 -4.964373958370569412e-02
4.097800000000000000e+04 1.104955978259381855e+00 -4.995838034828713886e-02
4.097900000000000000e+04 1.047226258533369592e+00 -1.515236066537470894e-01
4.098000000000000000e+04 1.098659293057034469e+00 5.357417111891955505e-03
4.098100000000000000e+04 1.082703188188969490e+00 2.336231924108196460e-03
4.098200000000000000e+04 1.154077417475424694e+00 -1.741079037954534892e-02
4.098300000000000000e+04 1.088610501646202433e+00 3.156529269734382331e-03
4.098400000000000000e+04 1.075727948923116628e+00 -3.192974137768415932e-02
4.098500000000000000e+04 1.127706879751956937e+00 -5.374315116772003520e-02
4.101300000000000000e+04 1.078021787690893962e+00 -1.528412369862391929e-01
4.101500000000000000e+04 1.158592155884721642e+00 -5.048521253454012897e-02
4.101600000000000000e+04 1.056693662179050586e+00 -6.032365721967518357e-02
4.101700000000000000e+04 1.136240814458916226e+00 -2.684661941978006353e-02
4.101800000000000000e+04 1.097461251147122674e+00 -2.670553575590932718e-02
