9.687600000000000000e+04 1.126763174692772207e+00 7.557240217425534312e-02
9.691300000000000000e+04 1.028693781710458222e+00 -1.797113733383250145e-02
9.716200000000000000e+04 1.071080393929679797e+00 8.988411057418549399e-02
9.717600000000000000e+04 1.114860726313625872e+00 1.755595634281394146e-02
9.717700000000000000e+04 1.018573920021680124e+00 1.750818773511479340e-02
9.721100000000000000e+04 1.365200678050664029e+00 5.249645329089815821e-02
9.721300000000000000e+04 1.303140506228804396e+00 -4.034625238077926314e-03
9.724100000000000000e+04 1.090418871864767825e+00 9.284896900504287232e-02
9.724400000000000000e+04 9.206421266154588556e-01 1.015628497706394517e-02
9.725500000000000000e+04 1.161779860786248397e+00 1.606101578307334854e-01
9.725600000000000000e+04 1.114144909669514627e+00 7.600782764618270460e-02
9.725800000000000000e+04 1.270907584664326961e+00 2.302673945837029057e-02
9.725900000000000000e+04 1.300140396453692837e+00 3.693300744771481348e-02
9.726000000000000000e+04 1.108661680845870912e+00 -7.167338434200345998e-02
9.733400000000000000e+04 8.954419404431691598e-01 5.283081771113298797e-02
9.735300000000000000e+04 1.000231780123346459e+00 1.067717583546887866e-01
9.739200000000000000e+04 9.666945755970466347e-01 1.897550120573376631e-01
9.740900000000000000e+04 1.079449829672340044e+00 3.432227887502371875e-03
9.741000000000000000e+04 1.093010463161091517e+00 1.148818185150706078e-01
9.741100000000000000e+04 8.998623982942982602e-01 -2.115027759591887879e-03
9.743900000000000000e+04 9.883022105403428403e-01 -1.396552336453327128e-03
9.745300000000000000e+04 8.436121251597343829e-01 5.746641526520063215e-02
9.745400000000000000e+04 9.607608917259278236e-01 8.139328116482014153e-02
9.745500000000000000e+04 7.965555664087624610e-01 3.348702165950379755e-02
9.745700000000000000e+04 7.979886444463482054e-01 1.691231949037853149e-02
9.745800000000000000e+04 9.833882555180242235e-01 6.479521594564705000e-02
9.748600000000000000e+04 9.306508865738774006e-01 3.849849270483252095e-02
9.748700000000000000e+04 9.939439381972992038e-01 6.307992441165191644e-02
9.748900000000000000e+04 8.781248936169481212e-01 7.496401637051722244e-02
9.749000000000000000e+04 1.047712040828315594e+00 2.977893998717766680e-02
9.749100000000000000e+04 1.028141881118635581e+00 9.030835178192177237e-02
9.749200000000000000e+04 1.045291771325117303e+00 1.013950805059619376e-01
9.750000000000000000e+04 9.434879974502040634e-01 -2.990104267318819189e-02
9.750800000000000000e+04 1.259036886336336147e+00 4.827673746583198422e-02
9.750900000000000000e+04 1.481797256814185948e+00 1.309614154641464689e-01
9.751200000000000000e+04 1.300235783183885996e+00 9.970107116012415227e-02
9.751300000000000000e+04 1.303145819659005777e+00 6.231012684014999164e-02
9.751400000000000000e+04 1.318136489369963638e+00 1.603330050239905047e-01
9.755900000000000000e+04 1.153336018137419927e+00 4.050211085592709398e-02
9.759200000000000000e+04 1.204588005760786951e+00 1.175070645458266838e-01
9.759400000000000000e+04 1.132622109777558395e+00 1.722946440127505474e-02
9.759500000000000000e+04 1.281942337651898356e+00 -3.092835252514264388e-02
9.759600000000000000e+04 1.144875152344463576e+00 -8.093829557301262731e-03
9.759700000000000000e+04 1.169059602973512968e+00 5.744487069124247502e-02
9.761800000000000000e+04 1.243488682698089320e+00 1.871361915338737303e-02
9.761900000000000000e+04 1.354872548556710576e+00 8.313193711796595942e-02
9.762000000000000000e+04 1.189196390701215300e+00 2.892534245797782899e-02
9.762100000000000000e+04 1.180847098545082519e+00 3.992176168636513839e-02
9.762200000000000000e+04 1.136141072045682598e+00 1.180969017792053294e-01
9.762300000000000000e+04 1.075107968871600095e+00 8.681176719545066409e-03
9.764400000000000000e+04 1.147513561861609910e+00 1.539964068938896348e-02
9.764500000000000000e+04 1.191014037723703511e+00 5.208841217099149934e-03
9.764600000000000000e+04 9.548182711151589341e-01 -3.724899859000330160e-02
9.764700000000000000e+04 1.121530927949989431e+00 -1.259204008865973373e-03
9.772200000000000000e+04 9.208402002469963099e-01 8.910060628747766553e-02
9.772600000000000000e+04 1.061631056117741334e+00 6.920786873667096606e-02
9.816400000000000000e+04 8.880998473451338082e-01 9.768491917664792051e-03
9.816500000000000000e+04 8.264693928393677114e-01 -1.209017159038505429e-01
9.821600000000000000e+04 9.330407653715618865e-01 -9.189271684028187115e-02
9.821700000000000000e+04 8.155100360375765467e-01 -6.248548082062022752e-02
9.822300000000000000e+04 9.093726880671041402e-01 -6.733234029560505873e-02
9.825900000000000000e+04 8.196894745547322891e-01 -2.215804779390900814e-02
9.826000000000000000e+04 8.161796218423524873e-01 -8.104546554787625534e-02
9.826700000000000000e+04 9.838144553867984587e-01 1.703712221497078946e-03
9.826900000000000000e+04 1.107942564279523090e+00 2.644650363726422024e-02
9.827200000000000000e+04 1.113693506933034039e+00 -4.884496238253958206e-02
9.827400000000000000e+04 1.016651609433135262e+00 -6.249338076161619661e-03
9.827700000000000000e+04 9.885499416467853351e-01 -5.321771355988082902e-02
9.827800000000000000e+04 1.033659143047116480e+00 1.781806621970380075e-02
9.827900000000000000e+04 1.069032663212429402e+00 1.183088562772807995e-01
9.828000000000000000e+04 1.142909320278876040e+00 9.640803328845645725e-02
9.829400000000000000e+04 8.716542471743292664e-01 -1.414130514464101984e-01
9.829500000000000000e+04 8.758498480283981591e-01 2.040273014367452800e-02
9.830600000000000000e+04 8.843139780894359037e-01 5.961294455424671901e-02
9.830700000000000000e+04 9.952365367635125359e-01 -1.556358990754951599e-01
9.830800000000000000e+04 1.054272401883539212e+00 2.917687334793301820e-02
9.830900000000000000e+04 9.495395056571127590e-01 -6.063131650408270373e-02
9.831000000000000000e+04 9.373869324462990038e-01 -4.730496747336967317e-02
9.831100000000000000e+04 9.303284074500535183e-01 -1.022999224357459269e-01
9.831200000000000000e+04 1.091741537978358823e+00 4.176948782165150476e-02
9.831400000000000000e+04 1.082713261450898523e+00 3.770938448394414028e-02
9.836400000000000000e+04 9.395770329235596519e-01 -4.280563589448446726e-02
9.837000000000000000e+04 8.575736053267203340e-01 -2.185445846910564344e-02
9.837100000000000000e+04 8.961844999351736840e-01 1.127178932524972033e-02
9.837200000000000000e+04 9.345602852999737031e-01 4.860358378502936672e-02
9.837400000000000000e+04 9.234469189516575360e-01 -1.155848435338969887e-01
9.837500000000000000e+04 9.753407216021811044e-01 -2.716329372779434023e-02
9.838000000000000000e+04 1.056717018908551076e+00 7.156925345632744739e-02
9.838100000000000000e+04 1.068182771835082479e+00 7.417883057462093532e-02
9.839800000000000000e+04 8.415988737275843512e-01 -2.611410481297017638e-02
9.839900000000000000e+04 1.016872878640660449e+00 -1.539339151907596071e-01
9.841000000000000000e+04 1.051785179080590327e+00 -6.152932639151661998e-02
9.841100000000000000e+04 8.831448191770393530e-01 -3.935258267593679665e-02
9.841200000000000000e+04 9.732298153954633824e-01 -2.844873972602097317e-02
9.841300000000000000e+04 9.471579767085767099e-01 -8.213767107228583941e-02
9.841400000000000000e+04 9.938656265517414878e-01 -7.393050681270285640e-02
9.841500000000000000e+04 1.069829724286163852e+00 -2.080216682118945018e-02
9.841600000000000000e+04 1.225969895599148485e+00 7.574075941546112856e-02
9.857800000000000000e+04 9.568156477627829393e-01 -1.631891131839054501e-02
9.858100000000000000e+04 1.213256928911833121e+00 3.026871110289476759e-03
9.858200000000000000e+04 1.077469841552598728e+00 -8.983621486241774590e-02
9.858400000000000000e+04 1.205229827213284866e+00 -4.261894338989891812e-02
9.858500000000000000e+04 1.040687761746065698e+00 -1.717407846146727993e-03
9.858600000000000000e+04 1.101523998839611718e+00 2.944479018072641147e-02
9.858700000000000000e+04 1.145028464986570294e+00 5.537902729009492458e-02
9.862600000000000000e+04 1.014766269454010494e+00 2.863650387321405553e-03
9.862800000000000000e+04 1.046663537172670022e+00 1.481757904342891619e-01
9.862900000000000000e+04 8.895227684991198203e-01 -9.118539464689873197e-02
9.863000000000000000e+04 9.067621576641147207e-01 -1.064684738895387978e-01
9.863100000000000000e+04 9.976449163700193967e-01 -7.034893986491475015e-02
9.863200000000000000e+04 9.635518281369235272e-01 -2.269313993567415033e-02
9.863300000000000000e+04 9.015759980027994169e-01 1.312238994877882314e-01
9.863400000000000000e+04 1.085020119884490430e+00 2.627646903289061059e-02
9.863500000000000000e+04 1.021834941848253298e+00 7.034853222906825576e-03
9.871000000000000000e+04 1.017317957630254677e+00 1.231316271831912543e-02
9.871200000000000000e+04 1.159487082949502978e+00 -1.354340297764741567e-02
9.871300000000000000e+04 9.768443908187135483e-01 -7.085269022578936926e-02
9.871400000000000000e+04 1.086267133228728810e+00 -1.067188495526265879e-01
9.871600000000000000e+04 9.736471535618411721e-01 -2.988255846725874562e-02
9.871700000000000000e+04 1.028473173246816641e+00 3.342910604988777110e-03
9.871900000000000000e+04 1.017095894409085988e+00 8.230340955829840155e-02
9.878700000000000000e+04 9.811207872727313317e-01 -7.586529314844910055e-02
9.878800000000000000e+04 1.125348877933812552e+00 -4.880343406612008827e-02
9.878900000000000000e+04 9.710426136415412079e-01 -5.354734897367574228e-03
9.879000000000000000e+04 1.009762012086777627e+00 -1.638068212908846133e-01
9.879100000000000000e+04 1.191389280487498148e+00 6.479033316259551201e-02
9.879200000000000000e+04 1.159855854569726841e+00 -3.603015904809056535e-02
9.879300000000000000e+04 1.066849137531706404e+00 -4.105800188174807408e-02
9.879400000000000000e+04 1.049078145718133293e+00 9.194912658925614990e-02
9.903400000000000000e+04 1.107750562472916478e+00 5.896537956849587717e-03
9.903600000000000000e+04 2.958291045537186470e+00 -6.365112313603660255e-01
9.903700000000000000e+04 3.363168378789861634e+00 -6.484175748997982325e-01
9.950400000000000000e+04 8.713058114393070763e-01 7.243143344034119746e-02
9.950500000000000000e+04 9.138774071824843359e-01 6.589426310687603039e-02
9.950600000000000000e+04 9.615869082612384933e-01 2.185304021430382188e-02
9.950700000000000000e+04 9.773020632198123891e-01 1.779051911512227746e-02
9.950800000000000000e+04 8.871210000283213937e-01 -1.483021112639394505e-02
9.950900000000000000e+04 9.466886225416529799e-01 -9.090973612767143386e-02
9.951100000000000000e+04 1.054851718631244495e+00 4.085359457635232699e-02
9.951200000000000000e+04 1.111282292133672245e+00 4.065474357297412661e-02
9.954500000000000000e+04 1.062274472080777965e+00 -1.109862534591025962e-01
9.957200000000000000e+04 9.187858220140761034e-01 6.299844319783713675e-02
9.957600000000000000e+04 7.913977980162532067e-01 1.397344476361522293e-03
9.957700000000000000e+04 8.398214874055311974e-01 -3.905796362920380127e-02
9.957900000000000000e+04 8.702695762884700148e-01 1.052911222276747133e-01
9.967100000000000000e+04 9.366755945866513944e-01 2.402519381157530026e-02
9.967300000000000000e+04 1.046039535411451338e+00 -3.129366018285521800e-02
9.967400000000000000e+04 1.068599159437977342e+00 1.050885586154338969e-01
9.967500000000000000e+04 1.073027648718535065e+00 5.186386784861663629e-02
9.967900000000000000e+04 9.996015195167099465e-01 -9.338412878670712680e-02
9.969300000000000000e+04 1.058149700656930703e+00 8.421730284148692958e-02
9.969400000000000000e+04 9.119219744469181377e-01 -2.992594650070246401e-02
9.969800000000000000e+04 9.972670399181616796e-01 4.480276386449106446e-02
9.972500000000000000e+04 1.056328054158454544e+00 4.345130624881039100e-02
9.972600000000000000e+04 8.861266218869446876e-01 1.484989385966527242e-01
9.972800000000000000e+04 9.501714971746728633e-01 -2.085987616765218322e-01
9.973300000000000000e+04 8.798456290172188554e-01 3.260520753532428206e-02
9.973400000000000000e+04 8.842528106792780784e-01 -8.884903921384322556e-02
9.973600000000000000e+04 9.707437720303809803e-01 -1.742149013812808664e-02
9.975600000000000000e+04 9.907687764397817842e-01 -1.495062969335781387e-02
9.975700000000000000e+04 8.729634822516979531e-01 -5.815129503512393022e-02
9.975900000000000000e+04 9.374860669699759397e-01 1.389367169641392008e-01
9.976000000000000000e+04 9.332886081691439406e-01 -5.317692565579238556e-02
9.976300000000000000e+04 1.008966828291199880e+00 -6.177110058355077260e-03
9.976500000000000000e+04 8.940602559884237577e-01 -1.379975102333231840e-01
9.976600000000000000e+04 1.100823477416729812e+00 6.077181978766211384e-02
9.977600000000000000e+04 1.054864591776699889e+00 1.585249471191418069e-01
9.977800000000000000e+04 1.025076688879148268e+00 -4.193786091920230670e-03
9.977900000000000000e+04 1.164801460805964695e+00 -4.021439264157673082e-02
9.978000000000000000e+04 1.008337159052859144e+00 -2.152548373485491107e-01
9.978100000000000000e+04 9.335257068419572368e-01 -1.316750133081564522e-01
9.978200000000000000e+04 1.010228935013765872e+00 3.775339707800449279e-02
9.978500000000000000e+04 9.719300710589184877e-01 -4.580653272259824910e-02
9.978700000000000000e+04 9.696928581280790382e-01 -2.878247573507246651e-02
9.978900000000000000e+04 9.409045650933476335e-01 2.161684360214452538e-02
9.983500000000000000e+04 1.021150840776698709e+00 -6.615560120499118513e-02
9.983600000000000000e+04 1.120209577419330360e+00 -3.533632728767815978e-02
9.983900000000000000e+04 9.789879810172065211e-01 -5.866528568326755122e-02
9.984000000000000000e+04 8.944659643658098291e-01 -1.259427203198888179e-01
9.986900000000000000e+04 9.725979721578471571e-01 9.534637658824987594e-02
9.987000000000000000e+04 8.365699632618882609e-01 1.677848286200923078e-01
9.987100000000000000e+04 8.759651817287377185e-01 9.597114560432770669e-02
9.987200000000000000e+04 8.677492256526400105e-01 2.694616861143256936e-01
9.987300000000000000e+04 8.810626494729794089e-01 1.055988968001184969e-01
9.987400000000000000e+04 9.606409993208911979e-01 1.936471347694822542e-01
9.987500000000000000e+04 9.140326554344024856e-01 1.957846168828201727e-01
9.993800000000000000e+04 8.400262463494950760e-01 1.518458094440116868e-01
9.993900000000000000e+04 8.482426304833818875e-01 1.307709037772320226e-01
9.994000000000000000e+04 8.958677472893950000e-01 8.142879796451565899e-02
9.994100000000000000e+04 9.403534727531595028e-01 1.569952461086280837e-01
9.994200000000000000e+04 9.176381843598380161e-01 1.900746144467978238e-01
9.994300000000000000e+04 8.264056471909723145e-01 -8.352055154192196407e-02
9.994400000000000000e+04 9.344331237758138897e-01 1.633487141516818120e-01
1.000870000000000000e+05 1.288042279713862204e+00 9.846897097111427521e-02
1.000880000000000000e+05 1.113095481233234985e+00 -2.171822297930501439e-02
1.001660000000000000e+05 9.472904340124527200e-01 6.429196420604620446e-03
1.001670000000000000e+05 1.067774682772784978e+00 -1.939591193358754934e-02
1.001690000000000000e+05 1.006723447947057704e+00 5.866461574406472979e-02
1.001710000000000000e+05 1.143055667458761304e+00 5.387200985477672704e-02
1.001730000000000000e+05 1.112398386354676250e+00 6.812006639346060433e-02
