5.270400000000000000e+04 1.009890273534872485e+00 -1.450503467698199545e-01
5.270500000000000000e+04 9.310325545923767709e-01 -1.645119123849100307e-01
5.270600000000000000e+04 1.044408180982498546e+00 -1.259131001801239713e-01
5.270700000000000000e+04 9.630450414279673188e-01 -8.818839656231139412e-02
5.270800000000000000e+04 1.032720049348662572e+00 -6.517464460939319248e-02
5.270900000000000000e+04 1.009488631423076876e+00 -6.340761717664832389e-03
5.271900000000000000e+04 9.020088943254214175e-01 -4.374132371004607611e-02
5.272000000000000000e+04 8.913688594902783313e-01 -1.010633287868743790e-01
5.272200000000000000e+04 9.034501102649368232e-01 -3.725847383968853427e-02
5.272300000000000000e+04 9.771781495526730144e-01 -1.115224222711968527e-01
5.272400000000000000e+04 1.144089004947446364e+00 9.876553799280350654e-02
5.274500000000000000e+04 9.539448783156829759e-01 -1.962538167724162674e-01
5.274600000000000000e+04 9.810022662818822514e-01 -1.300136650523203430e-01
5.274700000000000000e+04 9.242379528010546963e-01 -1.706607414500968256e-01
5.274800000000000000e+04 1.078896926217028485e+00 -9.969542323381187787e-02
5.274900000000000000e+04 9.348182204770387749e-01 -1.102749928654496586e-01
5.275000000000000000e+04 9.859668263424588019e-01 -6.594857446123950084e-02
5.275100000000000000e+04 1.004788562304467670e+00 -1.176651002078861197e-01
5.275200000000000000e+04 1.285983731784746897e+00 1.118253591047659035e-01
5.278000000000000000e+04 8.467073337964680091e-01 3.246966236402656913e-02
5.278100000000000000e+04 9.311851469537947290e-01 1.329833119089830762e-01
5.282400000000000000e+04 9.603999596846621856e-01 -6.412611100543356979e-02
5.282500000000000000e+04 7.833634199558047184e-01 -9.493514882900079555e-02
5.284400000000000000e+04 1.057531615981991635e+00 -6.276118772337022089e-02
5.284500000000000000e+04 1.171681284742778217e+00 1.027899201371156174e-01
5.315400000000000000e+04 1.056258975916296805e+00 -1.079656896219059470e-01
5.315500000000000000e+04 1.085424848284290977e+00 -1.415957188611775552e-01
5.315600000000000000e+04 9.584285317698537643e-01 -4.128086074022403740e-02
5.315700000000000000e+04 1.046996380380085245e+00 2.931152303384269853e-02
5.315800000000000000e+04 1.050820428272507989e+00 -7.470723105455130686e-02
5.315900000000000000e+04 1.099189431627118907e+00 5.799212019350534486e-02
5.316000000000000000e+04 1.031515255263885100e+00 6.662438876713301650e-02
5.318300000000000000e+04 1.087770000152354033e+00 -1.646610663564075649e-01
5.318400000000000000e+04 1.006620128489331467e+00 -4.683689989353602423e-02
5.318500000000000000e+04 1.065236835519777880e+00 -7.434992882045249329e-02
5.318600000000000000e+04 1.052601649971821818e+00 -1.018784370108373610e-01
5.318700000000000000e+04 1.083338459534376685e+00 -1.052973740245383150e-01
5.318800000000000000e+04 1.107172697311580079e+00 1.370223562418888819e-01
5.319000000000000000e+04 1.063212914121113739e+00 8.319408040700060000e-03
5.319100000000000000e+04 1.005687891987904203e+00 8.844673365062458159e-02
5.321400000000000000e+04 9.790762706457000197e-01 -2.030032516995841640e-01
5.321500000000000000e+04 1.015200788393427533e+00 5.805399905403852735e-03
5.322000000000000000e+04 8.596614812167996389e-01 2.104095017389890840e-02
5.324200000000000000e+04 1.088012149481978330e+00 -6.267444520454625023e-02
5.324300000000000000e+04 1.119730900937514484e+00 -1.491505405666102534e-02
5.326300000000000000e+04 1.041224792586019410e+00 -1.549461984249764501e-01
5.326400000000000000e+04 1.066896604595797049e+00 -1.860121472303378765e-01
5.326500000000000000e+04 1.021557493340929268e+00 -1.021209402959787349e-01
5.326600000000000000e+04 1.041936119591598375e+00 -1.286321182087200865e-01
5.326700000000000000e+04 1.031256749663416628e+00 -1.935701496545403355e-01
5.326800000000000000e+04 1.136766844050911107e+00 4.874916839578324196e-02
5.326900000000000000e+04 1.078307176141884538e+00 1.071731939025712902e-03
5.327000000000000000e+04 9.551079067124469413e-01 -2.691342948523802736e-01
5.328600000000000000e+04 1.028378864871962950e+00 3.226574862007719480e-02
5.328700000000000000e+04 1.086576595467223738e+00 -4.141128960073556936e-02
5.330600000000000000e+04 1.102733516456652518e+00 5.633806708544719655e-02
5.330700000000000000e+04 9.969740099715047599e-01 1.938756344061855208e-02
5.332100000000000000e+04 1.029277392476180220e+00 9.718228182882697463e-03
5.332200000000000000e+04 1.044415673382038223e+00 4.655230729648379695e-02
5.332300000000000000e+04 9.600682563757588772e-01 7.102798945879022774e-02
5.332400000000000000e+04 9.875926117983130359e-01 3.140598089090181760e-02
5.333800000000000000e+04 1.124499043753306893e+00 1.751967891866227506e-02
5.333900000000000000e+04 1.040419379569803571e+00 -5.304881469770405394e-02
5.334000000000000000e+04 1.102968947386359533e+00 6.054311111836427339e-02
5.335200000000000000e+04 9.746329232933151898e-01 -1.291814840221640615e-01
5.335300000000000000e+04 1.007498104635150105e+00 -3.816663212861946038e-03
5.336600000000000000e+04 7.771840076749332304e-01 1.237268235079748337e-03
5.336700000000000000e+04 8.397040615226595284e-01 -4.606238102345006774e-02
5.339700000000000000e+04 1.150330435028977139e+00 3.618093312100932948e-03
5.365000000000000000e+04 1.014574339165187578e+00 5.117145094209872569e-03
5.365100000000000000e+04 1.142731079428327634e+00 -2.075172612985277248e-02
5.365200000000000000e+04 9.302027644398733752e-01 -8.061125960268641921e-02
5.365300000000000000e+04 9.908949472686130466e-01 -1.264913125358533286e-01
5.365400000000000000e+04 1.210099634065791019e+00 3.331857679005424677e-02
5.365500000000000000e+04 1.038793575593530027e+00 -3.835794045645449235e-02
5.365600000000000000e+04 1.073933209273303380e+00 -2.330076363524877237e-02
5.365700000000000000e+04 9.963199765954833254e-01 -1.446579291196549988e-01
5.365800000000000000e+04 1.057479652986340168e+00 -1.813778149348118929e-01
5.365900000000000000e+04 9.836267327734541377e-01 -1.274326430830770573e-01
5.367500000000000000e+04 1.000130633437765315e+00 -1.555817486645754422e-01
5.367600000000000000e+04 8.183671205974326623e-01 -2.425540540570982062e-01
5.367700000000000000e+04 1.084577709376519650e+00 1.332499164330204489e-02
5.367800000000000000e+04 1.066082346585238927e+00 -1.391845123340831880e-01
5.367900000000000000e+04 9.994661709066023914e-01 -1.070591825844051104e-01
5.368000000000000000e+04 9.789067178273624936e-01 -9.439091605572165478e-02
5.368100000000000000e+04 1.003775453261597450e+00 -1.771770181900157448e-01
5.368200000000000000e+04 9.634539623093042460e-01 -1.491014789761413717e-01
5.368500000000000000e+04 1.068597608079259853e+00 -1.022097973515787572e-01
5.368600000000000000e+04 8.664943798838916633e-01 -3.081239971993134097e-02
5.370300000000000000e+04 9.692643406601347822e-01 -2.241769152980639390e-01
5.370400000000000000e+04 1.084698198607281450e+00 -1.862163539456131722e-01
5.370500000000000000e+04 1.071956676099710570e+00 -3.155209274546071779e-02
5.370600000000000000e+04 1.108130152875939967e+00 -1.384089373126721478e-01
5.370700000000000000e+04 1.127197764031518723e+00 -9.042226987397232463e-02
5.370800000000000000e+04 1.022122202019237092e+00 -1.065175489337275294e-01
5.370900000000000000e+04 1.060039428783045912e+00 -6.926205863720945322e-02
5.371000000000000000e+04 9.393728005995228836e-01 -2.159183983549412544e-01
5.371100000000000000e+04 9.550181178110968006e-01 -1.085030053567883901e-01
5.371200000000000000e+04 1.083491574236742361e+00 -1.513966149424641472e-01
5.371300000000000000e+04 1.072953001719099575e+00 -6.954369008820604145e-03
5.372900000000000000e+04 1.036360710073647828e+00 -1.858195423515771605e-01
5.373000000000000000e+04 1.019326441144965623e+00 -1.077168340535140656e-01
5.373100000000000000e+04 1.116650458093131126e+00 3.486210388405526495e-02
5.373200000000000000e+04 1.069651853594756563e+00 -1.572573867994969954e-01
5.373300000000000000e+04 1.004004905144184390e+00 -1.123923355872106927e-01
5.373400000000000000e+04 9.829572922530391832e-01 -9.869806418198057152e-02
5.373500000000000000e+04 9.849835458439120117e-01 -9.360833477802085745e-02
5.373600000000000000e+04 9.483869270508232807e-01 -1.207805085328822192e-01
5.373700000000000000e+04 1.008299682680516174e+00 -1.535591198680079372e-01
5.373800000000000000e+04 9.114908459555509657e-01 -2.765262644536979897e-01
5.373900000000000000e+04 1.140871308840307075e+00 -5.549302844708286359e-02
5.376300000000000000e+04 9.789456796419104823e-01 -1.193027856727746361e-01
5.376400000000000000e+04 1.113296929029683469e+00 3.189438053160582875e-02
5.376700000000000000e+04 9.728671479503527841e-01 -1.434543224870553635e-01
5.376800000000000000e+04 8.316808687564153368e-02 -1.528834188458239318e-01
5.376900000000000000e+04 1.036259656023518216e+00 1.530725627427207552e-02
5.384400000000000000e+04 1.041532060884846178e+00 3.714552323419634261e-02
5.387400000000000000e+04 1.079455631890579470e+00 -9.135823102275511531e-02
5.387500000000000000e+04 1.204449484570709217e+00 2.146493640646048029e-02
5.387600000000000000e+04 1.155965798397130762e+00 3.860773468278719950e-02
5.387700000000000000e+04 1.067047060236825828e+00 -1.462884646752594942e-01
5.387800000000000000e+04 1.021950531214120828e+00 -1.521928801621058314e-01
5.387900000000000000e+04 1.111438593772180683e+00 -1.232897911408340277e-02
5.388000000000000000e+04 9.526933036259479515e-01 -1.526834351328452688e-01
5.389300000000000000e+04 9.848703928054559631e-01 -8.206308187903764428e-02
5.390800000000000000e+04 1.087194943830009253e+00 -1.911933379434088004e-02
5.390900000000000000e+04 1.255052161108521247e+00 -9.212414587387179887e-02
5.391700000000000000e+04 9.936376948218892391e-01 -2.780659837324449615e-02
5.400600000000000000e+04 9.714532698461925131e-01 1.254549652975536431e-02
5.400700000000000000e+04 9.300432776038821681e-01 -2.066538550100682770e-01
5.403400000000000000e+04 1.163502243290046367e+00 1.319976752029835936e-02
5.403500000000000000e+04 1.064745006606968580e+00 -2.108318247525146072e-01
5.403600000000000000e+04 1.072635623177683017e+00 -9.185838039577030878e-02
5.403700000000000000e+04 1.009063551383155399e+00 -1.048785829067956921e-01
5.403800000000000000e+04 1.035959975471066885e+00 -1.832481222721554226e-01
5.403900000000000000e+04 1.006782199249975029e+00 -9.460645013456107921e-02
5.404000000000000000e+04 1.024447206531637233e+00 -9.894716508632739327e-02
5.404100000000000000e+04 9.263812869148948526e-01 -1.203704827389891346e-01
5.405300000000000000e+04 9.712466601785603171e-01 -2.231338237823942139e-01
5.405400000000000000e+04 1.011223214249421520e+00 -1.642791454131539708e-01
5.405500000000000000e+04 1.077054411007449586e+00 -6.279702792788534327e-02
5.405600000000000000e+04 1.028031900193458803e+00 -1.718332151762475279e-01
5.405700000000000000e+04 1.137139884654479793e+00 -4.997789170709829309e-02
5.405800000000000000e+04 1.059756092176165954e+00 -1.957075085890651600e-01
5.405900000000000000e+04 9.867907491364912298e-01 -1.133329945192231847e-01
5.406100000000000000e+04 1.136338174237402132e+00 -2.822866271577434416e-03
5.406200000000000000e+04 1.112842975320625261e+00 4.241365683047679247e-02
5.407800000000000000e+04 1.066931377904997813e+00 -8.790381817758517735e-02
5.407900000000000000e+04 1.056519469647114295e+00 -1.775456450396114549e-01
5.408000000000000000e+04 9.690064057239905493e-01 -1.334054414784210107e-01
5.408100000000000000e+04 1.157043193013768345e+00 -1.709888303038864521e-01
5.408200000000000000e+04 1.096632486791013328e+00 -1.664720805261301340e-01
5.408300000000000000e+04 1.030351234038795694e+00 -1.782588573932429865e-01
5.408400000000000000e+04 9.880028588437810289e-01 -9.344038046039285228e-02
5.408500000000000000e+04 1.128622839945091494e+00 3.173390533328628721e-02
5.408600000000000000e+04 1.209744327807642961e+00 2.727753439908372698e-02
5.408700000000000000e+04 1.122323013791025614e+00 9.451054304674502693e-02
5.408800000000000000e+04 1.114823150150493714e+00 -6.926240791924703072e-03
5.409700000000000000e+04 9.225699540576368651e-01 -1.684868147800756832e-01
5.409800000000000000e+04 9.198261123653964644e-01 -1.485056311569430687e-01
5.411700000000000000e+04 9.234967169355059458e-01 -7.189457214204827973e-02
5.411800000000000000e+04 8.898830849534925536e-01 -3.965023454627544103e-02
5.412100000000000000e+04 9.677285958282019207e-01 5.972827587461972121e-02
5.412200000000000000e+04 1.101019741437100130e+00 5.384261394119850552e-02
5.412300000000000000e+04 1.264529013014721093e+00 9.597057292569886877e-02
5.412400000000000000e+04 1.139115151630569089e+00 1.209406918251672292e-01
5.412500000000000000e+04 9.120291208895044965e-01 -1.794888861180269912e-01
5.412600000000000000e+04 9.160125381175148185e-01 -4.844042590317880481e-02
5.414100000000000000e+04 9.241834873228593761e-01 -2.847856326996250909e-01
5.414200000000000000e+04 9.799298827153161140e-01 -5.573172141969583854e-02
5.414300000000000000e+04 8.835411564082055191e-01 -5.023952999875685305e-02
5.414400000000000000e+04 8.596873234836535094e-01 1.260494981892132729e-02
5.414800000000000000e+04 8.542617777334928775e-01 -1.466481399241726935e-01
5.414900000000000000e+04 1.036088759525148673e+00 5.186000010040360542e-02
5.415000000000000000e+04 8.530279445038438935e-01 8.791865379160181820e-03
5.415100000000000000e+04 8.704929280744978515e-01 4.153855200723021585e-02
5.415200000000000000e+04 8.443934394346364058e-01 1.095188043107045602e-02
5.417100000000000000e+04 8.846570570002235678e-01 -1.098695407698726950e-01
5.417200000000000000e+04 8.534527871123882559e-01 -2.946956580385167723e-01
5.417300000000000000e+04 7.218223246204941157e-01 -1.415372126278990061e-01
5.417400000000000000e+04 9.106691115632402633e-01 -4.120751773593842038e-02
5.417500000000000000e+04 1.026102735858885451e+00 4.070372326230098370e-02
5.417600000000000000e+04 1.047185115940248545e+00 3.127678831680504035e-02
5.417700000000000000e+04 1.209222025200721085e+00 3.298327735375072844e-02
5.417800000000000000e+04 1.180838721453012496e+00 6.869683360915793124e-02
5.417900000000000000e+04 1.174866086092478001e+00 7.466720821828287669e-02
5.418000000000000000e+04 1.032607155586968251e+00 -1.170294931534632682e-01
5.418100000000000000e+04 9.457511562828715412e-01 -7.779764379188684742e-02
5.418200000000000000e+04 1.303772624138223257e+00 1.803210691188590897e-01
5.418300000000000000e+04 1.128844652296561835e+00 4.279035665592738347e-02
5.418400000000000000e+04 9.548197166659948554e-01 -1.486992044980554595e-01
5.418500000000000000e+04 1.001521574822634708e+00 -2.492854400574156821e-03
5.418600000000000000e+04 8.711655097054062935e-01 -2.700733477665717697e-01
5.420900000000000000e+04 9.202423473753758021e-01 1.407926042671346079e-01
5.421000000000000000e+04 7.740326243090080993e-01 1.425381238998689286e-02
5.421400000000000000e+04 1.175109930859078000e+00 1.529047074516819149e-01
5.421500000000000000e+04 1.194664791077822086e+00 1.882505813068705361e-02
5.421700000000000000e+04 1.114363848470501184e+00 -9.853659857502970743e-02
5.421800000000000000e+04 1.036880199139921022e+00 5.311025393049245702e-02
5.421900000000000000e+04 8.739654515109871458e-01 -1.679149047414588147e-01
