4.864600000000000000e+04 1.143347965900453511e+00 -1.475097306724419410e-01
4.867900000000000000e+04 1.119190395814053440e+00 4.789398863839714610e-02
4.868000000000000000e+04 1.024419785846854891e+00 8.249760440189851662e-02
4.868100000000000000e+04 9.624941889284355234e-01 3.260994362810380742e-02
4.868200000000000000e+04 8.883511817124125631e-01 -4.313259042573747148e-02
4.871500000000000000e+04 1.097123501556159786e+00 -5.623510761934861352e-02
4.871600000000000000e+04 9.486997124595010211e-01 -2.951471534587520734e-02
4.871700000000000000e+04 9.282061989556743553e-01 -1.892569141864394386e-02
4.873300000000000000e+04 9.344522202085692175e-01 8.902477684823462134e-02
4.873400000000000000e+04 1.010516614424435522e+00 -9.947174908248797298e-02
4.876200000000000000e+04 1.015705885325743907e+00 2.517509028209028929e-02
4.880900000000000000e+04 1.148545198715684945e+00 9.453289923117343119e-02
4.881000000000000000e+04 1.020785452188148090e+00 6.470773737991686314e-02
4.882100000000000000e+04 9.767097881620052657e-01 6.609124370271035262e-03
4.882300000000000000e+04 9.318259015636217724e-01 -2.624778002982283004e-02
4.882400000000000000e+04 8.843827448900871691e-01 -5.203473572420879573e-02
4.882500000000000000e+04 9.147042588589346934e-01 8.835694159881703202e-02
4.883600000000000000e+04 1.055501857589347559e+00 -5.319892213006546799e-02
4.883700000000000000e+04 6.205330510402701227e-01 -2.068714258333090028e-01
4.883800000000000000e+04 1.049276177603176929e+00 4.279923694985126453e-02
4.884000000000000000e+04 9.883253274755806617e-01 3.081871122044744019e-02
4.884100000000000000e+04 9.029223598787226024e-01 -4.887421616210017167e-02
4.884200000000000000e+04 9.606566336126233230e-01 1.733485732672624194e-02
4.885100000000000000e+04 8.638822311170545332e-01 -1.253569323743584651e-01
4.885200000000000000e+04 1.336739130254939178e+00 -1.214299933982548874e-01
4.885300000000000000e+04 1.105727722355491327e+00 2.013614541613645281e-02
4.885400000000000000e+04 1.170415050302415549e+00 2.282760068026796346e-02
4.885500000000000000e+04 1.347206288239496619e+00 -2.852096700570623880e-02
4.885600000000000000e+04 1.067894420623997087e+00 -3.156933663065101398e-02
4.885700000000000000e+04 1.085354134658693903e+00 -4.378794764791119065e-02
4.885800000000000000e+04 1.077981651093995907e+00 1.349439250786572779e-02
4.886800000000000000e+04 9.112261453779005871e-01 -7.709272162985046639e-02
4.886900000000000000e+04 1.072498899701298303e+00 -1.027939653190046987e-01
4.887000000000000000e+04 1.050746559105825595e+00 3.388150260609858883e-02
4.887100000000000000e+04 1.153116890181382193e+00 2.963532247507035672e-02
4.887200000000000000e+04 9.983576777774159083e-01 4.553326357955236880e-02
4.887300000000000000e+04 1.055536595446217918e+00 -4.122013344179227545e-02
4.887400000000000000e+04 1.060841324547265652e+00 -6.008689059982197378e-02
4.887500000000000000e+04 1.020744100277978017e+00 -2.307755222370789713e-02
4.887600000000000000e+04 9.181837358120130688e-01 -1.171664975718682139e-01
4.887700000000000000e+04 1.066709802928798023e+00 3.709786059047522153e-03
4.888900000000000000e+04 7.753902692511853711e-01 -1.201083389602545376e-01
4.889000000000000000e+04 1.094584334439577367e+00 6.545346867154631931e-02
4.889100000000000000e+04 1.052451844830291527e+00 -1.710811795532022825e-02
4.889200000000000000e+04 1.078756471919809279e+00 5.701420535045851473e-02
4.889300000000000000e+04 9.733838574024544776e-01 -6.195035307286817644e-02
4.889400000000000000e+04 9.793795474022711778e-01 -8.667291133016018223e-02
4.889500000000000000e+04 9.247123055847066286e-01 9.869090781031668660e-03
4.889600000000000000e+04 9.607462598625506889e-01 -8.185325799452303208e-02
4.889700000000000000e+04 7.916392182813549727e-01 7.843851052658634693e-02
4.889800000000000000e+04 1.029202680706440054e+00 7.362455663216521673e-02
4.889900000000000000e+04 9.325713707864732305e-01 3.714016176120057966e-02
4.890000000000000000e+04 1.057330514942465216e+00 3.940109659726818980e-02
4.892000000000000000e+04 1.052569377996909195e+00 -2.217644728164216376e-03
4.892100000000000000e+04 9.837637981380984442e-01 -2.871114203556588904e-02
4.892200000000000000e+04 1.158390715929403569e+00 9.334315057184171260e-02
4.892300000000000000e+04 9.999367977249136175e-01 1.882427458795848108e-01
4.893300000000000000e+04 1.115095072252427100e+00 -5.333709743243267992e-02
4.893400000000000000e+04 1.038672335860568952e+00 -1.877332135687299897e-02
4.893500000000000000e+04 1.050513623418419362e+00 6.758052966309274767e-02
4.893600000000000000e+04 1.041616957107949659e+00 1.476177147203394137e-02
4.893700000000000000e+04 1.044819970898053008e+00 -5.130087327141607395e-03
4.893800000000000000e+04 1.045962104441908069e+00 -9.591161838145010818e-03
4.894100000000000000e+04 1.081149459344655117e+00 2.810404777958402933e-02
4.894200000000000000e+04 9.646115640991134166e-01 1.147822618168616304e-01
4.894300000000000000e+04 9.715952704337463830e-01 -1.207570445329174402e-03
4.894400000000000000e+04 1.075649407984031969e+00 8.993245114805721585e-02
4.894500000000000000e+04 9.684282480102563984e-01 -2.070236143264213985e-02
4.894600000000000000e+04 9.118735027834935503e-01 -6.656761627715964032e-03
4.895300000000000000e+04 6.970257053095847422e-01 -6.411277239919821458e-02
4.895400000000000000e+04 1.034524067505314449e+00 5.800191496956789289e-02
4.895500000000000000e+04 1.020917022423297071e+00 -1.452962075374518713e-01
4.895600000000000000e+04 8.608443194234980389e-01 3.291130764168091055e-02
4.895800000000000000e+04 9.664979581328885239e-01 1.327931842982547905e-01
4.895900000000000000e+04 1.011098188518074981e+00 -1.156451848879647137e-02
4.896000000000000000e+04 9.807558725157239365e-01 -2.480275585124897854e-03
4.896100000000000000e+04 5.929915343721994248e-01 -5.732044324482034325e-02
4.896200000000000000e+04 1.024389566233280924e+00 4.231923683436928513e-02
4.896400000000000000e+04 8.583342675371937736e-01 -2.448883537929844728e-02
4.896800000000000000e+04 9.003553105181369975e-01 9.169948211296310991e-03
4.896900000000000000e+04 9.358922442820761800e-01 -6.427197301367962301e-02
4.897500000000000000e+04 9.929105081029352409e-01 -2.980190136268075218e-02
4.897600000000000000e+04 1.043250820746961072e+00 6.821235598642487463e-02
4.897700000000000000e+04 8.186581515070833204e-01 -2.643336524071134182e-03
4.897800000000000000e+04 1.047003084274694240e+00 -2.348135348554225912e-02
4.897900000000000000e+04 8.740984325467391347e-01 -6.737716491066533808e-02
4.898000000000000000e+04 9.978436441388289779e-01 2.141047383528620410e-02
4.898100000000000000e+04 9.490363271717832117e-01 -2.938447070554271040e-02
4.898200000000000000e+04 8.454166095727153607e-01 -4.519632517802321670e-02
4.898300000000000000e+04 8.667389021366413981e-01 -5.198453800030870819e-02
4.898400000000000000e+04 8.696975562287357908e-01 -3.829825270624569872e-02
4.898500000000000000e+04 1.003984092208161316e+00 6.048958158288039733e-02
4.898900000000000000e+04 9.438505010179779608e-01 3.254856693402499723e-02
4.899800000000000000e+04 1.000147901273292117e+00 1.301537744729748813e-01
4.899900000000000000e+04 1.054404471008831168e+00 -3.912875589886199990e-02
4.900000000000000000e+04 1.041539978969580726e+00 -3.504784559558903057e-02
4.900100000000000000e+04 9.342706807357921139e-01 -3.490840280324905565e-02
4.900200000000000000e+04 1.003023369172209467e+00 -2.146977203728574809e-03
4.900300000000000000e+04 9.388885305554502958e-01 -1.167552338296523953e-02
4.900400000000000000e+04 9.955085007556547794e-01 1.513623618694922568e-01
4.900500000000000000e+04 1.062209355500663310e+00 7.105522767261003569e-02
4.900600000000000000e+04 9.260548150565820480e-01 -5.284704994676250878e-02
4.900700000000000000e+04 1.007369175105891079e+00 1.540534770169590603e-02
4.900800000000000000e+04 1.032535835340427699e+00 1.098746930230113661e-01
4.900900000000000000e+04 9.491399093537132847e-01 -3.598780207483621204e-03
4.901000000000000000e+04 9.424279650136980768e-01 -6.661372282949996892e-02
4.902200000000000000e+04 1.042080960008555213e+00 -8.621230760871943788e-02
4.902300000000000000e+04 9.602526939637100467e-01 -3.200983517647432164e-02
4.902400000000000000e+04 9.796804174787810959e-01 2.434308006024230031e-02
4.902500000000000000e+04 9.387194243311444142e-01 1.120748406119124879e-01
4.902600000000000000e+04 1.008468278721591282e+00 1.341363193824818834e-01
4.902700000000000000e+04 1.001512757839343681e+00 -8.182543119558668976e-03
4.902800000000000000e+04 9.932792131370333788e-01 -3.264076133141335934e-02
4.902900000000000000e+04 8.641241132413051140e-01 -4.171415403837183677e-02
4.903000000000000000e+04 1.115290817731948936e+00 1.362520884272160893e-01
4.903100000000000000e+04 9.683625171997050085e-01 -1.261876552080281322e-01
4.903300000000000000e+04 1.034546804166319500e+00 -3.499390530659455406e-02
4.904000000000000000e+04 9.891057439239419047e-01 -1.330129452489285657e-02
4.904100000000000000e+04 9.863678919605349815e-01 -1.652952630131565570e-02
4.904200000000000000e+04 9.379927410975271718e-01 -5.573926834766100569e-02
4.904300000000000000e+04 9.233139904345522009e-01 -4.059671270333194831e-02
4.904400000000000000e+04 1.024043608979670950e+00 3.606162711105408841e-02
4.904600000000000000e+04 8.899462032575736758e-01 -2.867789926456602509e-02
4.904700000000000000e+04 1.019231774841087734e+00 8.586259371918637112e-03
4.904800000000000000e+04 1.012772174065686537e+00 2.430113698530843649e-02
4.904900000000000000e+04 1.033444042779758654e+00 4.520327181710982051e-02
4.906200000000000000e+04 8.668965214951690479e-01 -5.389780175700067955e-02
4.906300000000000000e+04 9.430717780061995681e-01 -4.854369771782896664e-02
4.906400000000000000e+04 9.928124756109265592e-01 -2.356140501264442425e-02
4.906500000000000000e+04 9.068198109794384232e-01 -2.860549238497028107e-02
4.906600000000000000e+04 9.205231598333535326e-01 7.162549358977084862e-03
4.906700000000000000e+04 9.890785259920366057e-01 8.159252578554145041e-02
4.906800000000000000e+04 1.048532137730235236e+00 5.696179240948000960e-02
4.906900000000000000e+04 1.061592113963281570e+00 9.370293074189788018e-02
4.912300000000000000e+04 8.467607699721886316e-01 -9.850615002233481521e-02
4.912400000000000000e+04 9.227838663201725078e-01 -8.865471149725936278e-03
4.912600000000000000e+04 8.459281933287141619e-01 -6.997513711398863079e-02
4.912700000000000000e+04 1.037307315000017161e+00 4.500440251960875077e-02
4.912800000000000000e+04 9.857475768231170887e-01 9.193794784129497369e-03
4.912900000000000000e+04 9.679304737604861320e-01 5.693606143581537993e-02
4.914100000000000000e+04 9.077301037622840241e-01 1.728890830833328673e-01
4.914200000000000000e+04 9.470706331238726294e-01 5.309076847048163628e-02
4.915100000000000000e+04 9.251939349924488409e-01 7.175149553183110540e-02
4.915200000000000000e+04 9.327315879298782031e-01 -3.193229455263917049e-02
4.915300000000000000e+04 1.001258878347499826e+00 1.546179796423886648e-03
4.915400000000000000e+04 8.965693949003115115e-01 1.347595331823754627e-01
4.916200000000000000e+04 9.920441708024021477e-01 -1.231127870123212460e-02
4.916300000000000000e+04 9.392554178155286815e-01 8.642812934931719260e-02
4.916400000000000000e+04 7.727785351802830549e-01 -7.268428428042365830e-03
4.916500000000000000e+04 1.000379579918994288e+00 4.531899521067918324e-02
4.920100000000000000e+04 8.375688411198232153e-01 -5.296751476313551338e-02
4.922900000000000000e+04 1.000079503276111170e+00 -2.132610172886346273e-02
4.923000000000000000e+04 1.014991678712884982e+00 -6.142213509132798260e-02
4.923100000000000000e+04 9.953385688797122821e-01 -7.930752480823149986e-02
4.923200000000000000e+04 1.002970549370968190e+00 -1.449159385831470526e-01
4.924400000000000000e+04 1.090182019326023655e+00 -5.070420932291677674e-02
4.924500000000000000e+04 9.447927434130408697e-01 -3.224429442923246875e-02
4.924600000000000000e+04 1.010193221721147561e+00 -4.781934017903524681e-02
4.924700000000000000e+04 1.014815145012845532e+00 -5.047717078494939197e-02
4.924800000000000000e+04 8.202886392626431711e-01 -6.352855353079955164e-03
4.924900000000000000e+04 9.977482762601539434e-01 3.139053006553064323e-02
4.925600000000000000e+04 1.037353255096694404e+00 1.385289997463340361e-02
4.925700000000000000e+04 9.908405525299690542e-01 -7.497340164292919107e-02
4.925800000000000000e+04 1.044288851747814384e+00 -1.315805157708246822e-03
4.925900000000000000e+04 9.548490841886765335e-01 2.217911963957444957e-02
4.926000000000000000e+04 1.142499059546297824e+00 -6.306754882565634990e-02
4.926100000000000000e+04 1.113394703347975856e+00 1.907378035043123940e-03
4.926200000000000000e+04 1.037872634271068240e+00 1.888143063388175030e-02
4.932000000000000000e+04 9.884509113667260261e-01 -1.380616130443726788e-02
4.937300000000000000e+04 1.027194041792045098e+00 3.343527728623655465e-02
4.937400000000000000e+04 9.915965211535340273e-01 -7.970647845753651983e-02
4.942500000000000000e+04 1.024211358820423134e+00 -4.330468575492905925e-02
4.942600000000000000e+04 1.042106778189894944e+00 -1.744615564541484448e-02
4.942700000000000000e+04 1.021458979076549589e+00 -1.993494970131174521e-02
4.947100000000000000e+04 9.699601600384180067e-01 -2.823124238045075438e-02
4.949600000000000000e+04 1.074787505913084251e+00 -7.612930772880363572e-02
4.949700000000000000e+04 1.106856156735420260e+00 9.073826288625340755e-03
4.949800000000000000e+04 1.067018573698673034e+00 3.141758366895781168e-02
4.951000000000000000e+04 1.096636860626967414e+00 3.596484684068291388e-02
4.951100000000000000e+04 9.886790869438593088e-01 1.217724870951149285e-02
4.951200000000000000e+04 1.008432718534809203e+00 -1.823985941180021261e-02
4.951300000000000000e+04 8.503019771885403921e-01 -1.339622705295038241e-01
4.951400000000000000e+04 1.006673635068331185e+00 -2.454693996707119769e-02
4.951500000000000000e+04 1.003522437574324577e+00 -2.198279492908070468e-02
4.953000000000000000e+04 9.061034855978363778e-01 -6.331384760980740545e-02
4.953300000000000000e+04 1.013342292655894372e+00 -9.660298359740632224e-02
4.953400000000000000e+04 1.013728017153405769e+00 -4.253313421200374117e-02
4.953500000000000000e+04 1.033548478131919968e+00 -8.606621484422842527e-02
4.953600000000000000e+04 1.114037899283476962e+00 8.183610909898957064e-02
4.953800000000000000e+04 1.023512195315421813e+00 1.111396825362028981e-02
4.953900000000000000e+04 1.049609306911990725e+00 6.118588893192827144e-02
4.954800000000000000e+04 1.013413470938789862e+00 -1.151913173130220541e-01
4.954900000000000000e+04 1.030481528304179717e+00 -6.120864017050908074e-02
4.955100000000000000e+04 1.110611026122080958e+00 3.566669071237242583e-02
4.955200000000000000e+04 1.017884499798652032e+00 -2.360017947517915188e-02
4.955300000000000000e+04 9.915438483948288972e-01 -7.543730284731715863e-02
4.955400000000000000e+04 1.013867233417643954e+00 2.632012488401411741e-03
4.955500000000000000e+04 1.045755742542092470e+00 -3.047695096621385810e-02
4.955600000000000000e+04 1.066361242497071427e+00 3.000621699709878770e-02
4.955700000000000000e+04 1.077809763515466868e+00 2.095848499674652504e-02
