5.825000000000000000e+04 1.006136944352104656e+00 -3.678389657342553271e-02
5.825900000000000000e+04 9.211476286702752203e-01 7.662773228476173204e-02
5.826400000000000000e+04 9.916375856191214089e-01 8.723366890891351769e-04
5.826500000000000000e+04 9.375765064490459988e-01 1.153317207817696477e-01
5.827800000000000000e+04 9.944475754751942453e-01 8.247375496448829113e-02
5.827900000000000000e+04 1.070474548096230549e+00 7.690567637667762579e-02
5.828000000000000000e+04 1.043114623690150955e+00 5.183615116239574661e-02
5.828900000000000000e+04 9.148558926803750380e-01 7.701091679480404073e-02
5.830700000000000000e+04 1.126654544600689700e+00 -1.491755511327793812e-02
5.832300000000000000e+04 9.985245871936302420e-01 7.846065640449664813e-02
5.834000000000000000e+04 9.788306863961921955e-01 5.123374718968463915e-02
5.834300000000000000e+04 1.054689793178500201e+00 4.198234654067532767e-02
5.834400000000000000e+04 9.749879353247998814e-01 1.400388396645495526e-01
5.834500000000000000e+04 9.278379253591029219e-01 1.444337598302915249e-01
5.835800000000000000e+04 1.028218821614041101e+00 -1.137968596080207381e-03
5.835900000000000000e+04 9.021220936897398346e-01 9.431355702183355505e-02
5.836700000000000000e+04 1.040871045761603941e+00 1.470586552139747753e-02
5.836800000000000000e+04 1.047514413778599440e+00 5.372107671202227402e-02
5.836900000000000000e+04 9.823871023779956468e-01 1.525726328810707577e-01
5.837000000000000000e+04 1.072453011117112887e+00 6.717462904692805825e-02
5.840500000000000000e+04 1.022201926513106152e+00 -5.034487929067281431e-02
5.840600000000000000e+04 1.085281385855733971e+00 4.055007639500343708e-02
5.842400000000000000e+04 9.915408121306725775e-01 -2.802982052915832176e-03
5.842500000000000000e+04 9.986142344964162865e-01 6.948199856750711390e-02
5.843100000000000000e+04 1.142158053913489235e+00 9.880711538025410690e-02
5.843200000000000000e+04 1.001641419399013522e+00 1.168061510186433824e-02
5.844900000000000000e+04 9.774671551098523814e-01 6.298493977740286798e-02
5.845600000000000000e+04 9.988337928093802276e-01 4.528287190079249153e-02
5.845700000000000000e+04 1.017634601689112905e+00 8.697185397622186898e-02
5.847300000000000000e+04 9.610376709115606708e-01 3.396209443556352792e-02
5.847400000000000000e+04 9.521699716484693932e-01 2.370349756079714182e-02
5.849300000000000000e+04 1.017908928800849599e+00 -4.171175175271937124e-02
5.849400000000000000e+04 1.017559182754051106e+00 -4.409136740863570103e-02
5.849500000000000000e+04 1.019929913279987277e+00 -3.827117506115201157e-02
5.850600000000000000e+04 9.586856867535356042e-01 -1.898549476225695407e-02
5.850700000000000000e+04 1.009082090492952277e+00 8.495694569850003805e-03
5.850800000000000000e+04 9.574917493520712641e-01 1.584189710969409123e-02
5.854200000000000000e+04 1.026121012207371397e+00 -6.663805102085975166e-03
5.854300000000000000e+04 1.069580888827621479e+00 -1.030507761929463223e-01
5.854400000000000000e+04 1.049025978679383408e+00 2.408028292795496433e-02
5.857100000000000000e+04 9.726306793544446938e-01 -2.539709904486709205e-02
5.859000000000000000e+04 1.031836697251898416e+00 -7.594620763269703534e-02
5.859100000000000000e+04 9.586026050306475366e-01 -7.055694797270724294e-02
5.864700000000000000e+04 9.194432283280812301e-01 -1.564840180372083916e-02
5.864800000000000000e+04 1.025564255744805475e+00 -6.147134470214481866e-02
5.864900000000000000e+04 1.230140532942764819e+00 -9.457372182735354973e-03
5.866200000000000000e+04 1.016577600948786131e+00 6.097256368529155313e-02
5.866300000000000000e+04 1.006168310278883427e+00 1.063961592733766136e-02
5.866400000000000000e+04 8.601475424432161176e-01 1.248340411474513634e-01
5.866500000000000000e+04 1.069783540426429980e+00 9.573483082189578747e-03
5.867900000000000000e+04 1.004911628194158579e+00 1.162896334428018819e-01
5.869300000000000000e+04 1.024234756659465617e+00 3.322614754616379923e-02
5.869400000000000000e+04 1.019253313759996393e+00 7.411648929587749679e-02
5.869500000000000000e+04 9.709969273047268645e-01 1.353063105799499899e-01
5.869600000000000000e+04 1.032309625554223675e+00 7.352187031586777943e-02
5.871200000000000000e+04 9.370624800007814059e-01 4.447599931265756174e-02
5.871300000000000000e+04 1.021378181922348194e+00 -7.946978548846431178e-02
5.871400000000000000e+04 9.044367388500420546e-01 4.950614326560055789e-02
5.871500000000000000e+04 1.202940065850587992e+00 9.812555788113874744e-02
5.872300000000000000e+04 9.654443482519051711e-01 9.190436710725650993e-02
5.872400000000000000e+04 1.064632889228938950e+00 3.278190652817367795e-02
5.872700000000000000e+04 9.696712468592360024e-01 5.292119383139697042e-02
5.872900000000000000e+04 1.206291787117306447e+00 -2.316465929669588378e-02
5.874500000000000000e+04 1.072099361367078618e+00 7.957598901627435661e-02
5.874600000000000000e+04 1.066729167568366776e+00 -8.093026894897756285e-03
5.874700000000000000e+04 1.029126312107701002e+00 -3.215630016246435324e-03
5.875000000000000000e+04 7.917592033640341587e-01 1.836016883331955535e-02
5.875400000000000000e+04 9.093084654364386177e-01 1.019132314415841373e-01
5.879700000000000000e+04 1.069915977250001982e+00 7.674287808107713160e-02
5.879800000000000000e+04 9.991302564653068430e-01 8.427807896072969651e-02
5.880100000000000000e+04 7.605674963892610219e-01 -2.037032272957250631e-02
5.880300000000000000e+04 1.045022648379069219e+00 -1.338403864893705775e-01
5.880400000000000000e+04 1.002031568380854942e+00 -2.601409590657984341e-02
5.880600000000000000e+04 7.114165277387050068e-01 6.248650707260595266e-03
5.880700000000000000e+04 9.751870524750894109e-01 -3.469392959063530985e-02
5.881200000000000000e+04 1.072107534622977143e+00 3.520212500013037565e-02
5.881300000000000000e+04 1.016378932663488888e+00 3.689857486130299763e-02
5.881400000000000000e+04 1.058342638017599535e+00 8.645955393708983083e-02
5.881500000000000000e+04 9.766063412349368367e-01 8.630384712912084200e-02
5.882400000000000000e+04 1.027251977228514690e+00 4.946385736161462710e-03
5.882800000000000000e+04 6.990461353471776329e-01 2.881621994716653326e-02
5.883000000000000000e+04 9.600001387316554613e-01 -1.633666225932055988e-02
5.883200000000000000e+04 8.521698340984953379e-01 1.033648855955615065e-01
5.883300000000000000e+04 1.229087414406846879e+00 8.863734694041962292e-02
5.885500000000000000e+04 9.429167020561929347e-01 3.870463950743081860e-02
5.885600000000000000e+04 9.415470264774014053e-01 1.154484032583277808e-02
5.885900000000000000e+04 7.150898969811577688e-01 -5.797773268979428997e-03
5.886100000000000000e+04 9.107827024529248083e-01 4.459939057958755421e-02
5.886800000000000000e+04 8.845911541873935358e-01 8.009456909846099371e-02
5.886900000000000000e+04 9.288333174483318633e-01 9.619772946125697277e-02
5.887000000000000000e+04 9.420864727879042499e-01 1.314979609633696589e-01
5.888100000000000000e+04 9.709174092550033608e-01 1.550333770452925197e-01
5.888500000000000000e+04 7.620654695933813949e-01 6.917878135000868345e-02
5.888600000000000000e+04 9.430623129829525109e-01 6.203945526013147915e-02
5.888800000000000000e+04 9.562016808611424334e-01 4.892706297528261888e-02
5.889400000000000000e+04 1.046630617922305495e+00 3.667536947994243929e-02
5.889500000000000000e+04 9.696966756203186932e-01 6.732559697665414788e-02
5.889600000000000000e+04 1.025699036444855494e+00 7.486950995262119102e-02
5.889700000000000000e+04 1.028592660013463833e+00 1.210071951215367231e-01
5.890900000000000000e+04 1.019968139273412788e+00 1.340233485916095812e-01
5.891600000000000000e+04 9.132281197955359753e-01 4.694952528630273736e-03
5.892100000000000000e+04 1.021620174430408534e+00 -5.499086587913742941e-02
5.892200000000000000e+04 1.016192489264811760e+00 1.108828349191258444e-02
5.892400000000000000e+04 9.873637109394856060e-01 7.029432055240084076e-02
5.892500000000000000e+04 9.315292110673828452e-01 9.503271537659056800e-02
5.894000000000000000e+04 8.473459354568605439e-01 9.037931060178297504e-02
5.894700000000000000e+04 9.369121098639962009e-01 1.376140763041742432e-01
5.894800000000000000e+04 9.570335884201218724e-01 -1.793237743111834870e-02
5.894900000000000000e+04 9.601653089500251648e-01 1.728590393556186100e-01
5.897000000000000000e+04 9.538077428999438556e-01 3.877952549237867474e-04
5.897100000000000000e+04 9.910159758355504556e-01 3.574180431618492748e-02
5.897200000000000000e+04 9.956568578673422598e-01 1.193164750662964041e-01
5.897300000000000000e+04 1.023281662430129746e+00 1.659322800053093239e-01
5.897400000000000000e+04 9.917626469574370995e-01 1.218364386389041848e-01
5.897500000000000000e+04 8.694580985162135844e-01 -1.790550017420538403e-02
5.899200000000000000e+04 9.929365481793954729e-01 -3.339704648219036804e-03
5.899300000000000000e+04 1.035943091334150967e+00 2.666200404452529708e-03
5.899400000000000000e+04 9.929794768306643427e-01 8.793420609654140074e-02
5.899500000000000000e+04 9.969732382565107409e-01 -3.614871978663752872e-02
5.899600000000000000e+04 8.706792739914195334e-01 2.093986234233636279e-01
5.901300000000000000e+04 9.896739190804970665e-01 5.116152235740988735e-02
5.901400000000000000e+04 9.902110750196291278e-01 1.116162085100993046e-01
5.901500000000000000e+04 9.873653425055975985e-01 1.523692590644567246e-01
5.901600000000000000e+04 1.019708825265394969e+00 1.510910664624663668e-01
5.901700000000000000e+04 1.000901715211734322e+00 8.781956780206144619e-02
5.901800000000000000e+04 8.938159414096293887e-01 -3.429990717254734200e-02
5.902900000000000000e+04 1.084604201289207204e+00 -7.778408722580913703e-02
5.903000000000000000e+04 9.928135053003013244e-01 4.537508780587615892e-02
5.903100000000000000e+04 1.067378502930004247e+00 6.956958073482907845e-02
5.903200000000000000e+04 1.036781319871785678e+00 9.643089764321628732e-02
5.903300000000000000e+04 1.111700504618582164e+00 5.043131842950748789e-02
5.908600000000000000e+04 1.219809076108561818e+00 -1.214115768646964293e-02
5.908700000000000000e+04 1.139027953963574813e+00 -1.394561821045858518e-01
5.908800000000000000e+04 1.171535703427076580e+00 -8.681491419783998742e-02
5.908900000000000000e+04 1.060493647672505535e+00 2.218828564509977425e-02
5.909000000000000000e+04 1.108675467337746356e+00 -4.014462163186402477e-02
5.909100000000000000e+04 1.048241413567883473e+00 -8.565572997609528783e-02
5.909900000000000000e+04 1.045222490928298997e+00 -2.710619921782016911e-02
5.910000000000000000e+04 1.087014524085959000e+00 3.494048196873951462e-02
5.910100000000000000e+04 1.067477884107275843e+00 5.700562106833493431e-02
5.910200000000000000e+04 1.120125260517981447e+00 -2.747340286297756534e-02
5.912600000000000000e+04 9.528824996255238489e-01 -4.078696408598245920e-02
5.914100000000000000e+04 1.017209219568878442e+00 8.718783807107280404e-02
5.915300000000000000e+04 1.071307958144641859e+00 5.217395522452071555e-02
5.915400000000000000e+04 1.088981488070414949e+00 -7.836364846512908211e-02
5.915500000000000000e+04 1.247589361218096160e+00 -9.646441874635126867e-03
5.920300000000000000e+04 1.039546644405351827e+00 2.031385958345147472e-02
5.920400000000000000e+04 9.842671050907159103e-01 5.908104598914479255e-02
5.920500000000000000e+04 1.161384146338217960e+00 -8.219032522041219702e-02
5.922100000000000000e+04 1.062670854097178541e+00 -3.066082172676888942e-02
5.922200000000000000e+04 1.125336651244840835e+00 5.827056589825168470e-02
5.923400000000000000e+04 9.777872980127554348e-01 1.483486219117260696e-01
5.923500000000000000e+04 1.038490892171952229e+00 -4.708077878496589458e-02
5.923600000000000000e+04 1.102745836757494047e+00 -7.846297069929983325e-02
5.925200000000000000e+04 9.413622251073963110e-01 1.174561954143210907e-01
5.925300000000000000e+04 9.753561794128841056e-01 1.950240547852728420e-02
5.925400000000000000e+04 1.083173456224899800e+00 1.344288762527542057e-02
5.926900000000000000e+04 9.874383667025394828e-01 6.190180770523932841e-02
5.927000000000000000e+04 9.755974002274311330e-01 -1.782760451415970823e-02
5.927100000000000000e+04 1.010079721193863245e+00 -1.530135176968934821e-02
5.929500000000000000e+04 1.000148886709734120e+00 6.319011257253562275e-02
5.930700000000000000e+04 1.055250447323533569e+00 -4.024959769497658130e-02
5.931600000000000000e+04 9.674683305544633516e-01 6.380495682939210655e-02
5.932700000000000000e+04 8.674273999443637972e-01 -6.610462924412559282e-02
5.932800000000000000e+04 9.808167399852345536e-01 1.200639839720400726e-01
5.932900000000000000e+04 1.029783402738666531e+00 -5.893399330407538689e-02
5.935300000000000000e+04 1.003799983054929568e+00 1.195317374855327068e-02
5.935400000000000000e+04 1.203412769088273881e+00 -1.338145060989412438e-01
5.935500000000000000e+04 1.009294135483101318e+00 -2.515340884448814471e-02
5.935600000000000000e+04 1.079082209325070041e+00 -3.520503173958790949e-02
5.935700000000000000e+04 9.850718421242234957e-01 -5.719827467668968379e-02
5.935800000000000000e+04 1.042209310636244890e+00 2.954781491244462283e-03
5.936600000000000000e+04 9.432450975740941379e-01 2.612916376658811629e-02
5.938200000000000000e+04 9.021702925189708511e-01 1.077257038483100671e-01
5.938300000000000000e+04 1.039046501856339955e+00 -1.314324858986574973e-03
5.938400000000000000e+04 1.037167050960087655e+00 -5.752646619384853277e-02
5.938500000000000000e+04 1.077926076505127950e+00 9.208729906473029150e-03
5.938600000000000000e+04 9.725045363391112696e-01 -4.641633263993100861e-02
5.938700000000000000e+04 1.061333264915783614e+00 -3.219875702146483137e-02
5.938800000000000000e+04 1.181675152041829602e+00 4.943390355050670398e-02
5.940000000000000000e+04 1.030106107597319465e+00 5.433336654991332421e-02
5.941100000000000000e+04 1.052782528789902194e+00 1.434747401697095137e-02
5.941200000000000000e+04 1.039949018301250083e+00 7.911690819432849742e-02
5.941300000000000000e+04 1.001747042766145013e+00 -3.965292691676206016e-02
5.941400000000000000e+04 1.025359691895536107e+00 -4.102928949539074582e-04
5.941500000000000000e+04 1.065078375401747657e+00 2.714221709328875493e-02
5.941600000000000000e+04 1.002734365441064535e+00 -4.839807134842182001e-02
5.941700000000000000e+04 1.018435640603388537e+00 6.651446027514164305e-02
5.942600000000000000e+04 9.376445677941152024e-01 2.425560918840412652e-02
5.943800000000000000e+04 1.105476277416969078e+00 2.075886785115733479e-04
5.943900000000000000e+04 1.016580243071561585e+00 -3.636897224629077885e-02
5.944000000000000000e+04 1.109185833118321973e+00 1.575262936408166128e-02
5.944100000000000000e+04 1.071603128191422005e+00 3.242321334047455761e-02
5.946700000000000000e+04 1.050830161423139675e+00 4.857965305518385443e-03
5.946800000000000000e+04 1.084371934206693533e+00 2.896289232432732938e-02
5.946900000000000000e+04 1.102585452352248696e+00 2.558041301854908217e-02
5.947000000000000000e+04 1.122345772815666942e+00 3.172023769959961270e-02
5.947100000000000000e+04 1.077926734811375242e+00 6.214033059778650142e-02
5.947200000000000000e+04 1.131850208972481342e+00 -4.426139859929371229e-02
5.947300000000000000e+04 8.720733521199991456e-01 -1.590108606021927579e-02
