7.047000000000000000e+04 1.067597177273289510e+00 -5.189640113175700287e-02
7.047400000000000000e+04 1.036427092996660582e+00 7.113670929461365922e-02
7.047900000000000000e+04 1.019984906258353696e+00 -4.701875530805636749e-02
7.048900000000000000e+04 9.949141070771168049e-01 -7.741019688600556115e-02
7.049000000000000000e+04 1.119182173563140426e+00 4.523855564645828248e-02
7.049100000000000000e+04 9.300017831952545055e-01 -8.768912497963814168e-02
7.049200000000000000e+04 1.142329046822374128e+00 5.393029742000070292e-02
7.049300000000000000e+04 1.057012262857940144e+00 6.461184769864061414e-03
7.049500000000000000e+04 1.037143673138199329e+00 4.599758188672117137e-02
7.051700000000000000e+04 1.094816170588712945e+00 -6.578840910198063829e-02
7.051800000000000000e+04 1.131043599805660937e+00 -4.606822710783776455e-03
7.077700000000000000e+04 1.094713575386614846e+00 -2.118233172850190332e-02
7.077800000000000000e+04 1.081997489952297942e+00 4.422644765461254679e-02
7.078000000000000000e+04 1.175381301719580218e+00 4.196812960267755355e-02
7.081200000000000000e+04 9.501642662032674380e-01 -8.591634389053302498e-03
7.096600000000000000e+04 1.045690513054907456e+00 -6.192887959060842246e-02
7.096700000000000000e+04 1.145051532730453347e+00 -4.439264558296891761e-02
7.097100000000000000e+04 1.168822620419939673e+00 -8.487374392900430553e-02
7.097200000000000000e+04 1.193515743715831690e+00 -5.877082185717826673e-02
7.097300000000000000e+04 1.111979692119101415e+00 2.482478417775834875e-02
7.097400000000000000e+04 1.216554648450977050e+00 -7.524263226604528676e-02
7.097500000000000000e+04 1.095849677743712114e+00 -6.165884363535561324e-02
7.097600000000000000e+04 1.116816280883238921e+00 -6.512768942499878866e-02
7.097700000000000000e+04 1.084795527978052787e+00 -1.777715309547220346e-03
7.098800000000000000e+04 1.148632384560648312e+00 6.657740718139888714e-02
7.203000000000000000e+04 1.078534114034338520e+00 8.626968988900021729e-02
7.220700000000000000e+04 1.154788384559574332e+00 2.818680500531289650e-03
7.220900000000000000e+04 1.155399834326233055e+00 1.085717848121067405e-02
7.221000000000000000e+04 1.142411270313815175e+00 -6.275850200140634105e-02
7.221100000000000000e+04 1.011348304367927664e+00 1.972658907356674984e-01
7.221200000000000000e+04 1.032250189876343427e+00 -7.712448187310893578e-03
7.272000000000000000e+04 1.014087118552479128e+00 -1.452052712593019691e-02
7.281700000000000000e+04 1.072413168980399956e+00 1.364178251158282007e-01
7.283900000000000000e+04 1.165798951563932873e+00 9.426812703975656627e-02
7.284100000000000000e+04 1.150732031852408133e+00 1.432079088302720127e-01
7.284200000000000000e+04 1.054691748142186025e+00 4.591999151165603726e-02
7.284300000000000000e+04 1.104661479851910544e+00 1.654673809508514226e-01
7.286000000000000000e+04 1.060787864666894453e+00 -4.851427795388241551e-03
7.286100000000000000e+04 9.403038941298274001e-01 7.254383084399119996e-02
7.286300000000000000e+04 1.032216298611844829e+00 1.701677171501888575e-01
7.286400000000000000e+04 1.088425000644005491e+00 1.379577298231715043e-01
7.286700000000000000e+04 1.031572816199248566e+00 1.202790280464996336e-01
7.289000000000000000e+04 1.116741707034710762e+00 4.302873975723551028e-03
7.289300000000000000e+04 1.086259277577552140e+00 1.181770390424093375e-01
7.289400000000000000e+04 1.050975591646184482e+00 2.010383567727856979e-01
7.289800000000000000e+04 1.150692688458041513e+00 1.511919809446202016e-02
7.290000000000000000e+04 1.116717391396589987e+00 4.094555854081001825e-03
7.290200000000000000e+04 1.027554352003655413e+00 7.361476324055446496e-02
7.290300000000000000e+04 8.920053674416418277e-01 1.363533637279121247e-01
7.290400000000000000e+04 1.006345373059795101e+00 1.653065502688456645e-01
7.291500000000000000e+04 9.714364175994241180e-01 -7.323882864094299894e-03
7.291600000000000000e+04 1.000265423172109536e+00 -2.070749545001017433e-02
7.291700000000000000e+04 9.058318966191597488e-01 -9.572489096830304189e-02
7.292200000000000000e+04 1.149349958723268728e+00 -2.205595527303752176e-02
7.292300000000000000e+04 1.074241837669009270e+00 2.112778698942312933e-02
7.295200000000000000e+04 1.075484912331831744e+00 1.326143889679194110e-01
7.295300000000000000e+04 8.909333461172392887e-01 1.520482031089952224e-01
7.295400000000000000e+04 9.954243848856294541e-01 1.589764982707346230e-01
7.295500000000000000e+04 1.075901417219115697e+00 1.317352607160706957e-01
7.295600000000000000e+04 1.059556131333661888e+00 6.435464301789370345e-02
7.295700000000000000e+04 9.985353403920003146e-01 4.507017377577544892e-02
7.295800000000000000e+04 1.058387765803324276e+00 3.121913876487607264e-02
7.295900000000000000e+04 1.051242733491491999e+00 -3.854125834900863200e-03
7.298500000000000000e+04 1.051440989337858900e+00 4.429622163317926964e-02
7.300800000000000000e+04 1.153687652112067585e+00 6.180355484359521465e-03
7.303200000000000000e+04 1.099976166066058525e+00 6.728563987017107707e-03
7.303300000000000000e+04 1.105040075675264299e+00 -7.002443689962574436e-02
7.303500000000000000e+04 1.072918594951044247e+00 -3.988784846559836547e-03
7.303600000000000000e+04 1.038147790565040474e+00 5.611836835038619409e-02
7.303700000000000000e+04 1.088087122963109721e+00 1.450939243452053866e-04
7.303800000000000000e+04 1.155852435964020986e+00 6.250653648290876996e-02
7.304100000000000000e+04 1.012389228780635309e+00 1.262964628803441292e-01
7.304200000000000000e+04 1.000843905185540450e+00 1.595013678483373776e-01
7.306100000000000000e+04 1.073457395867049691e+00 4.971698813514664056e-02
7.306200000000000000e+04 9.468939438595658231e-01 1.546699453620389332e-02
7.312600000000000000e+04 9.357455469526551051e-01 8.870507713269507044e-02
7.315300000000000000e+04 1.133978493610938054e+00 7.187278718717798887e-02
7.322100000000000000e+04 1.374890221233192822e+00 1.103664498170887215e-01
7.322200000000000000e+04 1.152606959885982274e+00 2.569738131297109873e-02
7.424200000000000000e+04 1.084140574760062981e+00 1.989836107018380096e-01
7.424500000000000000e+04 1.029556433530385506e+00 7.168385530225505897e-02
7.425600000000000000e+04 9.750842973710022177e-01 -1.229065965849422161e-02
7.425800000000000000e+04 1.075932799062732315e+00 4.667330050118247836e-02
7.425900000000000000e+04 1.017266354516149107e+00 3.176109764541207303e-02
7.426100000000000000e+04 1.109090502301548709e+00 7.321293320767741086e-02
7.426300000000000000e+04 1.002120184399581060e+00 2.167750029223271951e-02
7.426500000000000000e+04 7.920054950009630668e-01 -6.174432747367325502e-02
7.439400000000000000e+04 1.135054915670951958e+00 4.428130661118895306e-02
7.439600000000000000e+04 1.088713120941157797e+00 4.523100173680591474e-02
7.439800000000000000e+04 1.164823034988718531e+00 2.327800555247550723e-02
7.440000000000000000e+04 1.125384541391082127e+00 9.042133471395434607e-02
7.440200000000000000e+04 1.081268940313645288e+00 -1.277810560392617090e-02
7.440400000000000000e+04 9.308828476437636112e-01 -4.750174759587811463e-02
7.501500000000000000e+04 1.182136292634285324e+00 3.703132273759762033e-02
7.504700000000000000e+04 1.060924271912852213e+00 -4.044109441898538493e-02
7.536300000000000000e+04 1.117481917576732542e+00 -1.218076965242792346e-02
7.541100000000000000e+04 1.252846039753901186e+00 2.760601856096963486e-02
7.541300000000000000e+04 1.202238271825747606e+00 -3.642837575798389682e-02
7.541500000000000000e+04 1.446946386862230760e+00 4.946644183209683576e-02
7.541700000000000000e+04 1.227131315225039820e+00 7.117082890909115847e-03
7.541900000000000000e+04 1.245931099058111613e+00 -8.387662992476860313e-02
7.542100000000000000e+04 1.629937593779385185e+00 1.734268832598333601e-02
7.542400000000000000e+04 1.577628088167411624e+00 -5.022187735857804036e-02
7.542600000000000000e+04 1.571037799423463222e+00 -1.241455436897751299e-03
7.542800000000000000e+04 1.717351195761347871e+00 8.026987470764881949e-02
7.543000000000000000e+04 1.595630938978766400e+00 2.734570055866753988e-02
7.544300000000000000e+04 1.222307227347802394e+00 -7.994155604934407439e-03
7.554700000000000000e+04 1.459211211822253995e+00 -1.153709289294494421e-02
7.554900000000000000e+04 1.549671595178209849e+00 -1.285716274089525150e-02
7.559600000000000000e+04 1.043551544254267771e+00 -5.205144831681540567e-03
7.717900000000000000e+04 1.047073074281774652e+00 -8.668238027083604441e-03
7.718500000000000000e+04 1.159976625505264813e+00 7.177733969418653714e-02
7.739900000000000000e+04 1.073314504416049697e+00 -1.893029401187333420e-03
7.740100000000000000e+04 9.718188788619965823e-01 -7.176166965236796536e-02
7.740200000000000000e+04 1.074831626559317188e+00 7.091616250489891915e-02
7.740400000000000000e+04 9.718546896389549383e-01 1.024497843865566776e-01
7.740700000000000000e+04 1.105869100798541282e+00 -6.016399464639855810e-02
7.740800000000000000e+04 1.174110972563147337e+00 -2.815162439611984882e-02
7.752900000000000000e+04 1.128201825370533928e+00 7.104615392034550891e-02
7.753000000000000000e+04 1.120143747015233116e+00 3.854601161530455539e-02
7.753100000000000000e+04 9.874787966115587956e-01 -1.057632209485049463e-01
7.753400000000000000e+04 1.069465849369790167e+00 8.445530376425516850e-02
7.753500000000000000e+04 1.083700881612124078e+00 -6.595294362412977909e-03
7.753600000000000000e+04 1.161971437299630372e+00 1.044289259254495283e-01
7.753700000000000000e+04 1.139371457751668704e+00 7.751930441182994236e-02
7.753800000000000000e+04 1.164070037655134948e+00 -2.284868262605088338e-02
7.753900000000000000e+04 1.051592487732931014e+00 -2.094008720483391678e-02
7.754000000000000000e+04 1.078945161694591315e+00 5.830836136866519859e-02
7.754100000000000000e+04 1.084786769058855516e+00 5.657070898501521949e-02
7.754200000000000000e+04 1.019327127055286608e+00 -2.680647614598664907e-02
7.754300000000000000e+04 1.072983568820258471e+00 3.364339238535397902e-02
7.814100000000000000e+04 9.296121424016344781e-01 3.950940748668433505e-02
7.814300000000000000e+04 1.014600739993729572e+00 -2.612904422407837102e-02
7.850500000000000000e+04 1.037882350185537428e+00 -5.199795009988341515e-02
7.851000000000000000e+04 1.082724724729918098e+00 1.328049127258719257e-02
7.852800000000000000e+04 9.790410814659464833e-01 5.971993294614493658e-02
7.853000000000000000e+04 1.059955728347588888e+00 -4.136638656145329163e-02
7.853400000000000000e+04 1.009355430828907441e+00 -7.468867363111307556e-02
7.853600000000000000e+04 1.149788568525261123e+00 -1.404331065854944396e-02
7.854100000000000000e+04 1.183123870341876271e+00 -8.876457094348574883e-03
7.858400000000000000e+04 1.022900486071154580e+00 6.876386745341994677e-02
7.859900000000000000e+04 1.064004517463758015e+00 -8.653877474467462638e-02
7.860300000000000000e+04 8.246225580291051127e-01 -5.880747968838256207e-02
7.932700000000000000e+04 1.126788094464303613e+00 8.880411161757896521e-02
7.934500000000000000e+04 1.166986275127681161e+00 3.795254797929750040e-02
7.936600000000000000e+04 1.156628841136650765e+00 -1.627037503752248176e-02
7.942800000000000000e+04 1.102769305769935926e+00 1.120100557188347390e-01
7.943000000000000000e+04 1.109836974144170041e+00 2.959651589763923757e-02
7.948000000000000000e+04 9.405573068431495320e-01 1.141343336192792851e-01
7.959100000000000000e+04 1.172262178406939359e+00 1.104982392261765617e-02
7.959200000000000000e+04 1.422035933974814315e+00 6.319949188657179862e-02
7.959300000000000000e+04 1.151405574494339445e+00 -6.988645233392446789e-03
7.959400000000000000e+04 1.149840351878238076e+00 9.669237047859852163e-02
7.959500000000000000e+04 1.057094935633321464e+00 3.690371597439218165e-02
7.959600000000000000e+04 1.192312250978419641e+00 1.889041451377992259e-02
7.959700000000000000e+04 1.163062352490863871e+00 5.267269751709869469e-02
7.960000000000000000e+04 1.081090548492330550e+00 -4.102707441723823026e-03
7.961400000000000000e+04 1.119699475006602718e+00 9.598807127920527815e-02
7.961500000000000000e+04 1.218784857220140960e+00 -1.292235100377203509e-02
7.961600000000000000e+04 1.223219543414947541e+00 2.526593201292244920e-02
7.961700000000000000e+04 1.167792130236454229e+00 -9.076831571611182481e-03
7.962000000000000000e+04 1.204727068927212486e+00 -6.370542845341066462e-02
7.962400000000000000e+04 1.165651726253220444e+00 4.367502513044344697e-02
7.962700000000000000e+04 1.148193311109488857e+00 -3.032412172396861672e-02
7.963100000000000000e+04 1.053406840566181168e+00 -1.199957126562304494e-02
7.963500000000000000e+04 1.214786572421915345e+00 -2.281779275037562615e-02
7.963700000000000000e+04 1.011044384614413039e+00 6.966135988019328540e-02
7.964100000000000000e+04 1.052358443850996750e+00 1.075317143415331633e-01
7.964200000000000000e+04 1.112089249497803856e+00 -6.698357999022321041e-02
7.964500000000000000e+04 1.059231610174534266e+00 2.459343189790152984e-02
7.965700000000000000e+04 1.189220122424675896e+00 2.357196230861696284e-03
7.966100000000000000e+04 1.132128404593045534e+00 1.041536630895801979e-01
7.966800000000000000e+04 1.016650008662266069e+00 1.000246864978920763e-01
7.966900000000000000e+04 1.014466737505577809e+00 3.131550699363780388e-02
7.970100000000000000e+04 1.105316398440606918e+00 -1.360641476592253790e-02
7.970200000000000000e+04 1.096311468152455948e+00 1.086822917225750973e-01
7.970400000000000000e+04 1.002934054973022571e+00 -3.033548159393322820e-03
7.970600000000000000e+04 1.070391818199663225e+00 -1.065772579693152755e-02
7.972300000000000000e+04 1.104301167582813381e+00 -1.213755267916782031e-02
7.973500000000000000e+04 1.126796625732298995e+00 -1.464770119814850016e-02
7.973800000000000000e+04 1.182647278078046149e+00 -2.762980148127499799e-02
7.974000000000000000e+04 8.407951361209327068e-01 3.943331020613647514e-02
7.974200000000000000e+04 1.130862083000442553e+00 3.338502304264254900e-02
7.974600000000000000e+04 1.164162098717882010e+00 -4.747116084906996547e-02
7.975200000000000000e+04 1.227167328425279980e+00 7.000806982312632321e-02
7.976200000000000000e+04 1.130435221528218070e+00 -2.657004230723217925e-02
7.976400000000000000e+04 1.116224597449861244e+00 6.088274541490196722e-03
7.978100000000000000e+04 1.176054414237672319e+00 -3.578490609083682938e-02
7.979000000000000000e+04 1.231951361384044707e+00 5.806778945898265903e-02
7.979200000000000000e+04 1.191087182947773160e+00 4.263457565377199582e-02
7.979700000000000000e+04 1.470629749830577815e+00 -3.170164472264053873e-02
7.979900000000000000e+04 1.129636854548509151e+00 -4.637358188574870060e-02
7.980100000000000000e+04 1.117495482274890817e+00 4.963833217791070729e-02
7.980300000000000000e+04 1.128221892081538558e+00 -9.751061582577934261e-02
7.980500000000000000e+04 1.112311989163656145e+00 -3.500235320026066910e-02
7.981900000000000000e+04 1.131316485977186037e+00 -1.799339893119524577e-03
7.982000000000000000e+04 1.161762501444573159e+00 -5.602951924563801672e-02
7.982400000000000000e+04 1.175698836266454439e+00 3.556096194361403617e-02
7.982500000000000000e+04 1.153841357925009303e+00 -3.278548385519298308e-02
7.982600000000000000e+04 1.089723309753689584e+00 1.571360763383527689e-02
