8.294600000000000000e+04 8.059811779199458348e-01 -4.110805252830285195e-02
8.294800000000000000e+04 8.449763354101158530e-01 -2.689712715893675249e-02
8.296800000000000000e+04 7.352224688969695165e-01 4.117946627254583797e-02
8.297400000000000000e+04 8.543672434433683405e-01 7.131211649433351341e-02
8.297700000000000000e+04 8.550063796993784271e-01 -4.085864367926860669e-02
8.302200000000000000e+04 8.307319750720432161e-01 -1.328256374489233125e-03
8.302400000000000000e+04 8.357101362915362319e-01 -2.439667132321975129e-02
8.305300000000000000e+04 8.225628471027359723e-01 -2.943953360696958954e-02
8.311900000000000000e+04 8.106647055854412365e-01 -3.199339562576925672e-02
8.313900000000000000e+04 9.362226083633358176e-01 2.726739369954953376e-02
8.314400000000000000e+04 8.119963965447529741e-01 1.121149321040097874e-01
8.314800000000000000e+04 8.481548762543227316e-01 -3.790268155401928241e-02
8.320500000000000000e+04 7.865523734046733217e-01 3.199433685630012070e-01
8.322500000000000000e+04 9.494973674118777351e-01 -2.249571259530466077e-02
8.322700000000000000e+04 8.585670752762584179e-01 2.579877324159769378e-02
8.323000000000000000e+04 8.200144658112045182e-01 -5.173969286281932672e-02
8.323600000000000000e+04 7.562685945635536644e-01 4.694832557766866893e-02
8.323800000000000000e+04 7.712370996831184877e-01 1.917924662860208129e-01
8.325400000000000000e+04 8.023249105901512079e-01 2.535974039821866644e-01
8.325500000000000000e+04 7.989553332027375943e-01 2.632103359173478818e-01
8.325600000000000000e+04 7.961335909352613704e-01 1.650171366884692903e-01
8.325700000000000000e+04 7.558894580617031567e-01 -2.697072709016621467e-03
8.325800000000000000e+04 7.759002730921743529e-01 -4.204588268152611996e-02
8.326000000000000000e+04 8.286449314680731648e-01 9.613586173908465760e-02
8.341600000000000000e+04 8.086620937479740423e-01 2.437003947531262704e-01
8.341700000000000000e+04 8.002444389418849058e-01 2.439341529597332525e-01
8.341800000000000000e+04 8.315022961642203336e-01 1.302571875149232949e-01
8.342200000000000000e+04 7.423086810308505701e-01 1.078481868459698068e-01
8.348700000000000000e+04 7.888995088522425814e-01 2.934837716413083997e-01
8.348800000000000000e+04 7.569817559514352423e-01 6.543092390790247737e-02
8.348900000000000000e+04 7.872108049397107399e-01 1.087965721001832864e-01
8.349000000000000000e+04 7.914875102847863664e-01 1.628089980364330891e-01
8.349100000000000000e+04 7.863244095127862598e-01 1.864585394428348586e-01
8.368100000000000000e+04 8.637766429908415589e-01 -1.982437809792401973e-02
8.369700000000000000e+04 9.705487528020121379e-01 -6.154499926419219891e-02
8.370400000000000000e+04 9.080022737437050129e-01 -1.920094722346232796e-02
8.370900000000000000e+04 8.345787025711287610e-01 -4.106225939857859053e-02
8.372600000000000000e+04 9.086240738096436065e-01 -2.742537592628180657e-02
8.374700000000000000e+04 9.030885290117309783e-01 4.500844680828702815e-02
8.374800000000000000e+04 8.020851273732013675e-01 -3.840029819707872077e-02
8.375000000000000000e+04 8.380214648441804970e-01 2.000089446883016042e-02
8.375100000000000000e+04 8.399462196653334489e-01 1.468582557206625852e-02
8.378200000000000000e+04 9.821542191333451077e-01 3.360193006156327045e-02
8.378900000000000000e+04 9.963580919414894987e-01 1.691000051320738773e-02
8.384200000000000000e+04 8.157045061524293983e-01 1.974618221684345046e-02
8.384700000000000000e+04 8.801009150784733226e-01 -1.819970278698066976e-02
8.385300000000000000e+04 7.792308088422791323e-01 1.380377734810434194e-02
8.385400000000000000e+04 8.984968093372421860e-01 4.823856286625455986e-02
8.385500000000000000e+04 8.971506092394762044e-01 5.754644581565466349e-02
8.388200000000000000e+04 8.320279332243959436e-01 3.011227304787029990e-02
8.397700000000000000e+04 8.291164697228933234e-01 -2.598908009994197604e-02
8.406700000000000000e+04 8.869835531023008146e-01 -1.714882443344958526e-02
8.407300000000000000e+04 8.094873665509536576e-01 8.950939207591113167e-02
8.418400000000000000e+04 8.401242538590686371e-01 1.735341411175263249e-02
8.418500000000000000e+04 8.136335410097190746e-01 -9.523560795996199868e-03
8.426500000000000000e+04 8.258884570530973246e-01 -2.337413849810635047e-02
8.444400000000000000e+04 8.004168994932815417e-01 4.857124868133435441e-02
8.444500000000000000e+04 8.978219481343662212e-01 7.547921754817416007e-02
8.444700000000000000e+04 8.634799943369224628e-01 -2.331996447973607930e-02
8.444800000000000000e+04 8.312928066703830776e-01 4.156537835924152546e-02
