3.766100000000000000e+04 8.676934076123876682e-01 2.502105562195415175e-02
3.766200000000000000e+04 9.463210478726687969e-01 4.065337690421821915e-02
3.766300000000000000e+04 1.035478960424511596e+00 -4.337125575684216278e-02
3.768500000000000000e+04 7.841143314212050131e-01 2.035498559014098374e-02
3.768600000000000000e+04 8.991465929519170119e-01 6.582844588013588016e-02
3.768700000000000000e+04 8.060574964599914738e-01 1.847670539764326714e-01
3.768800000000000000e+04 7.447444456336321794e-01 1.063675290937760448e-01
3.770000000000000000e+04 6.866176979732437902e-01 1.043974151563928088e-01
3.771400000000000000e+04 8.889212289141147361e-01 -1.054979865477211759e-03
3.771500000000000000e+04 1.001459286304016816e+00 3.195591617568744464e-02
3.771600000000000000e+04 1.017725602793467798e+00 1.635240172582639318e-01
3.771700000000000000e+04 9.306050040958998570e-01 5.747775929861027866e-02
3.771800000000000000e+04 1.020971416951307109e+00 -4.875839796184563979e-02
3.771900000000000000e+04 1.040209716075841673e+00 7.615935153400830993e-02
3.772000000000000000e+04 6.368080703102225737e-01 -6.529319000542077589e-02
3.774400000000000000e+04 9.686361306734906362e-01 -9.068312288798867360e-02
3.774500000000000000e+04 9.710963148632490993e-01 -4.193212446569252738e-02
3.774700000000000000e+04 9.490295007779215863e-01 3.356592276133958663e-02
3.774800000000000000e+04 1.020602287192181157e+00 4.040984815800207491e-02
3.774900000000000000e+04 1.065027010863846435e+00 -6.742571146709243346e-02
3.775000000000000000e+04 9.651190842092606248e-01 3.252784754309047399e-02
3.776800000000000000e+04 5.668358678584792809e-01 4.811593085850757873e-02
3.776900000000000000e+04 9.343445329007584732e-01 1.279209789207775838e-01
3.777000000000000000e+04 1.025385682640777896e+00 -1.874902386722904213e-02
3.777100000000000000e+04 1.033402041121865844e+00 -4.079075165561848321e-02
3.778100000000000000e+04 9.192825637587903609e-01 1.266678140315250639e-02
3.779100000000000000e+04 1.044050351124152565e+00 -2.548146549181365059e-02
3.780600000000000000e+04 9.543864345787539394e-01 7.737951281877952781e-02
3.793800000000000000e+04 9.393672775397144958e-01 5.704138429944983352e-02
3.794000000000000000e+04 8.923722756216835306e-01 3.963629474016809595e-02
3.795100000000000000e+04 9.094335041281812471e-01 -1.110593267531827591e-02
3.799800000000000000e+04 8.125204536627715912e-01 1.709562102603804090e-01
3.800000000000000000e+04 6.540497637210445081e-01 2.042215294368878165e-01
3.804400000000000000e+04 1.004090411581950448e+00 9.795596442895548872e-02
3.809400000000000000e+04 9.676109288273330167e-01 1.988575923042183724e-01
3.809500000000000000e+04 9.328816645932065388e-01 -2.207503592954523572e-03
3.809600000000000000e+04 1.022170575412294502e+00 8.930256209367945508e-02
3.809700000000000000e+04 9.956614962305253558e-01 7.455304258024572639e-02
3.809800000000000000e+04 1.003746868367085376e+00 6.697037947776451894e-02
3.810100000000000000e+04 9.790695826117402634e-01 2.534129400944749172e-02
3.810200000000000000e+04 6.798343725990356745e-01 9.484482224172574583e-02
3.812500000000000000e+04 9.188881277790696966e-01 1.120227918862128635e-01
3.812600000000000000e+04 9.013487886917272984e-01 1.015127441798456820e-01
3.812700000000000000e+04 9.597264352971136558e-01 1.730788315767923247e-01
3.812800000000000000e+04 9.201770263703952235e-01 1.690322175288605511e-01
3.812900000000000000e+04 9.916932093322329278e-01 1.884079355778741360e-01
3.813200000000000000e+04 1.051257042766023275e+00 1.898255367025128773e-02
3.813300000000000000e+04 1.042769993927644467e+00 2.875616909149573963e-02
3.816700000000000000e+04 8.883917126472514747e-01 3.588540725352680483e-02
3.816800000000000000e+04 1.065216294656674778e+00 1.221310389001947216e-01
3.816900000000000000e+04 9.878286176136881203e-01 1.726449262589692113e-01
3.817200000000000000e+04 1.002258283222269064e+00 3.416048473021349868e-02
3.817400000000000000e+04 9.919532636157136762e-01 5.285186262758488629e-02
3.821300000000000000e+04 9.673030490344809440e-01 9.228150928511390239e-03
3.821400000000000000e+04 1.028806063846984475e+00 1.173771302868930194e-01
3.821500000000000000e+04 1.006057115638531174e+00 1.059644274701281308e-01
3.821800000000000000e+04 9.756800054828673741e-01 4.901233190917009264e-02
3.821900000000000000e+04 1.304226976802973725e+00 1.438006740638786765e-02
3.822000000000000000e+04 1.020215333131862634e+00 5.487562793851635118e-04
3.822500000000000000e+04 9.688363059494173868e-01 1.239273382824073316e-01
3.825900000000000000e+04 8.089404469058735225e-01 1.048452927052996725e-01
3.827200000000000000e+04 9.968901700927648157e-01 5.977904497033151299e-02
3.827700000000000000e+04 9.484281533463946312e-01 8.253554877865525163e-02
3.828100000000000000e+04 1.078787956572879958e+00 9.853290047864159129e-02
3.828300000000000000e+04 9.614556587448273017e-01 4.469750022052878385e-02
3.830700000000000000e+04 1.053298104058389750e+00 1.794092694876839311e-02
3.831000000000000000e+04 1.003172077075372037e+00 1.761948168620830479e-02
3.833800000000000000e+04 1.012495192361625218e+00 4.180370649174060954e-02
3.848000000000000000e+04 9.176430613907420319e-01 9.486950468584229301e-02
3.856000000000000000e+04 9.422717500267639990e-01 8.641031520992105419e-02
3.860900000000000000e+04 1.029023233889212019e+00 9.601514455801975212e-02
3.861100000000000000e+04 8.780184422161714242e-01 1.302923383862113205e-01
3.864700000000000000e+04 9.836310063608688647e-01 1.315312993387170171e-01
3.864800000000000000e+04 9.471140830739319671e-01 1.063805191133425504e-01
3.864900000000000000e+04 9.588800851381265034e-01 3.176095121951603983e-02
3.865000000000000000e+04 9.339000537395767410e-01 1.066561088650787026e-01
3.865100000000000000e+04 9.392738427471337692e-01 1.412911702933415392e-01
3.867400000000000000e+04 8.894448989336226630e-01 1.508166861971630412e-01
3.867500000000000000e+04 8.884456937647814412e-01 1.043037339886898063e-01
3.867600000000000000e+04 9.236304514901760854e-01 1.308998799731890261e-01
3.867700000000000000e+04 8.509339297635816202e-01 1.860352162106108376e-01
3.867800000000000000e+04 9.161062796715875312e-01 1.580557528501747022e-01
3.869900000000000000e+04 9.590040924108914622e-01 -5.912957747021453658e-02
3.870000000000000000e+04 9.743008502869263676e-01 -1.299478061090396375e-02
3.870100000000000000e+04 9.842443512706146036e-01 -4.511975773725668271e-03
3.870200000000000000e+04 9.888734046971662250e-01 6.332141602404726954e-02
3.870300000000000000e+04 7.684827256765157655e-01 1.272252027818105702e-01
3.870800000000000000e+04 9.524499851784611337e-01 3.111033672546493004e-02
3.873700000000000000e+04 1.050319559880439790e+00 3.754239650767383918e-03
3.873800000000000000e+04 1.007168193032079939e+00 -5.543987945346739998e-02
3.873900000000000000e+04 9.831017489283808697e-01 6.723168588533862122e-02
3.874000000000000000e+04 1.009624489615591925e+00 3.703042622261250305e-02
3.874400000000000000e+04 1.043510450580872329e+00 -3.725798132523280154e-02
3.874500000000000000e+04 1.006710265311055785e+00 8.368037230249014691e-02
3.874600000000000000e+04 9.576360690972096634e-01 1.195008030841637620e-01
3.876600000000000000e+04 9.940048704381401201e-01 9.083507672623659934e-02
3.876700000000000000e+04 9.133809355624682436e-01 1.193093269037359544e-01
3.876800000000000000e+04 9.971576162032574908e-01 7.844425969805374210e-02
3.877300000000000000e+04 8.757824393544539898e-01 -4.180834173648202701e-02
3.877400000000000000e+04 1.008154727530091499e+00 -4.322343647384724319e-02
3.877500000000000000e+04 1.023538047172864562e+00 2.824093343864874858e-02
3.877600000000000000e+04 9.834345893070667310e-01 5.444664978177926606e-02
3.877700000000000000e+04 9.766613477476275840e-01 9.255039096526238018e-03
3.877800000000000000e+04 8.554014742039858232e-01 9.324510771068787729e-02
3.881600000000000000e+04 9.537671155981249926e-01 4.592626806017632846e-02
3.885000000000000000e+04 9.749379699101162755e-01 8.870754000621165758e-02
3.885100000000000000e+04 9.793009092085621647e-01 9.885745336151864626e-02
3.885200000000000000e+04 1.054617675431324342e+00 1.238534678757005764e-01
3.885700000000000000e+04 9.114484059027733176e-01 2.280756962182134071e-02
3.886700000000000000e+04 8.618068624562262858e-01 2.153913942978858895e-02
3.886800000000000000e+04 9.265536669876757170e-01 1.943243464405541507e-02
3.886900000000000000e+04 8.368560882997188033e-01 7.689135120634772724e-02
3.888300000000000000e+04 1.002814596473803554e+00 8.513370411167753282e-02
3.888400000000000000e+04 9.988870088571339956e-01 2.681082753048233402e-02
3.888500000000000000e+04 9.639829793602158192e-01 8.401089925952426318e-02
3.889000000000000000e+04 9.657834312796556020e-01 -9.270412636117534091e-03
3.889100000000000000e+04 8.807387073305213976e-01 7.383643298804333510e-02
3.889200000000000000e+04 8.714514734426058729e-01 9.232822127480941332e-02
3.889400000000000000e+04 8.894987557256158750e-01 1.240981587674740011e-01
3.889900000000000000e+04 9.024501735440231265e-01 1.346323992766295941e-01
3.890000000000000000e+04 9.237807435256866206e-01 5.166210219663826264e-02
3.890100000000000000e+04 8.912386615328580231e-01 1.091018881500500741e-02
3.890200000000000000e+04 9.625072229426026027e-01 1.169800116862760725e-01
3.891700000000000000e+04 9.381760133878109809e-01 3.602989886566251854e-03
3.891800000000000000e+04 9.606852644443826250e-01 -1.054455917679176895e-02
3.891900000000000000e+04 9.700722647233702700e-01 2.295328160688967639e-02
3.892100000000000000e+04 9.738211090927386682e-01 9.975179777277423665e-04
3.892500000000000000e+04 9.691793534113758435e-01 5.004597214101025315e-02
3.892600000000000000e+04 1.027754805584093489e+00 4.618168982185605342e-02
3.892700000000000000e+04 9.974513906603663660e-01 2.770520241796387700e-02
3.892800000000000000e+04 1.010888485495312628e+00 1.919640082803956982e-02
3.892900000000000000e+04 9.324425754907592623e-01 3.047762341203395092e-02
3.893300000000000000e+04 9.287261805075266441e-01 6.703080620428157610e-02
3.893400000000000000e+04 8.733070817709122080e-01 9.558501603108851552e-02
3.893500000000000000e+04 9.729737870295710467e-01 3.426556068552482487e-02
3.893600000000000000e+04 1.025758041050944813e+00 9.638087050447824433e-02
3.894700000000000000e+04 9.612304373752760256e-01 -2.669459038104549098e-02
3.894900000000000000e+04 9.698408981851411870e-01 -4.093474138195479783e-02
3.895000000000000000e+04 1.045982849266696268e+00 -2.365246035765986715e-02
3.896600000000000000e+04 9.435046471569470405e-01 1.238051064091476167e-01
3.897600000000000000e+04 9.822668274511453523e-01 5.671236813463057663e-02
3.899100000000000000e+04 9.382675234911933559e-01 8.706204707960420175e-02
3.899600000000000000e+04 9.408955350330400202e-01 3.615396639589846944e-02
3.916400000000000000e+04 8.406322433084852941e-01 -7.051758879171698101e-03
3.921700000000000000e+04 1.013618276352948433e+00 7.574378402654805865e-03
3.921800000000000000e+04 9.901391875754104177e-01 -5.562917391674090939e-02
3.928600000000000000e+04 9.773170802343970065e-01 -4.928187974278709638e-02
3.928700000000000000e+04 9.703319340663515424e-01 -3.885248049530418829e-02
3.930500000000000000e+04 8.761292485152120113e-01 -1.104296019213773898e-02
3.930600000000000000e+04 9.735366642491840583e-01 -5.704039938296144065e-03
3.934300000000000000e+04 9.542795708721782955e-01 1.032658386914124121e-01
3.934400000000000000e+04 9.812152009573269495e-01 6.169525677271792824e-02
3.940000000000000000e+04 9.385085318503395557e-01 9.757475666430850958e-02
3.940100000000000000e+04 9.980685433169729226e-01 7.424637494405404714e-02
3.940200000000000000e+04 1.051979240714891572e+00 2.170738083826820666e-02
3.940300000000000000e+04 9.971357937828446705e-01 5.856691493394752118e-02
3.940400000000000000e+04 9.188723488853004495e-01 8.156593875110720870e-02
3.946700000000000000e+04 1.027930768288730423e+00 3.915828296948452303e-02
3.946800000000000000e+04 1.015447450393581530e+00 7.708370069219347420e-02
3.946900000000000000e+04 9.577919058312228673e-01 8.453200550513981226e-02
3.947100000000000000e+04 9.972261876200488873e-01 7.130352454461780232e-02
3.947200000000000000e+04 9.172275430389748019e-01 1.794656530256691085e-01
3.947300000000000000e+04 9.745897388659182647e-01 4.477234306699402755e-02
3.949600000000000000e+04 9.087366277226390787e-01 1.221970120989526315e-01
3.949700000000000000e+04 8.987161098245174395e-01 5.262761533793893637e-02
3.952500000000000000e+04 1.021023596766598152e+00 7.514993939191588757e-02
3.952600000000000000e+04 1.003651962166741463e+00 8.639226525269094736e-02
3.952700000000000000e+04 1.019574126187565488e+00 -4.022344980243253154e-02
3.956800000000000000e+04 1.102373394327232248e+00 1.861563753159381496e-02
3.956900000000000000e+04 1.024685726175803113e+00 1.878343295037672792e-02
3.960800000000000000e+04 9.857311529649648296e-01 1.518646062327440316e-01
3.960900000000000000e+04 1.017375389227927363e+00 3.518611308045806879e-02
3.961000000000000000e+04 1.073063470218796889e+00 8.868442653486501015e-02
3.961100000000000000e+04 1.056625074351330351e+00 1.043706302586380752e-01
3.961200000000000000e+04 1.055295980515858378e+00 1.804443731450053601e-01
3.961300000000000000e+04 1.022453737610278690e+00 -5.050216980595594041e-04
3.962000000000000000e+04 1.019034906753728764e+00 5.182907002266212010e-02
3.965400000000000000e+04 1.021820178736407403e+00 8.550509319214237569e-02
3.966500000000000000e+04 1.121967893431170094e+00 4.411698032664114477e-02
3.966600000000000000e+04 1.077092542881351811e+00 2.474221384322189410e-02
3.966700000000000000e+04 1.082353404406090291e+00 5.055195008161936232e-02
3.966800000000000000e+04 1.095677703362678113e+00 9.394449712947901265e-02
3.967800000000000000e+04 1.048464350236530951e+00 4.847629563203398328e-02
3.967900000000000000e+04 1.040492017026823257e+00 1.081682091999691397e-01
3.968000000000000000e+04 9.806446187166285577e-01 3.512248449216113372e-02
3.968100000000000000e+04 1.028561521205868967e+00 1.116844118497985899e-01
3.968200000000000000e+04 1.045328940120088257e+00 1.363028902083238472e-02
3.969200000000000000e+04 1.042055197550992851e+00 5.640669430210797780e-02
3.969400000000000000e+04 1.030939565195925223e+00 5.811208001925037558e-02
3.969500000000000000e+04 1.046050036106221270e+00 4.445962388210639854e-02
3.969600000000000000e+04 9.560872163435946147e-01 6.790205859154527235e-02
3.972300000000000000e+04 1.077125579931149435e+00 -3.784401356766101815e-02
3.972400000000000000e+04 9.867284425526965386e-01 9.835404286618408543e-02
3.972500000000000000e+04 1.060800778177570347e+00 9.014781301429380944e-03
3.972600000000000000e+04 1.086749415392835871e+00 1.041889529812796561e-01
3.975100000000000000e+04 1.045709712709958161e+00 5.216004640438517970e-03
3.975200000000000000e+04 1.036247116055937445e+00 -6.834765795468943778e-03
3.975300000000000000e+04 1.060704609899316475e+00 6.400194221491707636e-02
3.978800000000000000e+04 1.098308917485898206e+00 4.755924583892005841e-02
3.978900000000000000e+04 1.124211006903734766e+00 8.632599487554860895e-02
