5.131800000000000000e+04 8.670086374607162139e-01 -8.826308729279176701e-02
5.131900000000000000e+04 9.333411350814565521e-01 -3.699530706779736305e-02
5.132000000000000000e+04 1.030001523597685154e+00 8.844160258340183489e-02
5.132100000000000000e+04 9.710103278377413272e-01 -9.766270441670155122e-02
5.132200000000000000e+04 9.040944847568240794e-01 -7.148905585588644085e-02
5.133100000000000000e+04 9.190733428407327210e-01 -1.374878500331008779e-01
5.134400000000000000e+04 9.607404927761844515e-01 -1.619431372710872508e-01
5.134800000000000000e+04 1.065896107328802245e+00 -8.559118203093617205e-02
5.134900000000000000e+04 1.046464832056714478e+00 -8.940071351602986438e-02
5.135000000000000000e+04 1.112778159304423919e+00 -1.035039331922113504e-01
5.135100000000000000e+04 9.967295399148011770e-01 -1.755334931998228654e-01
5.136200000000000000e+04 1.089704894877887353e+00 6.508680504041738923e-02
5.136300000000000000e+04 1.084041931892507193e+00 3.854849949407024301e-02
5.136700000000000000e+04 1.049489325165288367e+00 -1.609588291116644532e-01
5.136800000000000000e+04 1.094213114197821080e+00 8.051860844435962394e-02
5.136900000000000000e+04 1.006403576476309958e+00 -1.328372772129080837e-01
5.138100000000000000e+04 1.044558632410844679e+00 -1.191371778033381013e-01
5.138200000000000000e+04 1.030711225131461628e+00 -2.982106284952916464e-02
5.138300000000000000e+04 1.087536157815442106e+00 -3.266665087426472852e-02
5.138400000000000000e+04 1.112201862974237621e+00 8.975367181100521452e-02
5.138500000000000000e+04 9.941332730707878040e-01 -9.741688018174031460e-02
5.138600000000000000e+04 1.014630685315949243e+00 -1.035922280365242781e-01
5.138700000000000000e+04 1.010561275364596279e+00 -1.042934402091473672e-01
5.138800000000000000e+04 9.132648883891317793e-01 -1.392765170282778131e-01
5.138900000000000000e+04 1.085061065272190817e+00 -1.836652699456063978e-02
5.140300000000000000e+04 7.497807021928832860e-01 -5.182004746411426194e-02
5.142700000000000000e+04 9.259866740589659528e-01 -1.382345674988424422e-01
5.144300000000000000e+04 9.078907605663476543e-01 -1.096625782840107699e-01
5.144400000000000000e+04 9.870612407630589002e-01 -1.390436345259046629e-02
5.144500000000000000e+04 1.050074838688872747e+00 7.042579882075522546e-02
5.144600000000000000e+04 9.908391262738037719e-01 -1.621683276967282872e-01
5.144700000000000000e+04 9.893438964860453710e-01 -8.695301522422105300e-02
5.144900000000000000e+04 9.880099016165931891e-01 -1.428407164379059957e-01
5.145000000000000000e+04 9.667989831454922856e-01 -9.177470528287397233e-02
5.145100000000000000e+04 9.259220170452944210e-01 6.001482006921578585e-03
5.146000000000000000e+04 1.014183613560899033e+00 2.370993265603561079e-02
5.147300000000000000e+04 1.001399638991562924e+00 -7.153104193248433287e-03
5.147400000000000000e+04 9.460582749446343476e-01 4.444743909440434376e-02
5.147500000000000000e+04 9.215189968171914048e-01 -1.577260515920097805e-01
5.147600000000000000e+04 1.028844417488004925e+00 -1.723905501216984326e-01
5.150000000000000000e+04 9.307713905245736941e-01 -1.361386823644457345e-01
5.150500000000000000e+04 8.670360365706206718e-01 -9.839259166517574928e-02
5.152400000000000000e+04 1.066261454586517665e+00 6.992758873801605251e-04
5.155000000000000000e+04 1.014633076448685500e+00 -1.297357583782220436e-01
5.157900000000000000e+04 1.051711923165114193e+00 4.884972441862769910e-02
5.158000000000000000e+04 9.674501052311528237e-01 -1.616591366150726128e-01
5.158200000000000000e+04 9.448997802332879115e-01 -1.226712129258262923e-01
5.158300000000000000e+04 8.727347620792582639e-01 -1.387592719754802417e-01
5.158400000000000000e+04 9.017819067362548013e-01 -6.531836867388268915e-03
5.161100000000000000e+04 9.169573459977726770e-01 -1.255434463743040074e-01
5.161200000000000000e+04 9.580207823569598657e-01 7.338194277779886907e-03
5.162000000000000000e+04 1.007125235818081110e+00 -6.722848955896590373e-02
5.162100000000000000e+04 9.455752068777324437e-01 5.940861592004162417e-02
5.164500000000000000e+04 9.888091546259726305e-01 -1.077310522176492223e-02
5.164600000000000000e+04 9.943221213409366710e-01 -7.764803452806731676e-02
5.171800000000000000e+04 1.031047154425700274e+00 -1.017261660105887346e-02
5.171900000000000000e+04 1.092018118457933396e+00 -6.203386628076302395e-02
5.174900000000000000e+04 1.081641923737740818e+00 -4.486968283512509509e-02
5.175000000000000000e+04 1.086511163675186076e+00 -7.853200054515331596e-02
5.182100000000000000e+04 1.147003160265325006e+00 1.661066534491480728e-01
5.186700000000000000e+04 9.951734139272763180e-01 1.111989299211845750e-01
5.186800000000000000e+04 1.075207279291065632e+00 6.923435414964106138e-02
5.187300000000000000e+04 1.045381422273996996e+00 7.587982587979419380e-02
5.188300000000000000e+04 1.029876999659208092e+00 8.604750933179376726e-02
5.188400000000000000e+04 1.068595019364610543e+00 1.442809459787899318e-01
5.188600000000000000e+04 1.034063615845058237e+00 9.078073455486208865e-02
5.188800000000000000e+04 9.778863844146664652e-01 1.016021504215915416e-01
5.189900000000000000e+04 9.909769260161925830e-01 -5.345881619618304825e-02
5.191400000000000000e+04 9.785181011260154493e-01 1.328286557962935210e-01
5.191500000000000000e+04 1.044410850689716286e+00 9.832928054964647224e-02
5.191600000000000000e+04 1.031072888193356629e+00 3.498034138934831561e-02
5.191700000000000000e+04 9.965965494775290701e-01 8.819388402036533459e-02
5.191800000000000000e+04 9.974249726088281198e-01 6.989105043571774978e-02
5.193300000000000000e+04 1.020918600548079480e+00 1.650993399441356424e-01
5.193400000000000000e+04 1.086852830811484871e+00 2.943751586176780385e-02
5.193500000000000000e+04 1.050923814852108062e+00 9.029004728725076312e-02
5.193600000000000000e+04 1.055462529180616338e+00 7.676330979586397374e-02
5.193700000000000000e+04 7.828946887666901056e-01 6.221130563673617220e-02
5.194400000000000000e+04 8.897350506665747671e-01 -1.953750525612822087e-01
5.195700000000000000e+04 8.659793130882601497e-01 1.414964061924584016e-01
5.195900000000000000e+04 9.880428550615446559e-01 1.158574795378186084e-01
5.198100000000000000e+04 1.112820829856088656e+00 7.957115702274904223e-02
5.198200000000000000e+04 9.345156368109212019e-01 1.035407590553045348e-02
5.198900000000000000e+04 1.001563172551972691e+00 2.735321657456928068e-02
5.199600000000000000e+04 9.147608123559071158e-01 -1.076760355472686087e-01
5.200300000000000000e+04 9.674401234204056399e-01 -1.978260874302098515e-02
5.200400000000000000e+04 9.656330745142910343e-01 -1.820194447188942799e-01
5.201800000000000000e+04 9.875025043705933925e-01 1.478760335671436832e-01
5.202500000000000000e+04 9.815594133877088012e-01 -1.299278587238364424e-01
5.202700000000000000e+04 8.917775769390637874e-01 -9.989680207331790018e-02
5.202800000000000000e+04 9.519159387548985496e-01 -1.806215956082754537e-01
5.202900000000000000e+04 9.180848840734485705e-01 2.650883754483020910e-02
5.203300000000000000e+04 1.069058422313853285e+00 -4.277359408672571500e-02
5.203400000000000000e+04 9.456773550532188155e-01 -1.207186006467725337e-01
5.203500000000000000e+04 1.031946816032975445e+00 -2.310763231465323003e-02
5.203600000000000000e+04 1.004100491979366572e+00 -1.116380773654520285e-02
5.204600000000000000e+04 9.859913419487692510e-01 5.103982471161002538e-02
5.204700000000000000e+04 1.027820858960724060e+00 1.517925008573901280e-01
5.204800000000000000e+04 1.074620248785519649e+00 9.827657130056419166e-02
5.205400000000000000e+04 9.837676552809607733e-01 -8.133915956586705576e-02
5.205500000000000000e+04 9.262458750322808410e-01 -1.206123200441698573e-01
5.205600000000000000e+04 8.250963882692059492e-01 -1.612456208620310083e-01
5.205700000000000000e+04 9.575987521702199468e-01 2.184927897996936930e-02
5.205900000000000000e+04 1.063206390776595622e+00 -6.224657504916759204e-03
5.206000000000000000e+04 1.018811994248588260e+00 5.365144381152280040e-02
5.206100000000000000e+04 9.747636196316504797e-01 -9.727944939048842332e-02
5.206200000000000000e+04 9.888458412523140062e-01 -2.659532649333815404e-02
5.207700000000000000e+04 1.036099888901508947e+00 9.322195615663488033e-02
5.208000000000000000e+04 8.317234815399524583e-01 2.181390311112701985e-02
5.208100000000000000e+04 9.468674363787814574e-01 -3.497942001580327948e-02
5.208300000000000000e+04 9.153747060080461573e-01 -1.890821627625759727e-01
5.208400000000000000e+04 8.712735434827618697e-01 -1.434158492010570163e-01
5.208800000000000000e+04 1.103383682585684644e+00 -5.937962540386009652e-02
5.208900000000000000e+04 9.674785956703695344e-01 -5.921370981938813699e-02
5.209100000000000000e+04 1.054018332418735771e+00 -5.871428059273720197e-03
5.209200000000000000e+04 1.073783211518781533e+00 2.467384304899544398e-02
5.209300000000000000e+04 1.009471533370605023e+00 -4.475689299081771905e-02
5.210300000000000000e+04 9.072852295871332018e-01 -1.100727036004363335e-01
5.210400000000000000e+04 9.724364080712128988e-01 -1.254314516843976213e-01
5.210500000000000000e+04 9.133216927706698796e-01 -1.096029710430121568e-01
5.210600000000000000e+04 9.907800470304071183e-01 -1.002143796947073257e-01
5.210700000000000000e+04 1.035548658543586686e+00 -2.363102520012941299e-02
5.211200000000000000e+04 9.776452808078015533e-01 -4.515622504555787120e-02
5.211500000000000000e+04 9.971438943760841944e-01 -1.742794644428891440e-02
5.215500000000000000e+04 9.548694220634879049e-01 5.804151873634976443e-03
5.215600000000000000e+04 1.005490039511811817e+00 -7.998561163639772431e-02
5.215900000000000000e+04 1.041717605258305923e+00 -2.118820320129775545e-02
5.216000000000000000e+04 1.033464916537448541e+00 -1.004340730608400123e-01
5.216800000000000000e+04 9.293401250695704219e-01 -7.271235366878829208e-04
5.218100000000000000e+04 9.151797780566169882e-01 4.708218180102782119e-02
5.218200000000000000e+04 9.299316786635561938e-01 -1.147694059231722935e-01
5.218400000000000000e+04 9.562460675567390211e-01 -1.351153246881326708e-01
5.218500000000000000e+04 9.856188347015449880e-01 -1.778653685835864251e-01
5.222300000000000000e+04 1.061474272076437186e+00 -2.850408950442103254e-02
5.222400000000000000e+04 1.027613296138329746e+00 -1.092754108579879063e-01
5.222600000000000000e+04 9.702716878051614868e-01 -1.505381074594458468e-01
5.222700000000000000e+04 9.569085338376044358e-01 -1.754641008151306969e-01
5.222800000000000000e+04 9.570118023003000296e-01 1.574390626763169307e-02
5.224500000000000000e+04 9.320421185936911268e-01 -9.622713384624211053e-02
5.224700000000000000e+04 1.071619221365696983e+00 -1.139186895168804031e-01
5.224900000000000000e+04 1.000476974500401406e+00 5.227835161489718246e-02
5.226200000000000000e+04 1.015229848607376972e+00 9.266839743844922095e-02
5.226300000000000000e+04 9.941630246379002944e-01 -8.955636415371112657e-02
5.226900000000000000e+04 9.634643684325155943e-01 -6.186973565795473445e-02
5.227000000000000000e+04 8.690738658343052370e-01 -9.243338570444721569e-02
5.229800000000000000e+04 9.577563995655051787e-01 9.149929778181488393e-02
5.235200000000000000e+04 1.017901328431163321e+00 -3.967773107515076836e-02
5.235300000000000000e+04 9.309143144064603304e-01 -1.437810209681922857e-01
5.236900000000000000e+04 9.857322054528088184e-01 7.048038274227251543e-03
5.237000000000000000e+04 9.254962565864284230e-01 -1.108774990952592771e-01
5.238500000000000000e+04 9.467557815205873695e-01 2.324833939117849566e-02
5.238600000000000000e+04 8.738988757734169610e-01 -1.138056384006677080e-01
5.240500000000000000e+04 9.556122392826542633e-01 -2.593459608148854234e-02
5.240600000000000000e+04 9.260535881143900916e-01 -1.992255505444318064e-01
5.241300000000000000e+04 8.554909720384620275e-01 -1.583380576748611157e-01
5.241400000000000000e+04 9.453537438362636935e-01 -5.171881124733156837e-02
5.247000000000000000e+04 8.722241046848623336e-01 -1.603386407778993605e-01
5.247100000000000000e+04 9.468818144677454418e-01 3.778582834521487799e-02
5.247700000000000000e+04 8.804800568563191376e-01 -2.034155903920113195e-01
5.250000000000000000e+04 9.801258344450416438e-01 -7.940748181272180850e-02
5.250100000000000000e+04 9.487840743894995210e-01 -1.279755059106221782e-01
5.250200000000000000e+04 1.061159889144934976e+00 -7.141177938502089872e-02
5.250300000000000000e+04 9.345510034888079298e-01 -7.010358681951493753e-02
5.252600000000000000e+04 9.580067180634342927e-01 4.359347971780001135e-02
5.253300000000000000e+04 9.724023071187841705e-01 -1.808134638459180654e-01
5.253400000000000000e+04 9.894895654378662586e-01 -7.322628745093257008e-02
5.253500000000000000e+04 9.265043358042480692e-01 -1.741719455505357228e-01
5.253600000000000000e+04 8.629212729029654971e-01 -1.635511930324723764e-02
5.253700000000000000e+04 9.293848094728448528e-01 1.664941467247314441e-02
5.255000000000000000e+04 8.540121996340621635e-01 -9.456538663855255933e-02
5.255100000000000000e+04 1.158804414693566764e+00 -1.006453325374715713e-01
5.255800000000000000e+04 8.729935538387602056e-01 7.122386799850508043e-02
5.255900000000000000e+04 8.871548692389975566e-01 1.799265345784814563e-02
5.256000000000000000e+04 9.946275072564265685e-01 -9.208508440322363264e-02
5.256100000000000000e+04 8.626613059846057752e-01 -4.392851219747453267e-02
5.256200000000000000e+04 9.787452041339241848e-01 -1.474897187437476491e-02
5.257700000000000000e+04 8.734441395573824263e-01 -7.421897855558487467e-02
5.258300000000000000e+04 9.229555628497331243e-01 -1.138997896856117631e-01
5.258400000000000000e+04 8.784343956697642231e-01 -5.908153813663921672e-02
5.258600000000000000e+04 1.015724824664792303e+00 -2.987960311674386568e-02
5.258700000000000000e+04 9.452091128786086482e-01 -1.099473192488506640e-01
5.258800000000000000e+04 9.880044723472711787e-01 -3.259563500611078329e-02
5.260300000000000000e+04 9.416044610816575178e-01 5.495628372830119873e-02
5.260800000000000000e+04 8.927190790615625593e-01 -7.718850054781041525e-02
5.261000000000000000e+04 8.987359080699456326e-01 -7.769214769379541308e-02
5.261100000000000000e+04 9.358882939070695128e-01 -3.301813442857298025e-02
5.261200000000000000e+04 9.502512194771626231e-01 -1.020304414844101434e-02
5.261300000000000000e+04 1.025604218469242657e+00 5.676106198219774829e-02
5.263400000000000000e+04 8.869471550407815874e-01 -3.179732928243333978e-02
5.263500000000000000e+04 9.811325377034101347e-01 2.612749789298382183e-02
5.263600000000000000e+04 1.052266912226836659e+00 1.211324656277014584e-02
5.263700000000000000e+04 8.908507882578849957e-01 4.749218573910765628e-02
5.263800000000000000e+04 1.009850952768213572e+00 -3.461682651033699820e-02
5.265300000000000000e+04 9.704382150173405108e-01 -8.563257258560627583e-02
5.265900000000000000e+04 9.242927767164359487e-01 -4.173799221774785601e-02
5.266000000000000000e+04 9.684289628270249528e-01 -8.904599974733885814e-02
5.266100000000000000e+04 9.756864615739179181e-01 -5.278775900283044775e-02
5.266200000000000000e+04 9.566811783440746231e-01 -1.282360135123791767e-01
5.266500000000000000e+04 1.010202754766261979e+00 -3.648947581551679337e-02
5.270300000000000000e+04 1.050061681108368727e+00 -5.928255514525690439e-02
