3.446700000000000000e+04 1.040963346536299294e+00 1.290388238621872352e-01
3.446800000000000000e+04 1.091074941769725859e+00 9.598350953483384546e-03
3.446900000000000000e+04 1.002043607656718072e+00 8.124627512929971651e-02
3.447000000000000000e+04 1.007610909315444836e+00 1.075086653519147228e-01
3.447100000000000000e+04 9.775264696401116948e-01 -3.321016227733896570e-02
3.447300000000000000e+04 1.002271556404754183e+00 8.330817986173534584e-02
3.447400000000000000e+04 9.816058212536931116e-01 -8.290163238545242286e-02
3.447500000000000000e+04 1.149398366212389666e+00 -2.234004924829969489e-03
3.447600000000000000e+04 1.052311414474053963e+00 1.905627810663837463e-02
3.447700000000000000e+04 1.120804530326561910e+00 6.267987581104372818e-02
3.448900000000000000e+04 1.021032837481213429e+00 -7.753021299961027069e-05
3.449000000000000000e+04 1.049121022019391836e+00 8.515507885100226382e-02
3.449100000000000000e+04 9.645207328582239281e-01 1.022889271969387032e-01
3.449200000000000000e+04 9.784106752345594904e-01 -6.537716610737993872e-03
3.449300000000000000e+04 1.044073245472564082e+00 2.711141277463290783e-02
3.449400000000000000e+04 1.069748143602972767e+00 7.977749509171888631e-02
3.449500000000000000e+04 1.005555013967050604e+00 2.707215543432710519e-03
3.449600000000000000e+04 9.964233520023868529e-01 -4.832731236665674390e-02
3.449700000000000000e+04 9.443288768159053825e-01 2.264164873573305467e-02
3.449800000000000000e+04 1.075528470528430036e+00 1.038289215592888420e-01
3.449900000000000000e+04 1.066444885141780707e+00 1.442682419232920073e-02
3.450000000000000000e+04 1.048315717983573814e+00 9.547731575856532871e-02
3.450900000000000000e+04 1.057679399212148708e+00 1.016491450922474699e-01
3.451000000000000000e+04 1.166845521194954660e+00 -2.846481263045455741e-03
3.451100000000000000e+04 1.104735642697467046e+00 8.982385841469046200e-03
3.451200000000000000e+04 9.916685196848269435e-01 7.694668004975178943e-02
3.451300000000000000e+04 1.013071843392125304e+00 -1.395180246916109985e-02
3.451500000000000000e+04 1.182671420807702045e+00 -1.537208306740155649e-02
3.451600000000000000e+04 1.089734249061461435e+00 5.267082114229219153e-02
3.451700000000000000e+04 1.165322806355036933e+00 -9.688085276021963024e-03
3.455000000000000000e+04 6.639948783511959718e-01 4.641930489142277044e-02
3.455500000000000000e+04 9.251646939622832910e-01 1.856821367611050377e-01
3.461000000000000000e+04 1.042885047180860836e+00 6.558616914223651395e-02
3.461100000000000000e+04 1.052899365322397474e+00 1.430864704384754160e-01
3.462200000000000000e+04 9.474672775320381879e-01 3.877556650658792875e-02
3.478500000000000000e+04 8.833006750643054295e-01 7.979411064846782253e-02
3.478600000000000000e+04 9.530390353323097141e-01 4.789736503289527408e-03
3.479600000000000000e+04 1.112291968622777460e+00 1.311178630664210643e-01
3.479700000000000000e+04 1.127412127203803793e+00 5.643999233429858797e-05
3.479800000000000000e+04 1.075646976172823566e+00 1.583484210775082043e-02
3.480000000000000000e+04 1.068894019410897789e+00 -1.709242255584314052e-03
3.480100000000000000e+04 1.047072568543254922e+00 2.348809412249475495e-02
3.480200000000000000e+04 1.081821132639298577e+00 7.725913246487133013e-02
3.480300000000000000e+04 1.010295503489202051e+00 3.565807020300846425e-02
3.480400000000000000e+04 1.051165461312769667e+00 -3.049903160590133541e-02
3.481100000000000000e+04 9.739224060218363288e-01 5.204153181142891910e-03
3.485000000000000000e+04 1.171475656245999364e+00 -5.802351355126941779e-02
3.485100000000000000e+04 1.163946411022270810e+00 7.573608323356513516e-02
3.485200000000000000e+04 1.190233755301310703e+00 -2.477985313884494348e-02
3.485400000000000000e+04 1.111922328540346783e+00 -5.640188191835635023e-02
3.485500000000000000e+04 1.260979538916774390e+00 4.288740910215543649e-03
3.485600000000000000e+04 1.177572430427413774e+00 5.260816833310023172e-02
3.485700000000000000e+04 1.177237404458801429e+00 -5.629068831496110772e-03
3.485800000000000000e+04 1.003709426032547869e+00 -3.348130887034406200e-02
3.485900000000000000e+04 1.097901568932404093e+00 -3.095665608997888799e-02
3.486000000000000000e+04 1.042870075770663263e+00 -6.503432854015996079e-02
3.486100000000000000e+04 1.029801156687847108e+00 -6.549324349675332557e-02
3.486200000000000000e+04 1.199397373871148975e+00 4.592320440484551347e-02
3.486300000000000000e+04 1.195324524695645652e+00 4.614184559705795247e-02
3.487400000000000000e+04 1.034380151789053404e+00 2.014344026651723046e-02
3.487600000000000000e+04 1.011156525652546545e+00 1.364682375776835564e-02
3.487700000000000000e+04 1.025608068408592422e+00 -4.147840737071380179e-02
3.487900000000000000e+04 1.047937243395614892e+00 3.424500978611957208e-02
3.488000000000000000e+04 1.054445772687434557e+00 1.916606853378073974e-02
3.488100000000000000e+04 1.068253258331450128e+00 -9.301138165014365480e-03
3.488200000000000000e+04 1.032494775109737084e+00 -5.618357076321335575e-02
3.488300000000000000e+04 1.052314180590772974e+00 6.029098472063847830e-02
3.488400000000000000e+04 9.168595832636391441e-01 -3.178540479161678749e-03
3.488500000000000000e+04 9.553582020184100410e-01 -1.663198786945719806e-02
3.488600000000000000e+04 9.783041414620731180e-01 3.111520612707301126e-02
3.488700000000000000e+04 1.037719758915680357e+00 4.891521708104044908e-02
3.488800000000000000e+04 1.152056002914244814e+00 2.510870781584395930e-02
3.488900000000000000e+04 1.052525132897833782e+00 4.929587028989532160e-02
3.490100000000000000e+04 1.141444185850929438e+00 4.727874013142108200e-02
3.490200000000000000e+04 1.049180130095798136e+00 4.890325462433407766e-02
3.490300000000000000e+04 1.051015838692694881e+00 7.333160260401994091e-02
3.490400000000000000e+04 1.104178701706914678e+00 1.127847233404958016e-01
3.490500000000000000e+04 1.087927004960852262e+00 -1.024213799571086631e-02
3.490600000000000000e+04 9.639615472403393337e-01 7.962158817197682870e-02
3.490700000000000000e+04 1.036157116640704645e+00 5.519845572998189481e-02
3.490800000000000000e+04 1.029387151145932489e+00 1.772496920940372714e-03
3.490900000000000000e+04 1.014439727578547501e+00 7.737347908384481499e-02
3.491000000000000000e+04 9.679282482474352856e-01 -4.279813105507100646e-02
3.491100000000000000e+04 1.053288730713315635e+00 -3.475768064416112635e-02
3.491200000000000000e+04 1.066057924837055859e+00 1.671765487983924072e-03
3.491300000000000000e+04 9.903524559111436254e-01 -1.547304157713821904e-02
3.491400000000000000e+04 1.105076499839175108e+00 4.949284099671785037e-02
3.491500000000000000e+04 9.646298443369210052e-01 7.743370991025905203e-02
3.491600000000000000e+04 1.079221996533665129e+00 1.249615316189572715e-02
3.492800000000000000e+04 1.070523452216380456e+00 -5.755490816804752566e-03
3.492900000000000000e+04 1.052513013852951707e+00 1.876670780444464250e-05
3.493000000000000000e+04 1.066530918927492966e+00 4.536805036933407032e-02
3.493100000000000000e+04 1.020974509300071720e+00 8.454534034111889362e-02
3.493200000000000000e+04 1.051077116636687903e+00 2.988689622953137268e-02
3.493300000000000000e+04 1.087240561319328336e+00 3.196129752648313449e-02
3.493400000000000000e+04 9.608742475985176945e-01 -1.468582434243577949e-02
3.493500000000000000e+04 1.033291250699011954e+00 2.857427310268517706e-02
3.493600000000000000e+04 9.977739011673315561e-01 2.650844266357979540e-02
3.493700000000000000e+04 1.032525851741974643e+00 8.624406843956372581e-02
3.493800000000000000e+04 1.009841450535810203e+00 3.310756389983568471e-02
3.495500000000000000e+04 1.095830513989365373e+00 -7.068475220773031212e-03
3.495600000000000000e+04 1.004674236752295391e+00 4.073640602650054066e-02
3.495700000000000000e+04 1.071968864953894540e+00 5.484943622191347512e-02
3.495900000000000000e+04 1.057187695736305555e+00 3.593483156724480015e-02
3.496000000000000000e+04 9.974837905682656380e-01 3.169360338287160322e-02
3.496100000000000000e+04 1.040680494793654320e+00 5.133412638465149891e-02
3.496200000000000000e+04 1.041274460701237192e+00 -2.440126997446607701e-02
3.496300000000000000e+04 1.072455596133262468e+00 -3.686194910712931126e-03
3.496400000000000000e+04 9.866319585301103201e-01 3.426032154962932973e-03
3.496500000000000000e+04 1.024101443161650415e+00 -4.805332967234181990e-02
3.496700000000000000e+04 9.563395043083803282e-01 5.173999974850475303e-02
3.498100000000000000e+04 1.179269647474233906e+00 3.984379777986461085e-04
3.498200000000000000e+04 1.053076270904123257e+00 -9.748553948535599104e-03
3.498300000000000000e+04 1.058514174008599706e+00 -6.628351403803930952e-02
3.498400000000000000e+04 1.101637672619115715e+00 6.741215923802244825e-04
3.498500000000000000e+04 1.126597678175570882e+00 -2.246393684323395867e-02
3.498600000000000000e+04 1.098229350370168556e+00 7.053337465464544487e-02
3.498800000000000000e+04 1.039301854844717266e+00 -1.578158117909621294e-02
3.498900000000000000e+04 1.037750859812897497e+00 -9.390576553183320463e-02
3.499000000000000000e+04 9.944256445661361354e-01 -4.173256984289331478e-02
3.499100000000000000e+04 1.000586392793103130e+00 7.893356265829284957e-02
3.499200000000000000e+04 1.045860743854376773e+00 3.589648652238391219e-02
3.500500000000000000e+04 1.098024121250122498e+00 -3.312123795684770305e-02
3.500600000000000000e+04 1.079746409707958099e+00 -1.078148941584566693e-02
3.500700000000000000e+04 1.005686351545687529e+00 1.806654832391166657e-02
3.500800000000000000e+04 1.151193007942754587e+00 4.110443610991609820e-02
3.500900000000000000e+04 1.048001042739403754e+00 2.436342842213784152e-02
3.501000000000000000e+04 1.110066225680790719e+00 5.807493549589341775e-02
3.501100000000000000e+04 1.062302169550638054e+00 -2.772642894435602828e-02
3.501200000000000000e+04 1.062355412398122034e+00 -4.866252915472182167e-03
3.501300000000000000e+04 1.051782649068014663e+00 -1.854143412817287756e-02
3.501400000000000000e+04 9.719313949194203772e-01 -4.070146958597972014e-02
3.501500000000000000e+04 1.012715854635894530e+00 -4.103183545142953526e-02
3.501600000000000000e+04 1.030417770612031214e+00 -3.093515741344168152e-02
3.505000000000000000e+04 1.084243751496367425e+00 -1.671921573051192433e-02
3.505100000000000000e+04 9.098062826977062478e-01 1.094445367151003837e-02
3.505200000000000000e+04 9.802337933493926458e-01 3.599022258950831249e-02
3.505300000000000000e+04 1.016607348226522767e+00 2.257465951170844684e-02
3.505400000000000000e+04 1.072393349547385855e+00 5.229622988060136923e-02
3.505800000000000000e+04 9.886103055603189249e-01 7.586074425940729678e-03
3.505900000000000000e+04 9.230265150513484729e-01 -5.154879695095296310e-02
3.506000000000000000e+04 1.181233852749222102e+00 1.675952498953130199e-03
3.506100000000000000e+04 9.601666618930135844e-01 2.312363229867631098e-02
3.506200000000000000e+04 1.000533945565754257e+00 2.046667963583872693e-02
3.509900000000000000e+04 9.442492191950299096e-01 3.511139444534144838e-02
3.510000000000000000e+04 9.426597373211640374e-01 -2.081427772969281567e-02
3.510200000000000000e+04 8.514582107443081638e-01 1.766497202197843119e-01
3.510300000000000000e+04 8.051538997751764848e-01 -3.965160603852583079e-03
3.510600000000000000e+04 9.284646769342834727e-01 -3.959883370192287394e-03
3.522500000000000000e+04 9.301166657066624044e-01 -7.834078307630491789e-02
3.523100000000000000e+04 7.984869736447652855e-01 2.454953988710508947e-02
3.523200000000000000e+04 9.423183221215041261e-01 2.451176845710727192e-02
3.523300000000000000e+04 9.651458573923616946e-01 8.500592899918396617e-02
3.523400000000000000e+04 1.035586582902483732e+00 1.587117710828891137e-01
3.525200000000000000e+04 1.047518089024606303e+00 1.799405302406145019e-02
3.525400000000000000e+04 1.105030684344933567e+00 8.463291838130485023e-02
3.525900000000000000e+04 1.024310963060478974e+00 1.766458338552480967e-01
3.537900000000000000e+04 9.363764995177086270e-01 -4.617058531523871023e-02
3.538300000000000000e+04 9.151389095659616668e-01 1.165282803451903743e-02
3.539700000000000000e+04 8.799860251545780221e-01 7.438038290458082180e-03
3.539800000000000000e+04 1.021891911356900495e+00 6.900185055439289616e-02
3.539900000000000000e+04 8.949488422723969050e-01 8.689390773200188212e-02
3.540800000000000000e+04 9.422701939656719095e-01 1.099288738972313828e-01
3.542900000000000000e+04 9.088147513593357596e-01 6.542960313880252787e-02
3.543000000000000000e+04 9.663378951078223089e-01 8.719016252600773204e-03
3.543100000000000000e+04 9.136247036057640880e-01 3.866571798224052465e-03
3.543200000000000000e+04 8.660064282419926984e-01 -1.985049155699735932e-02
3.543300000000000000e+04 7.804774521383378572e-01 6.766752049272052594e-02
3.543400000000000000e+04 1.057208640545659772e+00 1.436637939555204975e-02
3.543500000000000000e+04 1.102812530686965165e+00 1.221489585927511556e-01
3.543600000000000000e+04 1.034132755960531336e+00 -2.070473335956534572e-02
3.543700000000000000e+04 9.584805196082459844e-01 6.028276512334683479e-02
3.544500000000000000e+04 9.859952317902457297e-01 -4.594016126674670131e-02
3.551800000000000000e+04 9.033799399090132187e-01 3.317418764910707446e-02
3.551900000000000000e+04 9.118623335196870405e-01 -1.110733314432645336e-01
3.554600000000000000e+04 1.003586783494461621e+00 -7.146289917807545355e-02
3.554700000000000000e+04 9.991452229254982331e-01 -4.590219399486093754e-02
3.554900000000000000e+04 1.067266964243442695e+00 -2.217168888178142408e-02
3.555000000000000000e+04 1.054757036778942503e+00 7.657081357714723424e-02
3.555100000000000000e+04 1.004421680948488493e+00 8.164048586940215319e-03
3.555200000000000000e+04 1.002397216539619329e+00 4.394341826494142095e-02
3.555300000000000000e+04 9.970633398151782512e-01 8.499594897410008010e-02
3.555400000000000000e+04 7.995073332883882999e-01 1.409406057429978543e-01
3.555600000000000000e+04 8.452296102156705571e-01 5.122507016130663920e-02
3.555700000000000000e+04 6.767840440261561064e-01 7.848682419641175856e-02
3.560800000000000000e+04 1.324377312414586338e+00 -7.336937773109074301e-02
3.560900000000000000e+04 1.064952076315292206e+00 2.762721170212411106e-02
3.561000000000000000e+04 1.006283231709465875e+00 -4.443065475802239483e-02
3.561100000000000000e+04 9.569888613646799769e-01 5.016872821731700044e-02
3.561300000000000000e+04 7.451490983394173373e-01 7.660869851570907552e-02
3.569100000000000000e+04 9.162100279176929041e-01 1.038405022858518954e-02
3.569200000000000000e+04 9.090419220436747327e-01 2.713739781966962791e-02
3.569300000000000000e+04 9.242070342020509699e-01 1.018783014941924137e-01
3.569400000000000000e+04 9.109007579868582116e-01 8.465659506002085055e-02
3.584300000000000000e+04 7.755584068608454285e-01 1.803194160250041200e-01
3.584400000000000000e+04 9.073346152553661836e-01 1.567354388433508938e-01
3.584500000000000000e+04 8.663235810979015294e-01 5.836791459084554601e-02
3.584600000000000000e+04 6.816925760388028444e-01 -7.979068099488574595e-02
3.585500000000000000e+04 8.407614528423170697e-01 1.484836791167217507e-01
3.585600000000000000e+04 8.347891841546694058e-01 9.536584399002702439e-02
