1.001750000000000000e+05 1.072921846244773159e+00 -8.261949105435935359e-03
1.002140000000000000e+05 9.196927620548925875e-01 -2.713633406859456733e-03
1.002170000000000000e+05 9.546144624001815515e-01 -1.944414734878989037e-03
1.002180000000000000e+05 1.032530873839030860e+00 -1.349354633183846019e-01
1.002190000000000000e+05 9.236571099441993615e-01 -5.130936572821722524e-02
1.002200000000000000e+05 1.133958837203245640e+00 1.406107297820790962e-02
1.002210000000000000e+05 1.052360955453210734e+00 1.033575318297086099e-01
1.002490000000000000e+05 9.166752258508703566e-01 9.553644848825241023e-03
1.002500000000000000e+05 1.165543551667623356e+00 5.937085303882224524e-02
1.002620000000000000e+05 9.666206553545316771e-01 -7.798912268036907458e-02
1.002640000000000000e+05 9.581947754747229817e-01 1.567378604468865066e-01
1.002650000000000000e+05 1.138960879375569890e+00 6.823175563469620342e-02
1.002670000000000000e+05 1.075475997828189145e+00 7.474357132508364573e-03
1.002690000000000000e+05 1.001861541949206735e+00 1.218309312574414674e-02
1.002890000000000000e+05 9.061482098174321598e-01 2.047402031949377768e-02
1.002900000000000000e+05 1.007670064725863845e+00 2.831706160337115266e-02
1.002910000000000000e+05 9.743702461779550905e-01 2.986540197856769538e-02
1.002920000000000000e+05 8.841340903522042494e-01 -9.514450948364829019e-02
1.002940000000000000e+05 8.533798071739570057e-01 -7.633120797637195365e-02
1.002950000000000000e+05 9.565946953489773419e-01 5.091141181705265140e-02
1.002980000000000000e+05 8.788801301050460646e-01 2.233968810199337199e-02
1.002990000000000000e+05 8.101811239335371395e-01 1.411676980170804320e-02
1.003000000000000000e+05 9.580795383599463033e-01 3.705435538619594737e-02
1.003170000000000000e+05 1.024439935555408576e+00 -1.648958736961827348e-02
1.003180000000000000e+05 1.102110412560364683e+00 1.050809200925996965e-02
1.003190000000000000e+05 1.069643357190793953e+00 1.628440235295938385e-02
1.003200000000000000e+05 9.132616543348887062e-01 -1.253855590964285949e-01
1.003210000000000000e+05 8.837939584579329599e-01 -9.735793065484987796e-02
1.003220000000000000e+05 8.535508528809847562e-01 -2.753139718422063439e-02
1.003230000000000000e+05 1.072443868548325296e+00 4.625904610616030088e-02
1.003240000000000000e+05 9.893294498141590454e-01 3.172045584653461481e-02
1.003260000000000000e+05 9.275069676370231164e-01 -4.107418119247700089e-02
1.003270000000000000e+05 8.851332322281981746e-01 -3.012570341203647112e-02
1.003440000000000000e+05 1.122500979471564797e+00 4.121110956838292677e-02
1.003470000000000000e+05 1.010088383612463891e+00 5.434185850809802876e-02
1.003480000000000000e+05 1.026901243457372326e+00 -1.143909334186150040e-01
1.003510000000000000e+05 1.249970156765588092e+00 5.322281913899051808e-03
1.003520000000000000e+05 8.937434811810763824e-01 -6.153303963937333670e-02
1.003530000000000000e+05 9.242339629430929016e-01 -3.435665353601435879e-02
1.003540000000000000e+05 9.208517505308672080e-01 3.584280407279809288e-03
1.003550000000000000e+05 8.871984800868488730e-01 5.622807191989007830e-02
1.003560000000000000e+05 9.941864291353252892e-01 -5.394061607506971112e-02
1.003570000000000000e+05 8.951383332493986211e-01 4.440195223699816562e-02
1.004130000000000000e+05 1.104355457450890032e+00 3.808617150728659667e-02
1.004210000000000000e+05 8.990540259455072070e-01 -6.105231411303782552e-02
1.004250000000000000e+05 9.254579779847555976e-01 -6.270006285664940504e-02
1.004260000000000000e+05 8.144141003253062561e-01 -9.267940004593151933e-05
1.004380000000000000e+05 9.896063965192157807e-01 -4.534570065469228917e-02
1.004390000000000000e+05 9.898223219253302618e-01 -1.966696699728513742e-02
1.004400000000000000e+05 1.121105067082619700e+00 8.022406142375901328e-02
1.004410000000000000e+05 9.271778338479957915e-01 -6.610481353502473123e-02
1.004420000000000000e+05 9.570781437959015037e-01 -5.294436614192705309e-02
1.004430000000000000e+05 1.004546737083043650e+00 -1.431907655240557964e-01
1.004440000000000000e+05 1.105303463551250198e+00 7.386094295199067961e-02
1.004450000000000000e+05 1.062854278891130599e+00 1.490392469295661881e-01
1.004480000000000000e+05 1.187084197365485316e+00 6.025007479570711200e-02
1.004490000000000000e+05 9.985492517861395134e-01 -6.343193990392431703e-02
1.004500000000000000e+05 9.791112665917589553e-01 -1.720752507960428626e-02
1.004510000000000000e+05 1.005959184744758872e+00 9.757690388976732188e-02
1.004530000000000000e+05 9.186191921949636852e-01 1.658259161325917330e-02
1.004540000000000000e+05 8.253042214636681084e-01 7.945197600973492869e-02
1.004680000000000000e+05 1.179602160643529629e+00 6.285423153217409298e-02
1.004710000000000000e+05 1.114172279342721783e+00 -1.415167593640762750e-02
1.004740000000000000e+05 9.641379545983147503e-01 6.840291035270661471e-03
1.004780000000000000e+05 8.681385733524198400e-01 -1.322512271852606114e-01
1.004790000000000000e+05 9.319591127734795366e-01 -1.975056361295081109e-01
1.005430000000000000e+05 9.349342772024243908e-01 -9.340062304412995176e-02
1.005530000000000000e+05 7.939643557037329158e-01 -6.129168106214315931e-02
1.005630000000000000e+05 8.574443888723182194e-01 6.457703542091855486e-02
1.005640000000000000e+05 1.038193832734355837e+00 -6.119650132078835458e-02
1.005690000000000000e+05 1.063535575218249818e+00 -2.390834487699259117e-02
1.005700000000000000e+05 1.060488728134733938e+00 -5.971311871684804179e-02
1.005710000000000000e+05 1.018544770357004747e+00 -8.190801807721000138e-02
1.005730000000000000e+05 9.321220382153873052e-01 -2.200294738948654905e-02
1.005740000000000000e+05 8.444394635805552163e-01 -1.071613747486558216e-01
1.009030000000000000e+05 1.005975171260308665e+00 1.318952324380128494e-01
1.009040000000000000e+05 9.999065237292372732e-01 5.179485276144388944e-02
1.009050000000000000e+05 1.294816957790300815e+00 1.155056374522025198e-01
1.009060000000000000e+05 1.090019145240880061e+00 3.180518944234553280e-02
1.009070000000000000e+05 1.153380827774065365e+00 8.845329573067582662e-02
1.009790000000000000e+05 1.069039852139775482e+00 3.572613178456946620e-02
1.009800000000000000e+05 1.045186635499107064e+00 -1.892683553503001284e-02
1.009810000000000000e+05 1.108427577168702660e+00 7.762344447562077865e-02
1.009820000000000000e+05 1.090759718605324391e+00 -2.724612463515220170e-02
1.009830000000000000e+05 1.096849286761612641e+00 1.207961976765889456e-01
1.009840000000000000e+05 1.072063635041303531e+00 1.519066741230762907e-01
1.009850000000000000e+05 1.142250312960552572e+00 3.902393392846011111e-02
1.010090000000000000e+05 9.823960391448216534e-01 5.302777175065224308e-02
1.010100000000000000e+05 1.059778921373336846e+00 9.904774458727635955e-02
1.010110000000000000e+05 1.234202152619738646e+00 3.074433545595734937e-02
1.010130000000000000e+05 1.022420639957700939e+00 1.855107390608162210e-01
1.010290000000000000e+05 9.481526671435390741e-01 1.147339239487650403e-01
1.010300000000000000e+05 9.487085321241546243e-01 9.107261150321716014e-02
1.010310000000000000e+05 9.305751424373305269e-01 3.295577139238071995e-02
1.010380000000000000e+05 1.055960620014533724e+00 1.470196236647717813e-01
1.010390000000000000e+05 1.084626912577866475e+00 1.097807160730420173e-01
1.010450000000000000e+05 9.576544317563530084e-01 2.022596143827386506e-01
1.010460000000000000e+05 1.078441836694860489e+00 1.085602792496120628e-01
1.010620000000000000e+05 1.035552879249795888e+00 1.266685590707818942e-01
1.010630000000000000e+05 8.519394575245717860e-01 2.170586137435296173e-02
1.010650000000000000e+05 1.022033168595409602e+00 9.134959108090306978e-02
1.010660000000000000e+05 9.613097454838143152e-01 1.014741501738340435e-01
1.010670000000000000e+05 9.410972025616283210e-01 1.252497694690964392e-01
1.010680000000000000e+05 8.757634197390029573e-01 2.125484993964088798e-01
1.010690000000000000e+05 9.424298496392231606e-01 1.748656364799273943e-01
1.010700000000000000e+05 1.014339812295839360e+00 1.848490583129932807e-01
1.010950000000000000e+05 9.633102502833773562e-01 1.155008149623621416e-01
1.010970000000000000e+05 8.635575947207074776e-01 2.833544103732245356e-02
1.011000000000000000e+05 1.088017986149425020e+00 8.863957288612711594e-02
1.011010000000000000e+05 1.124443130557641002e+00 9.922888035354299197e-02
1.011020000000000000e+05 1.068240302035806666e+00 1.638794975843302082e-01
1.011040000000000000e+05 1.047448867412711149e+00 1.634140780300942786e-01
1.011050000000000000e+05 9.701153716968018426e-01 7.459416719708218679e-02
1.011060000000000000e+05 1.008813565512934218e+00 1.560788669978693533e-01
1.011280000000000000e+05 9.900676683478195628e-01 3.454472042359234968e-02
1.011290000000000000e+05 9.737879729718230681e-01 1.757989748479119874e-01
1.011310000000000000e+05 9.086824556957618926e-01 1.274654152542304408e-01
1.011320000000000000e+05 1.027672978697411921e+00 1.000213440047782176e-01
1.011330000000000000e+05 9.452698377506214555e-01 1.050162645466049122e-01
1.011340000000000000e+05 1.025697358056967712e+00 2.012393672637129149e-01
1.011410000000000000e+05 9.145466933270969268e-01 1.550853911944717334e-01
1.011570000000000000e+05 1.008374089529287865e+00 7.103296231605910060e-02
1.011580000000000000e+05 1.180914251216056865e+00 1.354611254526032760e-01
1.011610000000000000e+05 1.058471223091980162e+00 1.174463321233112506e-01
1.011620000000000000e+05 1.051152672799836152e+00 2.893547029428019529e-02
1.011630000000000000e+05 9.456751342986227105e-01 1.221854448363020040e-01
1.011640000000000000e+05 9.532977770216500835e-01 8.387208370454064810e-02
1.011650000000000000e+05 9.802085902706256793e-01 1.054564085270330437e-01
1.011660000000000000e+05 9.378830312009325265e-01 -3.699772458780094253e-02
1.011670000000000000e+05 1.003271199890592991e+00 -5.216942969716356626e-02
1.011680000000000000e+05 1.026348986122849416e+00 5.731420795974839083e-02
1.011690000000000000e+05 9.644118528306881988e-01 9.408704539657079813e-02
1.011700000000000000e+05 9.221390727158076395e-01 1.205453495639861455e-01
1.011710000000000000e+05 8.841430977053608142e-01 1.038648146860693539e-01
1.012400000000000000e+05 9.448562141409517778e-01 8.891211221108465124e-02
1.012410000000000000e+05 9.993280407302354007e-01 1.664440583720726285e-01
1.012420000000000000e+05 9.104574012449080378e-01 2.068293092636110941e-01
1.012570000000000000e+05 1.061879500665335430e+00 3.665274818942058921e-02
1.012580000000000000e+05 1.078859729493172548e+00 6.415212699614473990e-02
1.012590000000000000e+05 1.067959085658707563e+00 8.676605619418683440e-03
1.012600000000000000e+05 1.163719551049835710e+00 5.951942358263045962e-02
1.012610000000000000e+05 1.118672274131617961e+00 1.188408959972984957e-01
1.012620000000000000e+05 1.116520130916938358e+00 1.268978467835426005e-01
1.012630000000000000e+05 9.238782199265506145e-01 1.183496210725647063e-01
1.012650000000000000e+05 9.940216803844643678e-01 1.018083263022767776e-01
1.012660000000000000e+05 1.097140107647395002e+00 7.196364594424932426e-02
1.012690000000000000e+05 1.084055226072017986e+00 1.448991953967538604e-01
1.012880000000000000e+05 1.005948188386232456e+00 2.296787024901287069e-02
1.012890000000000000e+05 1.049144302329374279e+00 4.322564027536240222e-02
1.012900000000000000e+05 1.139280009450861275e+00 4.378874715727920641e-02
1.012910000000000000e+05 9.643575392604850638e-01 1.597180421839647646e-01
1.012920000000000000e+05 1.034474713245222555e+00 3.705864107023432857e-02
1.012930000000000000e+05 9.342412915804126916e-01 1.218102839024420014e-01
1.012970000000000000e+05 1.111706145439738114e+00 2.136957947742499503e-02
1.012980000000000000e+05 9.956508484435926398e-01 5.519243181757509803e-02
1.012990000000000000e+05 9.843953566844045877e-01 1.110122459521857008e-01
1.013000000000000000e+05 8.932684862327266995e-01 1.627960187307591622e-01
1.013160000000000000e+05 1.136908909086511876e+00 4.626640577701571222e-02
1.013170000000000000e+05 1.059604346984676315e+00 1.256797354728414126e-02
1.013180000000000000e+05 1.158808483159617264e+00 5.268725437205738077e-02
1.013190000000000000e+05 1.003039800714988328e+00 -1.035770876705713328e-02
1.013260000000000000e+05 9.941320608911388135e-01 1.348508413469960872e-02
1.013270000000000000e+05 1.016526468777298575e+00 6.818299315072491595e-02
1.013280000000000000e+05 1.118694307962467605e+00 1.251264449264800037e-02
1.013590000000000000e+05 9.067115382987029903e-01 4.308719494500148212e-02
1.013600000000000000e+05 8.635057266447371260e-01 1.369946977066645588e-01
1.013620000000000000e+05 9.576874676967285227e-01 1.309292986983892626e-01
1.014350000000000000e+05 1.040267436595597950e+00 1.893209687565013677e-01
1.014370000000000000e+05 1.034584318647789658e+00 1.203138063159568394e-01
1.014570000000000000e+05 9.346770445063944388e-01 1.705279583588683867e-01
1.014580000000000000e+05 9.943153649854264975e-01 1.307121684336839673e-01
1.014590000000000000e+05 9.651632410833085318e-01 6.095069093685465816e-02
1.014820000000000000e+05 1.006633922552658600e+00 7.209432742118674665e-03
1.014850000000000000e+05 9.454386115673460989e-01 9.070455794800125204e-02
1.014860000000000000e+05 9.919223950919177080e-01 6.020736704059099359e-02
1.015040000000000000e+05 1.037387873576745889e+00 1.115420582639550517e-01
1.015050000000000000e+05 1.055289893573542859e+00 1.134804630529209213e-01
1.015060000000000000e+05 1.078370186453716073e+00 1.593084751522522435e-01
1.015070000000000000e+05 1.054443618569521179e+00 1.729595039273736923e-01
1.015080000000000000e+05 1.018032407038011122e+00 1.154770902615397110e-01
1.015320000000000000e+05 9.155723536150702779e-01 1.147511945126870048e-01
1.017200000000000000e+05 9.921495045278079239e-01 9.146874824912301638e-02
1.017380000000000000e+05 1.022783035997386625e+00 1.022868390563480279e-01
1.017390000000000000e+05 1.020554146276985596e+00 1.433396568382645786e-01
1.017400000000000000e+05 1.002699120910353514e+00 8.064095866017517711e-02
1.017410000000000000e+05 1.068526563426645204e+00 1.762313112679082527e-01
1.018210000000000000e+05 8.007154898797191889e-01 2.686791499007459283e-01
1.018220000000000000e+05 8.325989793133273809e-01 2.318320481068573136e-01
1.018230000000000000e+05 8.036557127039594128e-01 4.488716146726253742e-01
1.018240000000000000e+05 9.528143837373390657e-01 2.729824022913777681e-01
1.018250000000000000e+05 8.976381400576712855e-01 4.899733298104045343e-01
1.018260000000000000e+05 8.461477670689896424e-01 3.042572391629597139e-01
1.018270000000000000e+05 9.750169747438853785e-01 2.209357118241833395e-01
1.019710000000000000e+05 1.016803463485529413e+00 1.191996733066193193e-02
1.019930000000000000e+05 8.800557113669629228e-01 2.288010141301845546e-01
1.019970000000000000e+05 9.728896546044726312e-01 1.288043759024729007e-01
1.020510000000000000e+05 8.715918166179861259e-01 2.238803998424439556e-01
1.020530000000000000e+05 9.282451972721605937e-01 1.624580317747473246e-01
1.021750000000000000e+05 1.059141592606207993e+00 4.936024989241059868e-02
1.021810000000000000e+05 1.081599546234799591e+00 4.533445367136899884e-02
