8.824800000000000000e+04 1.130786568278175253e+00 9.435166915326013981e-02
8.828400000000000000e+04 9.166161710447683353e-01 1.127023845990640372e-01
8.828600000000000000e+04 6.972174045360620687e-01 8.230968917244091410e-02
8.829100000000000000e+04 9.770573012311070116e-01 -4.268929712738233490e-02
8.829200000000000000e+04 9.514830954676642971e-01 2.372638742007161100e-02
8.829400000000000000e+04 1.062073092009447439e+00 -2.012510276396713982e-01
8.829700000000000000e+04 9.332588811688551367e-01 -1.074279244455242921e-01
8.830000000000000000e+04 1.055023702483662396e+00 -1.854317740493531194e-02
8.834000000000000000e+04 1.180821301568738324e+00 3.170644496259657913e-02
8.834100000000000000e+04 9.438457592367256455e-01 -6.881631820972353500e-03
8.835600000000000000e+04 1.031624572947064111e+00 1.232342676458284339e-02
8.892300000000000000e+04 9.073011766975100922e-01 1.528544071537562832e-01
8.892400000000000000e+04 1.109196407406433327e+00 1.234454632302784544e-01
8.892500000000000000e+04 1.024017242888066725e+00 8.089688865625926928e-02
8.892600000000000000e+04 9.646090262500766066e-01 8.418839664958932545e-03
8.894800000000000000e+04 9.437598839190695088e-01 1.741012736901180191e-01
8.895000000000000000e+04 7.223852418538989628e-01 -4.888227665109695641e-02
8.895100000000000000e+04 1.079639583960057880e+00 -7.533927383199403791e-03
8.897300000000000000e+04 9.727305892751059169e-01 7.935879123083339204e-02
8.898600000000000000e+04 8.871747787906431038e-01 1.214122360681798574e-01
8.928000000000000000e+04 6.075444707307925407e-01 -9.129119586524576946e-03
8.928100000000000000e+04 8.193760141420519671e-01 -1.473769750148304913e-01
8.928200000000000000e+04 1.105550578313848176e+00 -4.317377100063708728e-02
8.928500000000000000e+04 9.963494926432641119e-01 -3.630266410989291259e-02
8.928600000000000000e+04 9.147370689780233155e-01 -8.043827155945768026e-02
8.928700000000000000e+04 9.805897988328082793e-01 -4.926889755389830816e-03
8.929100000000000000e+04 1.129036074954842928e+00 7.425999347585807153e-02
8.929200000000000000e+04 1.026762864999896774e+00 3.733586066493564670e-02
8.929300000000000000e+04 1.070122867387422572e+00 -1.114561347970738879e-02
8.929400000000000000e+04 1.112372418929745255e+00 1.398013601170112682e-02
8.929500000000000000e+04 1.007255996663459108e+00 8.915460468999086147e-03
8.934800000000000000e+04 1.084275809490187426e+00 3.099731035809531049e-02
8.934900000000000000e+04 1.307501940100981752e+00 -4.557524480319368604e-02
8.935000000000000000e+04 1.028553435799145488e+00 4.504581446959814162e-02
8.935400000000000000e+04 1.392438467107164346e+00 1.972763463763161640e-01
8.936000000000000000e+04 1.144977157094415388e+00 7.154001668796132474e-02
8.936700000000000000e+04 1.087215252617688588e+00 2.808191310170356225e-02
8.939200000000000000e+04 9.977108991185890119e-01 -7.275723556979167561e-02
8.939800000000000000e+04 1.058376015928196079e+00 9.039632625422133749e-02
8.940000000000000000e+04 1.052950008831402329e+00 3.082043005124078267e-03
8.940300000000000000e+04 1.048873188836282999e+00 6.386609636849532867e-02
8.940500000000000000e+04 9.755109262609132914e-01 2.007539875426852805e-01
8.940700000000000000e+04 1.039563185522502264e+00 -2.685329840279820218e-02
8.940900000000000000e+04 9.372436323419415238e-01 6.879510438079501633e-02
8.942500000000000000e+04 9.580933849015245141e-01 -3.751870410350515578e-02
8.942600000000000000e+04 1.005118882236902600e+00 -1.107284124768657396e-01
8.942800000000000000e+04 9.730596833614095775e-01 -3.006272080457010609e-02
8.942900000000000000e+04 9.292531072442323792e-01 6.459844923869286805e-03
8.943200000000000000e+04 8.744235554590470416e-01 -2.445214589340985803e-02
8.943400000000000000e+04 7.532489527148192865e-01 -1.580598587791886833e-01
8.943700000000000000e+04 9.113798632239482611e-01 1.705995764138368981e-03
8.948700000000000000e+04 9.522219303647472266e-01 5.100800936174808980e-02
8.948900000000000000e+04 9.686612018972610150e-01 -1.812592457492074802e-02
8.949100000000000000e+04 9.248637107936240609e-01 1.352997891914663187e-01
8.949600000000000000e+04 9.347180273361217484e-01 8.416781547973994915e-02
8.949900000000000000e+04 9.436696916744283792e-01 1.033859505514355265e-01
8.950000000000000000e+04 8.938783869922872771e-01 9.845913141661705170e-02
8.950100000000000000e+04 1.016654580701885857e+00 5.506678329153834317e-02
8.950200000000000000e+04 8.430314755454132447e-01 1.593545266692447324e-02
8.950300000000000000e+04 8.922778887588096453e-01 3.606065636201319369e-02
8.950500000000000000e+04 8.557533944568691542e-01 5.968973509952175266e-02
8.950600000000000000e+04 9.179086286917360615e-01 1.281179968152693256e-02
8.952400000000000000e+04 9.747508409285174924e-01 1.109925390514158589e-01
8.953800000000000000e+04 1.088987214716654828e+00 -2.982357622429948445e-04
8.954400000000000000e+04 1.011861505619142454e+00 -6.644977724158490640e-02
8.954700000000000000e+04 9.718211634285621736e-01 2.641289183787520062e-02
8.955600000000000000e+04 1.031357810938080322e+00 6.739654745781244183e-02
8.955700000000000000e+04 1.091118115795124632e+00 -2.528325796054788598e-03
8.956000000000000000e+04 9.689851125171213830e-01 -1.476670530435418051e-02
8.956100000000000000e+04 9.604934258451711671e-01 1.230334468384969120e-02
8.956400000000000000e+04 9.054079249776648686e-01 3.706772890191039477e-02
8.956500000000000000e+04 5.753492604994958626e-01 -1.836032460232647767e-01
8.956800000000000000e+04 7.652875955864482105e-01 9.094839991970755932e-02
8.957700000000000000e+04 8.365648077927952952e-01 -4.345531636941969700e-02
8.958100000000000000e+04 8.418391553386871395e-01 -1.083229397433747854e-02
8.958600000000000000e+04 9.676973845601992696e-01 3.370892487450317249e-02
8.959000000000000000e+04 9.217065474924602819e-01 2.921230702181072322e-02
8.959700000000000000e+04 9.008691221793624360e-01 4.170038025759956885e-02
8.960200000000000000e+04 8.961746572143608480e-01 -2.252484259953703785e-02
8.960300000000000000e+04 9.865816227954894435e-01 2.604055005989646537e-02
8.960400000000000000e+04 1.165365714654518881e+00 7.176540334542379218e-02
8.960500000000000000e+04 1.080053867174814552e+00 5.961729583737044452e-02
8.968600000000000000e+04 9.380879379845128430e-01 -5.781719242295126765e-02
8.969200000000000000e+04 8.967336597524194763e-01 -3.988288814531230908e-02
8.973100000000000000e+04 8.213297445619206494e-01 -1.554623249657371975e-01
8.973200000000000000e+04 1.056301971359624892e+00 2.592233980085455886e-02
8.982800000000000000e+04 1.195110066138252991e+00 1.177399080852641472e-01
8.982900000000000000e+04 1.126091852192442566e+00 4.113563995571547366e-02
8.983000000000000000e+04 9.335999080868946365e-01 2.189168378690947020e-02
8.992500000000000000e+04 9.581565049825000457e-01 1.144617569046780386e-01
8.992600000000000000e+04 9.905908442268499536e-01 9.877903969061176126e-02
8.999700000000000000e+04 9.261979133751997439e-01 7.398276666067337207e-03
9.002300000000000000e+04 9.160207732475640352e-01 3.887430751942665824e-02
9.002500000000000000e+04 9.659106034317093137e-01 1.030874809537195430e-01
9.002600000000000000e+04 9.968735790804317265e-01 1.395202172100812842e-02
9.005100000000000000e+04 8.904838646015927894e-01 1.125804311609255315e-01
9.005200000000000000e+04 9.239840945332995492e-01 3.899210036898163867e-02
9.005300000000000000e+04 1.030791952837191161e+00 -1.814863940619368052e-02
9.005400000000000000e+04 1.044156331906263002e+00 1.243155289316345141e-02
9.005500000000000000e+04 1.028592183674250649e+00 -4.069331214868503882e-02
9.005600000000000000e+04 9.951810555707550909e-01 1.169479302310789531e-01
9.008400000000000000e+04 1.029535152542274901e+00 7.095433054328884048e-02
9.008500000000000000e+04 1.058697084938915900e+00 -5.791756763071131964e-02
9.008600000000000000e+04 9.676265397219512288e-01 1.025460055013818761e-01
9.008700000000000000e+04 1.075584590266260854e+00 -1.996568660641317994e-02
9.008800000000000000e+04 1.057005044388337422e+00 3.889702947514522835e-02
9.008900000000000000e+04 1.285494421847187763e+00 6.502742454563177621e-02
9.010800000000000000e+04 1.066621132344904410e+00 -7.169964405427978194e-02
9.012000000000000000e+04 1.094882888135950250e+00 -1.190302582133306170e-01
9.012100000000000000e+04 1.112042937906775331e+00 -7.390092522235032491e-02
9.012200000000000000e+04 1.070516351247448261e+00 -8.543486304361340433e-02
9.012300000000000000e+04 1.077310881689963029e+00 -8.061042437394784488e-02
9.012400000000000000e+04 1.026746327710724493e+00 -3.185742626303095237e-02
9.012500000000000000e+04 9.138406097656208704e-01 -1.498403124176068413e-01
9.012600000000000000e+04 1.121424184664128187e+00 -5.772876162902582792e-02
9.012700000000000000e+04 1.077110132161905209e+00 -2.501532644975873465e-02
9.014600000000000000e+04 1.007193037585693007e+00 3.348516523959350465e-03
9.015200000000000000e+04 1.071612964753346331e+00 6.387716688105106455e-02
9.016000000000000000e+04 1.100753210162644935e+00 -1.505027973198659781e-02
9.016500000000000000e+04 1.140103861658279039e+00 4.171171200809314222e-02
9.017200000000000000e+04 1.149734595452183372e+00 4.906416383055660357e-02
9.018300000000000000e+04 1.155775180675487901e+00 3.054764510035108335e-02
9.018900000000000000e+04 1.074985692760430434e+00 6.990051103290903511e-02
9.019500000000000000e+04 1.114544135535527447e+00 -3.792610733167848126e-03
9.020100000000000000e+04 1.009129090144891716e+00 -1.021849565641616900e-03
9.020200000000000000e+04 1.032080676473248859e+00 -1.536804923145548007e-01
9.021600000000000000e+04 9.963358757848105318e-01 -1.134182095310725183e-02
9.022000000000000000e+04 1.045984782564076454e+00 -6.095637586397330103e-03
9.022200000000000000e+04 9.966733849567720460e-01 8.068685309537708406e-02
9.022500000000000000e+04 1.259844951366164256e+00 -1.227941093567007924e-01
9.022700000000000000e+04 1.195044906004778529e+00 8.685139250854584381e-02
9.022900000000000000e+04 1.101441198615032979e+00 -6.251365023064577031e-02
9.023100000000000000e+04 1.105545363385457724e+00 9.141657158839944231e-02
9.023300000000000000e+04 1.201236396779929327e+00 -1.047372115121201208e-01
9.023500000000000000e+04 1.138126736464946998e+00 -8.429452925518796103e-02
9.023600000000000000e+04 1.226631226568271060e+00 9.249593640117668991e-02
9.023700000000000000e+04 1.234025158344763451e+00 1.149548905091450635e-01
9.023800000000000000e+04 1.095907850731341115e+00 1.372427130557109243e-01
9.026300000000000000e+04 1.066034561877618803e+00 -7.701699329967039154e-02
9.026400000000000000e+04 8.829214963721288001e-01 -4.510183278415890590e-02
9.026500000000000000e+04 1.083499973676182337e+00 -1.816230277737311549e-02
9.026600000000000000e+04 1.089429258197289530e+00 3.207731447528411155e-04
9.027100000000000000e+04 1.136111091289390584e+00 1.533018961865531202e-02
9.027300000000000000e+04 1.177462526185329095e+00 7.120040137842029160e-02
9.027400000000000000e+04 1.108567317107502115e+00 2.244422306088413033e-02
9.027800000000000000e+04 1.111745278247922686e+00 7.266576913092837042e-02
9.029700000000000000e+04 9.025356788841000233e-01 1.116283910449856337e-01
9.029800000000000000e+04 9.540082421871862728e-01 1.426425056661738688e-01
9.029900000000000000e+04 9.927381098827122718e-01 8.796269510210505405e-02
9.030500000000000000e+04 1.019694678039311464e+00 1.213430744765694874e-01
9.030600000000000000e+04 1.040963599206824464e+00 1.454547880022745432e-01
9.031500000000000000e+04 1.023892134850993729e+00 8.017971391142553195e-02
9.031600000000000000e+04 8.950918249170144447e-01 3.344178614424819784e-02
9.031700000000000000e+04 9.896285002408017339e-01 1.379758690723799641e-01
9.031800000000000000e+04 9.369141768983439977e-01 3.700095648652112351e-02
9.031900000000000000e+04 9.785921465106233175e-01 1.022112175078860458e-01
9.032000000000000000e+04 9.412174411956512055e-01 7.490368149034692946e-02
9.032100000000000000e+04 8.148952635548036838e-01 1.011108684403273783e-01
9.033700000000000000e+04 8.226106677765552266e-01 1.784486504372730376e-01
9.033800000000000000e+04 9.313199069379657358e-01 2.542891566658790348e-01
9.033900000000000000e+04 9.903057967342316914e-01 1.987951269191367831e-01
9.034000000000000000e+04 9.656346373505784175e-01 1.075023625448544989e-01
9.034200000000000000e+04 9.840201351570548871e-01 6.280547346613272845e-03
9.034300000000000000e+04 9.586506198708673043e-01 1.394007733546152872e-01
9.034400000000000000e+04 9.140488047823350781e-01 1.222997089395631148e-02
9.034500000000000000e+04 9.314318851576215419e-01 1.166645191498556361e-01
9.034600000000000000e+04 8.848585022168513614e-01 2.003942878134708505e-01
9.034700000000000000e+04 1.019825647237124988e+00 1.731013225203270958e-02
9.034800000000000000e+04 1.011384290926936602e+00 7.193674622792702034e-02
9.034900000000000000e+04 9.343215379891174344e-01 1.180370693095007528e-01
9.035000000000000000e+04 9.608664695607187500e-01 1.156589026522515939e-01
9.035100000000000000e+04 8.842361184182948586e-01 4.856466973244209784e-02
9.036700000000000000e+04 1.011829164705858819e+00 1.145932491575154949e-01
9.036800000000000000e+04 1.052321259752473370e+00 5.128777597541051003e-02
9.036900000000000000e+04 1.037850367256011097e+00 8.374155647231616706e-02
9.037000000000000000e+04 1.025035443947113656e+00 1.555038835767402761e-01
9.037100000000000000e+04 9.699386060775048168e-01 1.157272101039331508e-01
9.037200000000000000e+04 1.056168954279742556e+00 1.536545662978370808e-01
9.037300000000000000e+04 1.037368278661803034e+00 3.915265367462876511e-02
9.037400000000000000e+04 9.977850996556980601e-01 7.429037785090683577e-02
9.037500000000000000e+04 1.141775031585079869e+00 1.377875406772305633e-01
9.037600000000000000e+04 1.177025472135347028e+00 1.207324996896971814e-01
9.037700000000000000e+04 1.157951366991476938e+00 5.535061259577941928e-02
9.037800000000000000e+04 1.205657236732856408e+00 5.175824518176557615e-02
9.037900000000000000e+04 9.817679681960971294e-01 8.710029833634326535e-02
9.038100000000000000e+04 1.069371837058913810e+00 1.236793369436630236e-01
9.040200000000000000e+04 1.080480084886375147e+00 4.676185650906308777e-02
9.040300000000000000e+04 1.019041552429916786e+00 3.081762926793364665e-02
9.040400000000000000e+04 1.161065222342235081e+00 6.791222376455516296e-02
9.040600000000000000e+04 9.714566471962703398e-01 -1.477186931651662261e-01
9.040800000000000000e+04 1.174972218282706260e+00 1.068400832657667027e-01
9.040900000000000000e+04 1.006239670532156572e+00 2.102705544489663278e-02
9.041000000000000000e+04 9.980516169397323223e-01 6.499597047647634462e-02
9.041400000000000000e+04 1.044192374259498513e+00 5.496776412742979123e-02
9.042400000000000000e+04 8.477274539090670080e-01 -4.193235239094427608e-02
9.042500000000000000e+04 9.996555034961027708e-01 2.885132918954850731e-02
9.043000000000000000e+04 1.008762763018335562e+00 -2.403613626473955975e-02
9.043200000000000000e+04 9.683989113548098215e-01 -3.269190326066103748e-03
9.043300000000000000e+04 1.062857295316087525e+00 -6.860424144696765369e-02
9.043400000000000000e+04 1.002831037390647939e+00 -1.687754685603602353e-02
