3.363500000000000000e+04 1.100202230807082238e+00 1.695151864278064691e-01
3.363600000000000000e+04 1.098921586481036217e+00 1.499687911737951074e-01
3.363900000000000000e+04 1.074265025748207147e+00 1.278623099126361684e-01
3.364000000000000000e+04 1.098784216627853860e+00 3.059861628085509822e-02
3.364200000000000000e+04 1.056570811556410971e+00 -5.949843773566611607e-03
3.364400000000000000e+04 9.946287100261312908e-01 6.274696513978345047e-02
3.365100000000000000e+04 1.090348190179179388e+00 8.206970951049587237e-02
3.365200000000000000e+04 1.387341298107654497e+00 1.416343398676867260e-01
3.365300000000000000e+04 1.322857630808958795e+00 2.144524145159190931e-01
3.365400000000000000e+04 1.093489630159754089e+00 6.956727335320832262e-02
3.365500000000000000e+04 1.011156812224915935e+00 1.122680376123229573e-01
3.366700000000000000e+04 1.021841398111962507e+00 9.772249177596376013e-02
3.366800000000000000e+04 1.060412109658402269e+00 1.015210470059450254e-01
3.367100000000000000e+04 1.052499583757441126e+00 1.029691913546400134e-01
3.367200000000000000e+04 1.061469747567748367e+00 9.243669493252136549e-02
3.367300000000000000e+04 1.133607030584137032e+00 2.375959624568314832e-02
3.367500000000000000e+04 1.076416736770295257e+00 6.673613962597213511e-02
3.368100000000000000e+04 1.002726271844095463e+00 -6.839339805007003947e-02
3.368200000000000000e+04 1.353843965710028296e+00 1.089262225713224091e-01
3.368300000000000000e+04 1.007800184394128440e+00 1.009375053650304541e-02
3.368400000000000000e+04 1.056353321919494714e+00 1.266050868248494096e-02
3.369400000000000000e+04 1.141932637221026114e+00 6.968688473358958593e-03
3.369500000000000000e+04 1.122292688909475755e+00 4.596431533035053724e-02
3.369600000000000000e+04 1.157186449282890273e+00 7.642326357709573748e-02
3.369700000000000000e+04 1.003618892151276532e+00 5.547529424206493198e-02
3.369800000000000000e+04 1.131260163479878678e+00 2.351063234634985857e-02
3.369900000000000000e+04 1.155053258539051830e+00 -6.967586906163747776e-03
3.370700000000000000e+04 8.638400301776789636e-01 3.642885418639044658e-03
3.370800000000000000e+04 1.347171300616700318e+00 1.253339291756965235e-01
3.370900000000000000e+04 1.042275653705966754e+00 7.146964750288162249e-02
3.371000000000000000e+04 1.141284450844459286e+00 2.732845440779139642e-02
3.371100000000000000e+04 1.074117103570983556e+00 -1.634824472057805345e-02
3.372200000000000000e+04 1.103373831550060080e+00 6.767009172020782559e-02
3.372300000000000000e+04 1.070613578823645273e+00 3.579078835858780228e-02
3.372400000000000000e+04 9.453918021721624543e-01 2.644145495650231104e-02
3.372500000000000000e+04 1.128315972659023281e+00 4.870038028465813185e-02
3.372600000000000000e+04 9.918222416761544036e-01 -1.534425801029131453e-01
3.372700000000000000e+04 1.008806165781953590e+00 -1.349519659588230835e-01
3.374600000000000000e+04 1.077488961173590498e+00 6.117051449475809956e-03
3.374700000000000000e+04 1.070672425849340970e+00 -1.455566187156907094e-03
3.374800000000000000e+04 1.082827264246626342e+00 5.131823018092901423e-02
3.374900000000000000e+04 1.338284554429538975e+00 1.783169625161373784e-01
3.375000000000000000e+04 1.023766461178027276e+00 -8.402418310794693146e-02
3.375100000000000000e+04 1.012652106003985475e+00 5.807693138782341752e-02
3.376400000000000000e+04 1.105864326416588606e+00 1.308585290584631314e-02
3.376500000000000000e+04 1.039673104871685183e+00 -7.131773314193047553e-02
3.376600000000000000e+04 1.113027170073424887e+00 -7.793055461159632824e-02
3.376700000000000000e+04 1.143940082968319505e+00 -3.447181654929212542e-03
3.376800000000000000e+04 1.107669370865516090e+00 -4.014259699999495057e-02
3.376900000000000000e+04 1.084928316916821789e+00 1.269092992763066474e-01
3.377000000000000000e+04 1.036450569424822277e+00 5.843124431645851935e-02
3.377100000000000000e+04 1.115801352901394816e+00 7.096061986027815682e-02
3.377200000000000000e+04 1.147440556086801511e+00 2.674221463212235125e-02
3.377300000000000000e+04 1.012186098684078273e+00 8.207621291381141104e-02
3.377400000000000000e+04 1.100506696758831282e+00 9.861684237671163034e-02
3.378700000000000000e+04 1.138146139559761405e+00 1.334214813448504622e-02
3.378800000000000000e+04 1.064272591160815518e+00 -1.746407320614910136e-02
3.378900000000000000e+04 1.091267683498128305e+00 -9.359482654365861021e-02
3.379000000000000000e+04 1.101922509498841185e+00 -3.280780347681120507e-02
3.379100000000000000e+04 1.148865698673128932e+00 -6.846783453334147340e-02
3.379200000000000000e+04 1.092968643708673415e+00 7.093353874407747062e-02
3.379300000000000000e+04 1.086778595174310080e+00 5.403261532158951108e-02
3.379400000000000000e+04 1.134420890396233839e+00 9.720644559644589858e-03
3.379500000000000000e+04 1.048862359050312110e+00 7.763039137566320191e-02
3.379600000000000000e+04 1.024997838722677912e+00 4.985471438626128127e-02
3.379700000000000000e+04 1.070229780695687305e+00 1.484864274810191176e-01
3.379800000000000000e+04 1.124645156321751216e+00 1.306697048795056881e-01
3.379900000000000000e+04 9.877397360199674514e-01 1.536532383324683282e-02
3.380000000000000000e+04 1.076791556389632865e+00 2.665757896651947331e-02
3.380100000000000000e+04 9.970803236031700045e-01 5.179605457097015420e-02
3.380900000000000000e+04 1.128801543396058760e+00 -2.712683050284342770e-02
3.381000000000000000e+04 1.022263983325276904e+00 -1.054614851330413633e-01
3.381100000000000000e+04 1.114258068590137540e+00 1.224914747536991061e-01
3.381200000000000000e+04 1.168287127455195806e+00 -2.497484925399480818e-02
3.381300000000000000e+04 1.366630937426096093e+00 9.860588657913847699e-02
3.381400000000000000e+04 1.089232705868074413e+00 6.465893819194248882e-02
3.381500000000000000e+04 1.069506420200585062e+00 2.604408822037874646e-02
3.381600000000000000e+04 1.082019439340216493e+00 1.184235569214545612e-02
3.381700000000000000e+04 1.097503765924992214e+00 9.832672972592579330e-02
3.381900000000000000e+04 1.361548104162205286e+00 2.239652275464589642e-02
3.382000000000000000e+04 1.059905504471165383e+00 -6.901674441574463630e-03
3.382100000000000000e+04 1.045574855785786017e+00 -3.329000341114443651e-02
3.382200000000000000e+04 1.073450508492214572e+00 2.252293666159232294e-02
3.385000000000000000e+04 8.960136264870740552e-01 1.964242299630810373e-01
3.385100000000000000e+04 8.628204002679247253e-01 1.831277167604188627e-01
3.385200000000000000e+04 1.003840090348082192e+00 7.981468121004663130e-02
3.385400000000000000e+04 9.544027725183346078e-01 2.263423690156072740e-02
3.385500000000000000e+04 1.032400634103112225e+00 5.596207142859189326e-02
3.385600000000000000e+04 9.920514806322562329e-01 4.561232032653274315e-02
3.389400000000000000e+04 1.119850861298706146e+00 9.237728755469375164e-02
3.389500000000000000e+04 1.070416482229314070e+00 3.427061447021126361e-02
3.389600000000000000e+04 1.052015655846223030e+00 1.967061844073009214e-01
3.389700000000000000e+04 1.089420942642255641e+00 2.647801593669442746e-02
3.389800000000000000e+04 1.138399587666548474e+00 1.079541984930015575e-01
3.389900000000000000e+04 1.075814572104861755e+00 -4.139329439123407700e-02
3.390000000000000000e+04 1.149037006508107028e+00 4.231124604535436290e-02
3.390100000000000000e+04 1.022328743348016378e+00 -6.325624528726088436e-02
3.392700000000000000e+04 1.053421996966429131e+00 5.076069685935646197e-02
3.392800000000000000e+04 1.111691120784061626e+00 1.387250081758526210e-01
3.392900000000000000e+04 1.175720345942609768e+00 3.045621860719784357e-01
3.393000000000000000e+04 1.066253671135833692e+00 8.295512336251730998e-03
3.393100000000000000e+04 9.914940594625700765e-01 4.410761344767417935e-02
3.399000000000000000e+04 1.183351456546502867e+00 2.395389712627566947e-01
3.399100000000000000e+04 1.122187068475108962e+00 -4.691586001101363812e-02
3.399200000000000000e+04 1.071060500876414912e+00 -1.512171777465843529e-03
3.399300000000000000e+04 1.069765291683221875e+00 6.680488765228220771e-02
3.400400000000000000e+04 1.117722734373248761e+00 2.684918995224932006e-02
3.400500000000000000e+04 1.200657456473211759e+00 2.297490894812632273e-02
3.407900000000000000e+04 1.156714074808391279e+00 8.257666041241039367e-02
3.408000000000000000e+04 1.177178481886098638e+00 -3.978683918761026506e-02
3.408100000000000000e+04 1.118191740864437289e+00 1.579032752838924192e-01
3.408200000000000000e+04 1.075502244616272751e+00 3.488704311297673860e-02
3.411100000000000000e+04 7.897880438660370706e-01 -9.910665328170788213e-02
3.411200000000000000e+04 6.842417131890126125e-01 -2.182287628600791396e-01
3.411300000000000000e+04 9.682507864653042695e-01 6.912630871202823934e-02
3.411600000000000000e+04 9.956089797505486283e-01 4.176890884779410618e-02
3.413200000000000000e+04 7.391120650245560642e-01 -1.850473427675129734e-01
3.413300000000000000e+04 8.532446013232916071e-01 -1.275434911810801597e-01
3.413800000000000000e+04 1.011614521205125516e+00 6.429203541403824551e-02
3.413900000000000000e+04 9.770797825020677285e-01 8.066048238753396882e-02
3.414100000000000000e+04 1.082522415140714900e+00 9.149387910741176022e-02
3.416400000000000000e+04 9.800997036902032722e-01 -1.294237768435039376e-02
3.416600000000000000e+04 1.035450832479691829e+00 9.179350879792697038e-02
3.416700000000000000e+04 1.059495670172852178e+00 5.579599254462507679e-02
3.416800000000000000e+04 1.046778046250256278e+00 1.147708367961965820e-01
3.419000000000000000e+04 9.075580538773400097e-01 7.877120216007903880e-03
3.421100000000000000e+04 9.367284690785993018e-01 3.427241080312333488e-02
3.421300000000000000e+04 1.026885333247246068e+00 6.322175410574012999e-02
3.422600000000000000e+04 9.568467151067164833e-01 6.911444233581523489e-02
3.423000000000000000e+04 9.371359298684061034e-01 4.227314263242321069e-02
3.423300000000000000e+04 9.519724042431328970e-01 4.864282090160386429e-02
3.424100000000000000e+04 9.717181310754758883e-01 -7.529256024710261411e-03
3.424300000000000000e+04 9.482546246244718535e-01 1.394129629779446988e-01
3.424500000000000000e+04 9.894254749692616979e-01 -1.113201115169620489e-02
3.424600000000000000e+04 7.846120955532939201e-01 -9.910180793782477626e-02
3.424700000000000000e+04 6.751835750219098431e-01 -2.255559653596350966e-01
3.426200000000000000e+04 9.415319294665653871e-01 4.749799445061184816e-02
3.426300000000000000e+04 1.010924847867369580e+00 6.364567572173836230e-02
3.426400000000000000e+04 1.042988826358098642e+00 2.230717104148510488e-01
3.426500000000000000e+04 1.066553247531073279e+00 8.887739655673274064e-02
3.426600000000000000e+04 9.907211242833078302e-01 8.020313711906002299e-03
3.426700000000000000e+04 1.046105882502750495e+00 7.969394552042091684e-02
3.426800000000000000e+04 9.111470525244577123e-01 5.030529557152306486e-02
3.426900000000000000e+04 9.530917520770990636e-01 2.321217147032809958e-04
3.428300000000000000e+04 9.027139610375722878e-01 6.101068878923802258e-02
3.428400000000000000e+04 9.584588690163973190e-01 4.406239311715430540e-02
3.428500000000000000e+04 9.934222106608499026e-01 2.151684585111834219e-02
3.428600000000000000e+04 9.130362055799936538e-01 1.029695632764086183e-01
3.428800000000000000e+04 1.011137347992675295e+00 3.371907016056593931e-02
3.429200000000000000e+04 1.299664791996402613e+00 1.480532787630536584e-01
3.429300000000000000e+04 9.899987135250241099e-01 2.986830134297812495e-02
3.429400000000000000e+04 9.861464484981145029e-01 1.065084950185765933e-01
3.429500000000000000e+04 9.804295981960328144e-01 7.916190541420670135e-02
3.429700000000000000e+04 1.022896124167617327e+00 -4.829978059857609890e-02
3.429800000000000000e+04 9.414761681144881988e-01 -3.690561863329017145e-02
3.429900000000000000e+04 9.791844921059976725e-01 6.115724324300452625e-02
3.430000000000000000e+04 9.433921320475717742e-01 5.644479610585052126e-02
3.431100000000000000e+04 9.235631898133184192e-01 1.763771854993162469e-01
3.431200000000000000e+04 1.038666851711652406e+00 7.936819590110300027e-02
3.431500000000000000e+04 1.128300532791427280e+00 3.209600482920666603e-02
3.431700000000000000e+04 1.062077494686225920e+00 7.963946894583082137e-02
3.431800000000000000e+04 1.037399600926675491e+00 -1.800381148327495281e-02
3.431900000000000000e+04 9.887094497773689650e-01 1.384557304408713142e-02
3.432000000000000000e+04 9.716801783497259759e-01 5.653213350886990285e-02
3.432100000000000000e+04 1.042307576906296163e+00 4.973041384112229096e-02
3.432200000000000000e+04 1.083756268627161123e+00 1.824595273519204752e-01
3.432300000000000000e+04 1.073784685326195198e+00 4.793258813755753300e-02
3.432400000000000000e+04 1.061329604839035268e+00 9.031954344035617033e-02
3.432500000000000000e+04 1.021805743824506951e+00 5.419317654197647327e-02
3.436700000000000000e+04 1.036936321911308356e+00 5.753119877327456111e-02
3.436800000000000000e+04 1.038990002462711892e+00 2.644678074712684956e-02
3.436900000000000000e+04 1.214117871340125054e+00 2.696286869636733974e-02
3.437000000000000000e+04 1.129710929579898160e+00 1.347246420457662019e-01
3.437100000000000000e+04 1.042875704093105593e+00 7.507862835023546011e-02
3.437200000000000000e+04 1.067889149748827204e+00 -5.870115737597298572e-02
3.437300000000000000e+04 1.193673510932044657e+00 -4.517969964186720200e-02
3.437400000000000000e+04 9.750597074671162323e-01 8.064399871907342032e-02
3.437500000000000000e+04 1.110077359610651904e+00 5.227644152022033197e-02
3.437800000000000000e+04 1.183462266944561359e+00 9.907219569805360282e-02
3.437900000000000000e+04 9.904811169206837462e-01 5.221312048020400332e-02
3.438000000000000000e+04 9.944687654737323079e-01 1.935426308623757483e-03
3.438100000000000000e+04 1.000643319173871282e+00 5.776421742051086709e-03
3.439300000000000000e+04 1.118127967198246919e+00 7.441748248290860901e-02
3.439400000000000000e+04 1.018028021888051304e+00 1.278612913624880415e-02
3.439800000000000000e+04 1.072564878999106464e+00 9.202981038933343017e-02
3.439900000000000000e+04 1.190074298240050066e+00 1.034178276378283079e-01
3.440000000000000000e+04 1.130712585005372750e+00 4.073092556648647694e-02
3.440100000000000000e+04 1.088023869183990078e+00 -1.202644749611761626e-01
3.440200000000000000e+04 1.132773752107388177e+00 1.148148618175367543e-03
3.440300000000000000e+04 1.063294347927184136e+00 2.284410704848777868e-02
3.440400000000000000e+04 1.086124676128465971e+00 4.835453311126172715e-02
3.440500000000000000e+04 9.446441813918152741e-01 1.122993422750220988e-01
3.440600000000000000e+04 1.053626756812807708e+00 -1.498273333938705647e-02
3.440700000000000000e+04 1.088567686431828552e+00 -1.498667355666931204e-02
3.440800000000000000e+04 1.119306030896417337e+00 5.937875305307718093e-02
3.441000000000000000e+04 9.905325417278296740e-01 3.390281157288584785e-02
3.441100000000000000e+04 9.920177821429874143e-01 3.202984698409541003e-02
3.444000000000000000e+04 9.482861100180313141e-01 -4.893872193547450788e-02
3.444100000000000000e+04 1.097906732026902477e+00 8.864961780935129432e-02
3.446600000000000000e+04 1.011939686762388879e+00 9.935866832642514801e-02
