3.363500000000000000e+04 1.055002065323719096e+00 5.759302108805579301e-02
3.363600000000000000e+04 1.065145943943827334e+00 8.312372031704448605e-02
3.363900000000000000e+04 1.075308255688755432e+00 1.256367202030647945e-01
3.364000000000000000e+04 1.095590331188229349e+00 3.000847253995228212e-02
3.364200000000000000e+04 1.055353567281284377e+00 -5.443733664234794850e-03
3.364400000000000000e+04 1.000571766681074504e+00 5.679930377828028287e-02
3.365100000000000000e+04 1.016490091035423537e+00 -7.255447625547991816e-03
3.365200000000000000e+04 1.296055707210886698e+00 -5.694734496732297563e-02
3.365300000000000000e+04 1.248742957776527218e+00 1.269204746140668687e-02
3.365400000000000000e+04 1.009314403113213521e+00 -3.605582432347053529e-02
3.365500000000000000e+04 1.007020003454983881e+00 1.174491771695929943e-01
3.366700000000000000e+04 1.023374867856194248e+00 9.321065889625272660e-02
3.366800000000000000e+04 1.059450612448364248e+00 9.950011469574486511e-02
3.367100000000000000e+04 1.048378094690620710e+00 1.101803849337275459e-01
3.367200000000000000e+04 1.066781683800999359e+00 8.833766200112541656e-02
3.367300000000000000e+04 1.136455897097152112e+00 2.152943567474550207e-02
3.367500000000000000e+04 1.070182977446442418e+00 7.049091141985303066e-02
3.368100000000000000e+04 9.716437856277232443e-01 -1.064818696138060961e-01
3.368200000000000000e+04 1.279829112531922108e+00 -5.693255147601534311e-02
3.368300000000000000e+04 9.661872067470894665e-01 -4.831777427380420237e-02
3.368400000000000000e+04 1.019392608293445024e+00 -4.469567461077537940e-02
3.369400000000000000e+04 1.136329831771754284e+00 9.207886809649783177e-03
3.369500000000000000e+04 1.122566955086026441e+00 4.599393329713486606e-02
3.369600000000000000e+04 1.158330410047597958e+00 7.739633162525497156e-02
3.369700000000000000e+04 1.005958714975565771e+00 5.523626424304681898e-02
3.369800000000000000e+04 1.125299687427636197e+00 2.382533692664714001e-02
3.369900000000000000e+04 1.148519482034805028e+00 -2.842934844742182540e-03
3.370700000000000000e+04 8.835054709932381733e-01 3.734050559780777850e-02
3.370800000000000000e+04 1.278990741375473306e+00 -2.470790453486886029e-02
3.370900000000000000e+04 1.041191313910404759e+00 7.165077173127210042e-02
3.371000000000000000e+04 1.140173771923990387e+00 2.979628803276663379e-02
3.371100000000000000e+04 1.075997705032870844e+00 -1.858602028430369688e-02
3.372200000000000000e+04 1.103528829847264969e+00 6.821988574043702513e-02
3.372300000000000000e+04 1.074999293414896417e+00 3.520722140701806890e-02
3.372400000000000000e+04 9.457115951948606991e-01 2.627292628829660040e-02
3.372500000000000000e+04 1.127460148502008375e+00 4.624638475305423851e-02
3.372600000000000000e+04 1.030982826322582868e+00 -6.325892353782140709e-02
3.372700000000000000e+04 1.035313757823531633e+00 -7.931099875191663373e-02
3.374600000000000000e+04 1.073576620797196401e+00 7.040407691024291870e-03
3.374700000000000000e+04 1.067244593863717173e+00 3.081825429152347182e-03
3.374800000000000000e+04 1.078762781673380244e+00 5.269106533491296068e-02
3.374900000000000000e+04 1.260030505014588353e+00 4.748668104352622189e-03
3.375000000000000000e+04 1.070549412133942724e+00 2.407480563145448366e-02
3.375100000000000000e+04 9.856573081902876288e-01 1.824549206391377215e-02
3.376400000000000000e+04 1.009749326546689918e+00 -5.553215574888854811e-02
3.376500000000000000e+04 9.981075894656074032e-01 -9.979435559332877625e-02
3.376600000000000000e+04 1.113853276079487253e+00 -7.682935453575780171e-02
3.376700000000000000e+04 1.157328833624636122e+00 2.188689344840902967e-02
3.376800000000000000e+04 1.128709930735084743e+00 4.111916542083014076e-02
3.376900000000000000e+04 1.078852947766728132e+00 1.388514958162474222e-01
3.377000000000000000e+04 1.042771008675756006e+00 4.788516267211764821e-02
3.377100000000000000e+04 1.120984666334540636e+00 6.238025277741996583e-02
3.377200000000000000e+04 1.141649317919634310e+00 3.271046043303614537e-02
3.377300000000000000e+04 1.009148749326068240e+00 8.088678212470333528e-02
3.377400000000000000e+04 1.101044050833474008e+00 1.008532329179841064e-01
3.378700000000000000e+04 1.120330150618808140e+00 -1.038293656057409815e-02
3.378800000000000000e+04 9.987819143897661567e-01 -7.167837011103440903e-02
3.378900000000000000e+04 1.090642519730602666e+00 -8.530787143512105763e-02
3.379000000000000000e+04 1.075399981008198891e+00 -6.767250299542944270e-02
3.379100000000000000e+04 1.177084957440546198e+00 6.839172503940747772e-03
3.379200000000000000e+04 1.092481071124431047e+00 7.150088504278295787e-02
3.379300000000000000e+04 1.088513803682747527e+00 5.093276240177389141e-02
3.379400000000000000e+04 1.130437717298421463e+00 1.366632633686160232e-02
3.379500000000000000e+04 1.052679444460233649e+00 7.479831766001859839e-02
3.379600000000000000e+04 1.023132562389420297e+00 5.687988234601327325e-02
3.379700000000000000e+04 1.069453789142212896e+00 1.520691992010318738e-01
3.379800000000000000e+04 1.093570446802318408e+00 4.524771574428629317e-02
3.379900000000000000e+04 1.020430749035787787e+00 1.210604070343716948e-01
3.380000000000000000e+04 1.076495413604279028e+00 2.624008124165090605e-02
3.380100000000000000e+04 9.502045905607918730e-01 1.036760533335608601e-03
3.380900000000000000e+04 1.126164566942112533e+00 -3.054997191419945093e-02
3.381000000000000000e+04 1.084560410942436492e+00 1.853600944430288874e-02
3.381100000000000000e+04 1.062220038277887246e+00 -2.312263746248385734e-03
3.381200000000000000e+04 1.158289829048650077e+00 -1.520866219637161641e-02
3.381300000000000000e+04 1.371325225229389266e+00 9.400026124903144986e-02
3.381400000000000000e+04 1.091412342562852800e+00 6.411706597138111530e-02
3.381500000000000000e+04 1.065913486006504485e+00 2.930762096372126202e-02
3.381600000000000000e+04 1.081608121688052204e+00 1.347899084211903568e-02
3.381700000000000000e+04 1.092900305232056946e+00 1.043989759313767307e-01
3.381900000000000000e+04 1.364791306754719713e+00 3.969419309591586814e-02
3.382000000000000000e+04 1.011800086864844239e+00 -7.611063081146596243e-02
3.382100000000000000e+04 1.043956083863140982e+00 -3.793159445440330568e-02
3.382200000000000000e+04 1.001723502878679506e+00 -4.030306413108250552e-02
3.385000000000000000e+04 8.902945534232495906e-01 1.989365806981431006e-01
3.385100000000000000e+04 8.624254176516409354e-01 1.831649257758737881e-01
3.385200000000000000e+04 1.005377212336471038e+00 8.260107770325864074e-02
3.385400000000000000e+04 9.825101921678071060e-01 1.172868469394418162e-01
3.385500000000000000e+04 1.033668726060297915e+00 5.288275207806639178e-02
3.385600000000000000e+04 8.800211007099127958e-01 -5.548653827757171059e-02
3.389400000000000000e+04 1.120946883995382892e+00 9.393483546967987263e-02
3.389500000000000000e+04 1.072929643731685534e+00 3.440461193189787992e-02
3.389600000000000000e+04 1.051691710478330100e+00 1.982094563077563820e-01
3.389700000000000000e+04 1.088439195550440663e+00 2.540139734961859713e-02
3.389800000000000000e+04 1.061293355273974504e+00 -3.816494583118806155e-02
3.389900000000000000e+04 1.077433443379527178e+00 -3.627734636100199417e-02
3.390000000000000000e+04 1.164029774755396263e+00 5.386176080361814583e-02
3.390100000000000000e+04 9.291381319372642444e-01 -1.263550308603418049e-01
3.392700000000000000e+04 1.050130749980625611e+00 5.522395590680233973e-02
3.392800000000000000e+04 1.115432517056459849e+00 1.344371512830509763e-01
3.392900000000000000e+04 1.094874511037418507e+00 1.018801479131800219e-01
3.393000000000000000e+04 1.049103753342735645e+00 6.532107222286782184e-04
3.393100000000000000e+04 9.943139866935487570e-01 3.989918654559288652e-02
3.399000000000000000e+04 1.069265064488389649e+00 -2.828456945893239802e-02
3.399100000000000000e+04 1.099259613182511863e+00 -6.843184343862236674e-02
3.399200000000000000e+04 1.070231234219229721e+00 4.205794685994434547e-04
3.399300000000000000e+04 9.749318672006195285e-01 -1.767890143438202374e-02
3.400400000000000000e+04 1.103894855148988219e+00 1.725647038813490214e-02
3.400500000000000000e+04 1.176078224900537705e+00 8.003192514125318175e-04
3.407900000000000000e+04 1.111088217410526546e+00 -1.221228918789673233e-02
3.408000000000000000e+04 1.175574986748578521e+00 -4.230632222263878972e-02
3.408100000000000000e+04 1.123108453702950982e+00 1.573964730007528789e-01
3.408200000000000000e+04 1.074761188516017318e+00 3.539690997773915770e-02
3.411100000000000000e+04 6.913862216542960848e-01 -1.598498071810306176e-01
3.411200000000000000e+04 7.223750380749680566e-01 -1.696906206389764693e-01
3.411300000000000000e+04 9.662354022673755871e-01 6.908133269067538718e-02
3.411600000000000000e+04 9.945879440905797120e-01 4.111362230259774098e-02
3.413200000000000000e+04 7.502102720284845594e-01 -1.577942286154518647e-01
3.413300000000000000e+04 7.778268434386406138e-01 -1.577330377265075412e-01
3.413800000000000000e+04 1.010149386391357762e+00 6.827653461133129098e-02
3.413900000000000000e+04 9.793265254760832317e-01 7.774962099040876040e-02
3.414100000000000000e+04 1.081203530372413013e+00 9.122430582811982824e-02
3.416400000000000000e+04 9.757360261636568444e-01 -5.000638179275514530e-03
3.416600000000000000e+04 1.034110890576381836e+00 9.276890812532891106e-02
3.416700000000000000e+04 9.379154395304133418e-01 -3.976494774256630893e-02
3.416800000000000000e+04 1.055988897594798637e+00 1.134202181191868025e-01
3.419000000000000000e+04 9.090050686617243692e-01 3.072643548050404873e-03
3.421100000000000000e+04 9.345275735245697213e-01 3.654666415451966049e-02
3.421300000000000000e+04 1.027418544350177543e+00 6.544921476874057675e-02
3.422600000000000000e+04 9.582620070773666399e-01 6.467472426185834344e-02
3.423000000000000000e+04 8.991419238034504824e-01 8.341163353481707843e-03
3.423300000000000000e+04 9.388502713834925295e-01 2.907684755856512412e-02
3.424100000000000000e+04 9.902416485151009917e-01 3.379738555979361347e-02
3.424300000000000000e+04 9.472509220109892603e-01 1.391434536814379619e-01
3.424500000000000000e+04 9.889357520165587001e-01 -1.072078329639373009e-02
3.424600000000000000e+04 7.484391399540101242e-01 -1.194945648873684124e-01
3.424700000000000000e+04 7.349204993505195072e-01 -1.619002829430750412e-01
3.426200000000000000e+04 9.451300194704082003e-01 4.644434587358782507e-02
3.426300000000000000e+04 1.012282940941326093e+00 6.125208607135188693e-02
3.426400000000000000e+04 9.969629676973835730e-01 9.995631647847591505e-02
3.426500000000000000e+04 1.050523932709233721e+00 7.275862446840376807e-02
3.426600000000000000e+04 8.912910855082324391e-01 -6.246334320744203333e-02
3.426700000000000000e+04 1.017776114705177593e+00 5.448913626434669782e-02
3.426800000000000000e+04 9.127446674698458384e-01 5.701158574667938850e-02
3.426900000000000000e+04 9.454882946074021355e-01 -4.932552885113195180e-03
3.428300000000000000e+04 9.134159457977075736e-01 1.014853016462773372e-01
3.428400000000000000e+04 9.564787980599966932e-01 4.676325008607028211e-02
3.428500000000000000e+04 9.954283032210751170e-01 2.040661028708625965e-02
3.428600000000000000e+04 9.094022371813815786e-01 1.054554243472240749e-01
3.428800000000000000e+04 9.425979478240156251e-01 -1.421198907836807024e-02
3.429200000000000000e+04 1.205005384090379383e+00 -7.831077171175808427e-03
3.429300000000000000e+04 9.881498847383556328e-01 2.524059195584777565e-02
3.429400000000000000e+04 9.818467284934234707e-01 1.095846877850451817e-01
3.429500000000000000e+04 9.816577019644215918e-01 7.688940131754623541e-02
3.429700000000000000e+04 1.025480716604615150e+00 -4.746896579378332565e-02
3.429800000000000000e+04 9.148421527386804142e-01 -5.488828280427146544e-02
3.429900000000000000e+04 9.563030396038822989e-01 4.144574652821268745e-02
3.430000000000000000e+04 9.808464879542546644e-01 9.320344678860177645e-02
3.431100000000000000e+04 9.240189889662858702e-01 1.693641054280174141e-01
3.431200000000000000e+04 1.035748364039996261e+00 8.359291178600174177e-02
3.431500000000000000e+04 9.332807018767182994e-01 -9.240708144831874526e-02
3.431700000000000000e+04 1.028179413833350875e+00 2.638654955431295884e-02
3.431800000000000000e+04 1.021235186129643369e+00 -1.764833721174564538e-02
3.431900000000000000e+04 9.895599089262218095e-01 1.605629171217848664e-02
3.432000000000000000e+04 9.751684921490390012e-01 5.252945648908335929e-02
3.432100000000000000e+04 1.042421985499095483e+00 4.587259055214187170e-02
3.432200000000000000e+04 1.038659224879275200e+00 6.349800261947870228e-02
3.432300000000000000e+04 1.075015313178883547e+00 4.853766706527743585e-02
3.432400000000000000e+04 1.022559337222158860e+00 3.981668888622851704e-02
3.432500000000000000e+04 9.719499672998376250e-01 1.864179281633288401e-02
3.436700000000000000e+04 9.822898617193959181e-01 -1.276511505687566439e-02
3.436800000000000000e+04 1.065507645678536175e+00 5.025919526267480508e-02
3.436900000000000000e+04 1.034490558267724403e+00 -7.653977422479604775e-02
3.437000000000000000e+04 1.077764844786462728e+00 2.832512416627603127e-02
3.437100000000000000e+04 1.054272240794091875e+00 1.132933025161710489e-01
3.437200000000000000e+04 1.101036255196701452e+00 1.542794157433470190e-02
3.437300000000000000e+04 1.192750565979978417e+00 -4.621814180347497830e-02
3.437400000000000000e+04 9.751493807069694375e-01 8.470193054513196207e-02
3.437500000000000000e+04 1.110119363280514415e+00 5.157382134475432117e-02
3.437800000000000000e+04 9.652694698268208251e-01 -3.687785632790620965e-02
3.437900000000000000e+04 1.029134453902308177e+00 7.603170224383740128e-02
3.438000000000000000e+04 9.431065595668882695e-01 -4.750099725272802914e-02
3.438100000000000000e+04 9.772121635965275166e-01 -1.758097760741188231e-02
3.439300000000000000e+04 1.074746443811270380e+00 1.531293651601531129e-02
3.439400000000000000e+04 1.020247349068229781e+00 1.065274976631594775e-02
3.439800000000000000e+04 9.416923915084011165e-01 3.952375278480356122e-03
3.439900000000000000e+04 1.128930298429580370e+00 2.855762318367098714e-03
3.440000000000000000e+04 1.120361267533590555e+00 4.714123338442575278e-02
3.440100000000000000e+04 1.109923180171789925e+00 -4.325046195505966029e-02
3.440200000000000000e+04 1.133131954686578347e+00 1.189752629322927621e-03
3.440300000000000000e+04 1.066117899425224280e+00 1.877463036225995169e-02
3.440400000000000000e+04 1.084751045524246615e+00 4.924934880714970653e-02
3.440500000000000000e+04 9.345906004397078748e-01 8.369612169109383326e-02
3.440600000000000000e+04 1.056675863490158074e+00 -1.030747634913960036e-02
3.440700000000000000e+04 1.072531592388235921e+00 -3.481478018555816956e-02
3.440800000000000000e+04 1.044371293878878726e+00 5.129762532323756639e-03
3.441000000000000000e+04 9.779670378207879766e-01 2.223332998635080965e-02
3.441100000000000000e+04 9.954535223510330155e-01 3.375931035753526599e-02
3.444000000000000000e+04 9.791828646674299863e-01 4.841602348286974666e-02
3.444100000000000000e+04 9.309116573355143975e-01 -2.357609989626683819e-02
3.446600000000000000e+04 9.937307803392407823e-01 8.180576646628714976e-02
