2.202400000000000000e+04 1.035299894227667439e+00 3.128215107156251396e-01
2.202500000000000000e+04 1.031050550670354893e+00 2.514366479695889778e-01
2.202600000000000000e+04 9.234106252081430988e-01 4.043639947830938164e-01
2.202700000000000000e+04 1.014120195124804669e+00 2.391099202903810561e-01
2.202800000000000000e+04 1.011606629613552633e+00 3.092624501866204634e-01
2.202900000000000000e+04 1.043495597534949360e+00 1.532196536718418156e-01
2.203000000000000000e+04 9.414606783207248863e-01 -5.995136279569462934e-03
2.203100000000000000e+04 9.090529042997446130e-01 -1.872347248569554423e-02
2.203200000000000000e+04 9.399561348181305620e-01 -5.411582098881904945e-02
2.203300000000000000e+04 7.752038514592358709e-01 -1.746136318740057203e-01
2.203400000000000000e+04 7.777658951610582072e-01 -1.568938635480572885e-01
2.204100000000000000e+04 1.072830084595221223e+00 6.480973383917315589e-03
2.204400000000000000e+04 1.109731859095355100e+00 1.595285256907744142e-01
2.204500000000000000e+04 1.028904325193361835e+00 2.565772570095479210e-01
2.204600000000000000e+04 1.068363108692043539e+00 2.369391800538495629e-01
2.204700000000000000e+04 1.046118336804354287e+00 2.377077084073744295e-01
2.204800000000000000e+04 1.081762105295442256e+00 1.049844861939686208e-01
2.204900000000000000e+04 1.032893933665180564e+00 2.559212050410057393e-01
2.205000000000000000e+04 9.592469626735432575e-01 1.007239669874662735e-01
2.205200000000000000e+04 9.713089291354558563e-01 -9.784726997117276434e-03
2.205300000000000000e+04 8.675232644780098701e-01 -8.398067151447002887e-02
2.205500000000000000e+04 6.237862014751383022e-01 -2.476351376206671895e-01
2.206100000000000000e+04 8.819906779278823272e-01 -2.830524398345600143e-02
2.206200000000000000e+04 1.032604560080653266e+00 5.061304802381657447e-02
2.206300000000000000e+04 1.027678416257977512e+00 1.261171532407308615e-01
2.206400000000000000e+04 1.028549922940155792e+00 3.232606284107755190e-01
2.206600000000000000e+04 1.068052129747260715e+00 2.573294085515872576e-01
2.206700000000000000e+04 1.052787781921353139e+00 2.906474849487353795e-01
2.206800000000000000e+04 8.401869547391339621e-01 3.748104014216959712e-01
2.207000000000000000e+04 1.009256097075359682e+00 2.464010994312560432e-01
2.207100000000000000e+04 9.293663284619383402e-01 7.857913919120845803e-02
2.207200000000000000e+04 8.833939222026648830e-01 -1.586415187364657864e-02
2.207300000000000000e+04 8.158695151018476865e-01 -1.094426549500064107e-02
2.208300000000000000e+04 8.103454479095254515e-01 -2.570024306885189749e-02
2.208700000000000000e+04 9.292700630945226470e-01 1.107736260106717552e-02
2.208800000000000000e+04 9.906366494364040598e-01 3.117251173544028364e-01
2.208900000000000000e+04 1.074542514671734672e+00 2.102452467896626931e-01
2.209000000000000000e+04 1.045677720912994602e+00 2.787556837112172836e-01
2.209100000000000000e+04 9.734383396991135307e-01 2.452497121044831807e-01
2.209200000000000000e+04 9.638520964090738774e-01 4.251285675216233684e-01
2.209300000000000000e+04 1.006669702829543933e+00 3.319697501922725946e-01
2.209400000000000000e+04 8.588988981113393484e-01 1.210584508428105832e-01
2.209500000000000000e+04 9.041625822549146374e-01 8.150027637154459714e-02
2.209600000000000000e+04 8.422383736710669089e-01 1.252360052236653476e-01
2.209700000000000000e+04 7.932609849875662533e-01 -2.127617263679858206e-02
2.209800000000000000e+04 8.793820577981302788e-01 -1.936793288495305271e-02
2.210600000000000000e+04 7.267976893558381057e-01 -5.136684078109781532e-02
2.210900000000000000e+04 9.249846011310176586e-01 -4.049065359804299852e-02
2.211000000000000000e+04 9.607810708850593739e-01 2.867858715697638727e-01
2.211300000000000000e+04 9.919681478139094066e-01 2.432586559909205304e-01
2.211400000000000000e+04 9.828228990190721603e-01 2.301487312978447719e-01
2.211500000000000000e+04 1.031522241440253396e+00 1.279864428858414060e-01
2.211700000000000000e+04 9.945251136518356017e-01 2.620546519837700372e-01
2.211800000000000000e+04 8.994466203327435849e-01 2.642852453312193040e-02
2.211900000000000000e+04 9.096228072926507702e-01 -1.943685690743620492e-02
2.212100000000000000e+04 9.360447304914654154e-01 4.393144906040011982e-02
2.212300000000000000e+04 9.240518815258115248e-01 -8.856916191817099104e-02
2.213300000000000000e+04 9.551494860301126266e-01 4.821970920609295469e-02
2.213900000000000000e+04 9.765529006308849569e-01 1.378718504673625833e-01
2.214000000000000000e+04 9.761312205475701775e-01 2.465617842556479256e-01
2.214100000000000000e+04 9.406274267660806876e-01 1.564234328192035672e-01
2.214200000000000000e+04 9.301847282804476258e-01 2.121585179080117539e-02
2.214300000000000000e+04 8.464959945211140147e-01 1.088286323090306706e-02
2.214400000000000000e+04 8.250615307438976531e-01 -7.901289947203100905e-02
2.214500000000000000e+04 1.013512935716770480e+00 -1.407559820812414632e-02
2.215300000000000000e+04 1.067507881606517328e+00 2.239667285845054479e-01
2.215600000000000000e+04 1.070016100730907249e+00 2.240155579403125541e-01
2.215700000000000000e+04 9.677222516674089947e-01 3.406999482611072771e-01
2.215800000000000000e+04 1.057286788613903017e+00 2.133413811836453733e-01
2.215900000000000000e+04 8.843055085154241102e-01 -1.332167166153250780e-02
2.216100000000000000e+04 9.500045200017229741e-01 -3.752485235375465494e-02
2.216200000000000000e+04 8.566307433836224394e-01 -3.280408187551033580e-03
2.217100000000000000e+04 9.738014800310424990e-01 2.257099314231150733e-01
2.217200000000000000e+04 9.602968873342272449e-01 2.508791462055994792e-01
2.217300000000000000e+04 9.530856761847122938e-01 3.782215714496054981e-01
2.217400000000000000e+04 9.647995355787479799e-01 2.976832560785131476e-01
2.217500000000000000e+04 9.083319206662885392e-01 -1.578510297065933640e-02
2.217600000000000000e+04 9.020177720237516628e-01 -2.999407061939560887e-02
2.217700000000000000e+04 7.669836217192149697e-01 -3.856043612682087673e-02
2.218300000000000000e+04 1.014417150880342344e+00 2.427901957842351910e-01
2.218400000000000000e+04 9.761487573169215226e-01 2.523751005644767065e-01
2.218500000000000000e+04 9.956117455545584471e-01 2.022369084228972380e-01
2.218600000000000000e+04 9.179733968162344659e-01 3.750919246608502844e-01
2.219000000000000000e+04 8.558844565394507775e-01 -2.710469963614092412e-02
2.219300000000000000e+04 6.584393893197693082e-01 -8.921279775912359378e-02
2.219400000000000000e+04 5.115625173084848987e-01 -2.547883400563664691e-01
2.220200000000000000e+04 8.192824946252408314e-01 3.426732542688709637e-01
2.220300000000000000e+04 9.104429697404320398e-01 2.373898617042611014e-01
2.220400000000000000e+04 8.472765919206307617e-01 8.632093086619771483e-02
2.220500000000000000e+04 9.051372925768036426e-01 -5.575999918366454644e-02
2.220700000000000000e+04 9.122658179785427812e-01 5.693003704288938233e-02
2.220800000000000000e+04 1.081642121207286644e+00 -1.077295387255203102e-01
2.221800000000000000e+04 7.747469830301622062e-01 9.106781574328551288e-02
2.222100000000000000e+04 1.184139273372943002e+00 1.284807410558234109e-01
2.223100000000000000e+04 9.111115862250280806e-01 3.418681518660763446e-02
2.223200000000000000e+04 8.950435943320180776e-01 -2.337695021495244177e-02
2.224000000000000000e+04 6.443229957500439253e-01 -1.566461444033792894e-01
2.232600000000000000e+04 8.739023718791659734e-01 6.865918388800472394e-02
2.232700000000000000e+04 9.777389951404567014e-01 7.647131003212477574e-02
2.234200000000000000e+04 9.744971513001545738e-01 7.446156631392901459e-02
2.234300000000000000e+04 8.120017867227765640e-01 9.894427758900649350e-02
2.234400000000000000e+04 1.000000668685513183e+00 2.654300792236025108e-01
2.234500000000000000e+04 9.641310091196282350e-01 2.495739638958001383e-01
2.236000000000000000e+04 9.258345740637562438e-01 3.951254241297586650e-02
2.236200000000000000e+04 9.315155063501281418e-01 1.558936285823492134e-02
2.236400000000000000e+04 8.013498130884039172e-01 -4.552676698431235014e-02
2.237400000000000000e+04 1.049705166261407419e+00 2.308216525219455306e-01
2.237600000000000000e+04 9.822509893542272774e-01 2.988981408458559197e-01
2.237700000000000000e+04 1.090794282856601516e+00 1.891280793141867367e-01
2.237800000000000000e+04 8.739484868285752883e-01 6.989845051020260672e-03
2.237900000000000000e+04 9.388595490612902106e-01 -1.215970933035822113e-02
2.238000000000000000e+04 6.344970364608994995e-01 -2.088734700556386381e-01
2.238600000000000000e+04 1.007846513074185824e+00 -1.896866059215873354e-02
2.238800000000000000e+04 1.050179126935514518e+00 2.444300137652649363e-01
2.238900000000000000e+04 1.008316044838886372e+00 -4.266859441867415503e-02
2.239000000000000000e+04 1.037635329202774459e+00 6.218956318149497509e-03
2.239100000000000000e+04 1.044296145267874065e+00 1.994774859366759967e-01
2.239200000000000000e+04 1.074171482056769822e+00 1.141280272538080787e-01
2.239300000000000000e+04 8.879757490069603021e-01 -4.236904652285816003e-02
2.239400000000000000e+04 9.658553393803389620e-01 -1.168982810891560330e-02
2.239500000000000000e+04 9.236233939527821457e-01 1.071088496546485427e-02
2.239600000000000000e+04 9.594746881331820409e-01 3.301541141684927096e-03
2.240700000000000000e+04 1.157005534621808440e+00 -2.163466330321107967e-02
2.241000000000000000e+04 1.121430525577295390e+00 6.786015728114221102e-02
2.241200000000000000e+04 1.110548551197869660e+00 9.379339761176197499e-02
2.241300000000000000e+04 1.098096231446382465e+00 1.676233491127067932e-01
2.241400000000000000e+04 1.017353005455526427e+00 2.694053665898129557e-01
2.241500000000000000e+04 1.176274095938696584e+00 7.321979511405196650e-02
2.241600000000000000e+04 1.059771596718769970e+00 1.856342900582771405e-01
2.242800000000000000e+04 1.208810292332605174e+00 -3.163585670965043256e-02
2.243000000000000000e+04 1.068921682305540077e+00 1.687875961203461339e-01
2.243200000000000000e+04 9.778775583777079561e-01 7.709536711796950714e-02
2.243400000000000000e+04 9.347493706178238160e-01 2.909363903961821873e-01
2.243500000000000000e+04 8.994547967953848699e-01 1.644646814464911788e-01
2.243600000000000000e+04 8.842866873362582592e-01 2.195814691200666247e-01
2.243800000000000000e+04 8.975420741764675858e-01 1.291282287022875452e-01
2.244000000000000000e+04 9.738338058345638037e-01 1.414252540223507118e-02
2.244100000000000000e+04 8.512109581574834882e-01 9.366687547891884569e-02
2.245100000000000000e+04 9.661409610374124268e-01 9.953204468468766775e-02
2.245200000000000000e+04 9.738480644564871946e-01 1.440042429631498144e-01
2.245300000000000000e+04 1.017578077329732711e+00 7.591815847959973440e-02
2.245400000000000000e+04 1.024737973268860847e+00 5.538041564457087812e-02
2.245500000000000000e+04 1.029032828811415889e+00 -1.100616316902132130e-01
2.245600000000000000e+04 1.040501042830208611e+00 1.801374926316827163e-01
2.245700000000000000e+04 9.298703005879243033e-01 2.432553649625784076e-01
2.245800000000000000e+04 9.236150302627313957e-01 1.799392359900706673e-01
2.245900000000000000e+04 8.787986160351501930e-01 1.916046978558743619e-01
2.246000000000000000e+04 1.022459999423092070e+00 1.266635151089233469e-01
2.246200000000000000e+04 1.000398483149647078e+00 1.175568945872766669e-01
2.246300000000000000e+04 1.013737717919146020e+00 6.794221807949139824e-02
2.246400000000000000e+04 9.824815454120624514e-01 2.590277079837167637e-02
2.246500000000000000e+04 9.572043529173932530e-01 5.218269677362710746e-02
2.247500000000000000e+04 1.104311800459381931e+00 -1.822879707582306802e-02
2.247600000000000000e+04 1.028746626237795780e+00 -6.046306483448350699e-02
2.247700000000000000e+04 1.037362010465795237e+00 -1.564996592717075863e-04
2.247800000000000000e+04 1.173125904344198389e+00 6.149700923550267817e-02
2.248000000000000000e+04 1.044384876822962216e+00 -8.950388824824760670e-03
2.248100000000000000e+04 1.061627444035910584e+00 2.196240690945570617e-01
2.248300000000000000e+04 1.038772430460712215e+00 9.273451261785782551e-02
2.248400000000000000e+04 9.429855241863221993e-01 9.764558181616490862e-02
2.248500000000000000e+04 1.045155791701007475e+00 1.299951633881266111e-01
2.248900000000000000e+04 9.910273032831089512e-01 9.131824689482027912e-02
2.249000000000000000e+04 1.028711384026616438e+00 7.986761460209855501e-02
2.249100000000000000e+04 8.365441423761229567e-01 1.749996376428285538e-01
2.249200000000000000e+04 8.704832234352403164e-01 1.308007476234330502e-01
2.250000000000000000e+04 1.065551520304095057e+00 -1.922689321514055999e-02
2.250100000000000000e+04 9.474488156603372291e-01 -3.372484479301278426e-02
2.250200000000000000e+04 9.312098349953570331e-01 3.038322731453281800e-01
2.250300000000000000e+04 9.448388624713633943e-01 1.372471345659948549e-01
2.250400000000000000e+04 9.073946344004757414e-01 3.296587320354526507e-01
2.250500000000000000e+04 1.003605135221613098e+00 4.092370963614511831e-02
2.250600000000000000e+04 8.729674370391061755e-01 2.178640928667168186e-01
2.250700000000000000e+04 9.187581372547505287e-01 8.104814729746595559e-02
2.250800000000000000e+04 8.241012510359434495e-01 1.909117365307508585e-01
2.250900000000000000e+04 9.546990345661652277e-01 1.536785410356490411e-01
2.251100000000000000e+04 9.309919320402492149e-01 9.853039485084737203e-02
2.251200000000000000e+04 9.241427878799488571e-01 1.050761411439093684e-01
2.251300000000000000e+04 7.969182631172414544e-01 2.188978571406713924e-01
2.251400000000000000e+04 8.785973975792354951e-01 2.050331981295576769e-02
2.252300000000000000e+04 1.011402148812779345e+00 1.550018376798049935e-01
2.252400000000000000e+04 9.712282235227618354e-01 -5.352284881871013922e-02
2.252500000000000000e+04 1.051357598889539835e+00 1.773179337516705145e-01
2.252600000000000000e+04 9.491567210544882283e-01 2.964958772813943710e-01
2.252700000000000000e+04 9.612729712731478138e-01 2.493969246814221885e-01
2.252800000000000000e+04 9.553803087955270446e-01 2.698970842584990509e-02
2.252900000000000000e+04 9.303663416998585456e-01 -4.844194261575952148e-02
2.253200000000000000e+04 1.022321246819908991e+00 3.854284646977082507e-02
2.253300000000000000e+04 9.865032453046219674e-01 1.971856451417176026e-01
2.253400000000000000e+04 9.655047224870302314e-01 1.024920706668497050e-01
2.253500000000000000e+04 8.947341234680554756e-01 7.559093415464937515e-02
2.254600000000000000e+04 9.273381615277894729e-01 2.978855332820636026e-02
2.254800000000000000e+04 9.120561311216364153e-01 -6.678873378212224488e-02
2.254900000000000000e+04 8.742184089376450196e-01 2.936110374445973226e-01
2.255000000000000000e+04 8.908234645900759974e-01 2.418942936536300492e-01
2.255100000000000000e+04 8.227560491718346469e-01 3.303031220502706811e-01
2.255200000000000000e+04 7.848440966927612283e-01 3.560514378510224454e-01
2.255300000000000000e+04 8.446235931973304911e-01 2.221987525367027094e-01
2.255400000000000000e+04 8.853798058414087402e-01 1.160583831402021010e-01
2.255500000000000000e+04 8.863432860230268107e-01 1.645475784192929336e-01
2.255600000000000000e+04 9.256585629925246916e-01 7.113917802093734644e-02
