4.262000000000000000e+04 9.207516672322312301e-01 4.018917818301325634e-02
4.265500000000000000e+04 8.970593696277445739e-01 7.434016231125163687e-02
4.266600000000000000e+04 9.249789869657432106e-01 2.899649437418336598e-02
4.266700000000000000e+04 1.014079820675666044e+00 -9.557334051425901700e-02
4.266800000000000000e+04 9.934351044812819165e-01 6.118154142495264847e-02
4.266900000000000000e+04 9.430707002550668960e-01 -3.781669174345564377e-02
4.267000000000000000e+04 9.255820021647165330e-01 1.044532952537116366e-01
4.267300000000000000e+04 1.012406230147798736e+00 1.839507966121710358e-01
4.267400000000000000e+04 9.397406188417790629e-01 9.695849038516149432e-02
4.267500000000000000e+04 9.858721290676409899e-01 1.496389244814666855e-02
4.268600000000000000e+04 9.719092968060180082e-01 1.730177345368189359e-02
4.268700000000000000e+04 1.008861649826891860e+00 -4.298967384400575326e-02
4.268800000000000000e+04 1.011420290226203278e+00 4.668341878893261798e-02
4.268900000000000000e+04 1.045411505410094755e+00 1.107545328544141255e-02
4.269000000000000000e+04 1.054788132983569549e+00 8.218117990235515591e-02
4.269100000000000000e+04 1.033920440515400774e+00 -1.750539734321671786e-02
4.269200000000000000e+04 1.083024404420258380e+00 1.199056198901916753e-01
4.269300000000000000e+04 1.095390181404101160e+00 1.518037653055416270e-01
4.269400000000000000e+04 1.027414878770356754e+00 7.800921851508882399e-02
4.269500000000000000e+04 1.207255781452323040e+00 1.332471846471539600e-01
4.269600000000000000e+04 1.020117124303803413e+00 2.055019614562325347e-01
4.273800000000000000e+04 1.006762672567437011e+00 1.506149287375818657e-01
4.274200000000000000e+04 8.714293239742221253e-01 1.219655136902487030e-01
4.274300000000000000e+04 1.048342197287063682e+00 7.787224864751904341e-02
4.274400000000000000e+04 1.047134508265654906e+00 1.775572912102440504e-01
4.274500000000000000e+04 1.044373586011074106e+00 1.706205973253250019e-01
4.274600000000000000e+04 1.061562791365636915e+00 -1.386259100804914475e-03
4.274700000000000000e+04 9.592955775319008671e-01 2.076300515620200515e-01
4.275100000000000000e+04 1.053773226320130485e+00 5.585614191835876902e-02
4.280700000000000000e+04 1.054443733557642870e+00 1.040076561125588550e-01
4.280800000000000000e+04 1.081541505995257113e+00 2.247349711090619873e-01
4.280900000000000000e+04 1.093787212182419921e+00 2.324978157933806910e-01
4.281100000000000000e+04 1.088142239198409467e+00 1.797666470009278566e-02
4.281200000000000000e+04 1.090878357901784002e+00 1.064319047845727340e-01
4.281300000000000000e+04 1.146526957691329063e+00 1.249154925716638997e-01
4.281400000000000000e+04 1.078032596274460575e+00 4.829061377693506796e-02
4.281500000000000000e+04 1.024827736328280503e+00 8.953141817008426762e-02
4.281700000000000000e+04 1.013732028339608737e+00 -5.107279155367275281e-02
4.281800000000000000e+04 9.685906013583875929e-01 1.011468731934530990e-01
4.283400000000000000e+04 1.040023622263668512e+00 -1.708789545136983265e-02
4.283500000000000000e+04 1.067765273437520923e+00 7.831905783264342391e-02
4.283600000000000000e+04 1.076079941469058721e+00 -2.143120493911809983e-03
4.283700000000000000e+04 1.023011657666064389e+00 1.208956539730541985e-01
4.283800000000000000e+04 1.105304856898850385e+00 1.358891095507750724e-01
4.283900000000000000e+04 1.162669515412757981e+00 1.239081840141449259e-01
4.284000000000000000e+04 8.528850317437003392e-01 1.368675745658746168e-01
4.284100000000000000e+04 1.065261125442891421e+00 7.722658546183920614e-02
4.284300000000000000e+04 1.083664662184778082e+00 1.141440666984106234e-01
4.284400000000000000e+04 9.239400080464076348e-01 1.280977479149927323e-01
4.284500000000000000e+04 9.823259187255385383e-01 5.318325187721635594e-02
4.284600000000000000e+04 1.067683688415294485e+00 1.875061784598509307e-01
4.284700000000000000e+04 1.031859124538181849e+00 5.767832653053574926e-02
4.284800000000000000e+04 9.785717970214434791e-01 1.081080834237600763e-01
4.284900000000000000e+04 9.985525577500662386e-01 -3.623659387202535220e-02
4.285800000000000000e+04 9.442061208467555922e-01 5.087972182674717347e-02
4.285900000000000000e+04 1.047360748093851157e+00 1.181406415576421870e-01
4.286000000000000000e+04 9.798580476923118843e-01 5.990019658421261856e-02
4.286100000000000000e+04 1.056269630506016854e+00 -6.515600244823412102e-02
4.286200000000000000e+04 1.097650024489745135e+00 1.472682380118574830e-01
4.286300000000000000e+04 1.087915153304138460e+00 1.378547867024419171e-01
4.286400000000000000e+04 1.078881083782079253e+00 1.911842405551989754e-01
4.286500000000000000e+04 1.044511758787449063e+00 9.249319240656637964e-02
4.286600000000000000e+04 1.088265002256032288e+00 -4.387319248237872560e-02
4.286700000000000000e+04 1.152107755857642024e+00 1.885452703220761583e-01
4.286800000000000000e+04 1.019505754202342462e+00 1.294908675214647212e-03
4.286900000000000000e+04 1.004381678557057178e+00 2.221612200556734584e-01
4.287000000000000000e+04 9.895738035348320416e-01 -5.614620142841583728e-02
4.287100000000000000e+04 1.050570150228249622e+00 -4.780126622148100392e-03
4.287200000000000000e+04 1.067862187660757023e+00 -2.633091596231893882e-03
4.288000000000000000e+04 1.020516089099444246e+00 3.624320891469656053e-02
4.288100000000000000e+04 9.797227661818854738e-01 -8.666606070513168530e-03
4.288200000000000000e+04 1.045953577236660381e+00 8.654297313881290088e-02
4.288300000000000000e+04 1.067808035839727943e+00 5.928467995202862245e-02
4.288400000000000000e+04 1.061862153759261629e+00 1.550328057389232794e-01
4.288500000000000000e+04 1.112957574167757757e+00 1.411612913099007383e-01
4.288600000000000000e+04 1.048257276992499154e+00 1.408679391813707875e-02
4.288700000000000000e+04 1.077775241401270456e+00 1.228866083535715484e-02
4.288800000000000000e+04 1.007600476972539294e+00 1.899886606490998608e-01
4.289000000000000000e+04 9.447907124993446537e-01 2.051711497638306070e-01
4.289300000000000000e+04 1.017264427842398344e+00 -6.712653532903289921e-02
4.290600000000000000e+04 9.688935197555110790e-01 9.020857138302512679e-02
4.290700000000000000e+04 9.921935875153040651e-01 1.382431260234694981e-01
4.290800000000000000e+04 1.033917389596670455e+00 7.287928868635569490e-02
4.291000000000000000e+04 1.167132555489977186e+00 6.112207734514044088e-02
4.291100000000000000e+04 1.039243566605648317e+00 1.767392676920209182e-01
4.291200000000000000e+04 1.004953685279079467e+00 1.346794244052498257e-01
4.291300000000000000e+04 1.067911526827809210e+00 7.684267586608545253e-02
4.291400000000000000e+04 1.112689503800479818e+00 1.052366627632919799e-01
4.291500000000000000e+04 9.525427545954618935e-01 1.040246691608803786e-01
4.291600000000000000e+04 1.064911108778291871e+00 1.703989745760506325e-01
4.291700000000000000e+04 1.005326003820417480e+00 -8.202982885947407432e-02
4.291800000000000000e+04 1.000651233180342103e+00 1.589943795626287334e-02
4.291900000000000000e+04 9.394273671119837132e-01 7.151685726709804125e-02
4.293100000000000000e+04 9.781822953180048241e-01 1.051167717333770513e-01
4.293300000000000000e+04 9.464123555285549605e-01 1.006559536192264681e-01
4.293500000000000000e+04 9.755995158681792789e-01 1.333284511879690992e-01
4.293900000000000000e+04 8.355066490249611899e-01 6.374595471394831417e-03
4.294000000000000000e+04 1.001380703755961665e+00 -7.747203393330428373e-03
4.294100000000000000e+04 9.235687161472786455e-01 -5.551882507898631310e-03
4.295700000000000000e+04 6.520336414074531239e-01 4.751320352111527284e-02
4.301700000000000000e+04 8.725750702197822006e-01 1.581872405501319190e-01
4.303900000000000000e+04 9.596831787459051410e-01 7.941658235114691655e-02
4.304000000000000000e+04 9.080644877235327650e-01 7.237383491054530382e-02
4.304100000000000000e+04 9.054573915306446397e-01 1.503288935598480133e-02
4.313100000000000000e+04 9.819029955228405493e-01 6.402381406608663450e-02
4.326300000000000000e+04 1.040208730938913639e+00 1.215048707758059066e-01
4.330600000000000000e+04 1.046683439454751285e+00 1.294978922045084135e-01
4.330700000000000000e+04 1.151311642554753378e+00 1.820400327417106834e-01
4.330800000000000000e+04 1.204308090317285806e+00 1.314220274995016036e-01
4.330900000000000000e+04 1.112328388724030281e+00 1.234391714585517108e-01
4.331000000000000000e+04 1.155364808789715481e+00 9.948020507668925427e-02
4.331100000000000000e+04 9.806213694179372053e-01 -5.694496187966575917e-02
4.331200000000000000e+04 1.331138630300897407e+00 1.215819297861379378e-01
4.331300000000000000e+04 8.349718754930600673e-01 1.073204289642646775e-01
4.332100000000000000e+04 1.057743907389648186e+00 4.566073920712063194e-02
4.332200000000000000e+04 1.111402673319770606e+00 2.096151026550200636e-01
4.332300000000000000e+04 1.192949962094631333e+00 6.258069927795624487e-02
4.332400000000000000e+04 1.100223288088406637e+00 1.477123339265866420e-01
4.332500000000000000e+04 1.076803999439241766e+00 1.425236520881016100e-01
4.332600000000000000e+04 1.394555701837407735e+00 1.166509483723752461e-01
4.332700000000000000e+04 1.208848003044055819e+00 9.911227932666802354e-02
4.332800000000000000e+04 1.212825004521572270e+00 1.225809339285625077e-01
4.332900000000000000e+04 1.040987136823431358e+00 -4.291039104780200453e-02
4.333000000000000000e+04 1.073700360238073692e+00 -4.320535756571136643e-02
4.334200000000000000e+04 1.053403550791170762e+00 -1.437112883051869586e-02
4.335200000000000000e+04 1.214749293277134656e+00 6.508442621709678577e-02
4.335400000000000000e+04 1.308816573270369155e+00 7.073993507532981562e-02
4.335500000000000000e+04 9.171763472831866437e-01 -9.789545138767836996e-02
4.335600000000000000e+04 1.062477517757435486e+00 -2.222254046793060642e-02
4.335800000000000000e+04 1.000660316362890878e+00 -7.479860978122081228e-03
4.337000000000000000e+04 9.801950575266843435e-01 1.819059616650087752e-01
4.337200000000000000e+04 1.041876658484742313e+00 3.396424276700660966e-02
4.337400000000000000e+04 1.232354596077142261e+00 1.558380964421969828e-01
4.337500000000000000e+04 1.224776425278061076e+00 1.145176805411836918e-01
4.337600000000000000e+04 1.144780978420419482e+00 -3.272180558195296463e-02
4.337700000000000000e+04 1.100106437192524433e+00 -1.859309795274018823e-02
4.337800000000000000e+04 1.019664665808682091e+00 -7.419318334033747631e-02
4.338200000000000000e+04 8.040847187484546632e-01 -1.248355187788564510e-02
4.341500000000000000e+04 1.138495019829069532e+00 7.622563026692870392e-02
4.341600000000000000e+04 1.191251287518746871e+00 1.267416078440529448e-01
4.341700000000000000e+04 1.107391157439766793e+00 1.295197311386487860e-01
4.341800000000000000e+04 1.059902352760438982e+00 5.175468066031239933e-02
4.341900000000000000e+04 1.161074156288582682e+00 1.722232620627280608e-01
4.342100000000000000e+04 1.168535638378044750e+00 9.328150926616203542e-02
4.342200000000000000e+04 1.012839754348508592e+00 2.845334246777043649e-02
4.342300000000000000e+04 1.041124320612207610e+00 3.463827667111200187e-02
4.342400000000000000e+04 9.934555757677683285e-01 2.425392854220891070e-02
4.342500000000000000e+04 9.689258255819520604e-01 7.198228938658876586e-02
4.342600000000000000e+04 1.027776201035816017e+00 -5.016076486424073111e-02
4.342700000000000000e+04 9.421905157654886231e-01 -6.656190256073672706e-02
4.342800000000000000e+04 9.658930128363891754e-01 4.625669919734493041e-02
4.342900000000000000e+04 9.493358761596354389e-01 -4.557855880881062083e-02
4.343700000000000000e+04 1.088785046301262716e+00 1.369083032489469276e-01
4.343800000000000000e+04 1.039816468358346402e+00 2.032846597152905832e-01
4.343900000000000000e+04 1.021693203519803639e+00 1.374771455659018204e-01
4.344000000000000000e+04 9.495473381487198328e-01 5.936121618471478824e-03
4.344100000000000000e+04 9.956353566900852936e-01 -1.953799972477194280e-01
4.344400000000000000e+04 1.028610707707806160e+00 4.873944532565164384e-02
4.344500000000000000e+04 1.030966474820309120e+00 1.909907956773244930e-02
4.344600000000000000e+04 8.934881174005950832e-01 9.936219728891083902e-02
4.344700000000000000e+04 9.841902468035430562e-01 1.536567980958405133e-01
4.344800000000000000e+04 9.156085240800758696e-01 5.544597301150419773e-03
4.346200000000000000e+04 1.143137851225523693e+00 1.164377478681505040e-01
4.346300000000000000e+04 1.076298672983571070e+00 2.025265763373737260e-01
4.346400000000000000e+04 1.062841792479341851e+00 6.413759858857637219e-02
4.346500000000000000e+04 1.107634579251353557e+00 1.542761006414517244e-01
4.346600000000000000e+04 1.010121235853649768e+00 -5.394055367337571155e-02
4.346800000000000000e+04 1.028024482600558898e+00 5.308597990779698184e-02
4.346900000000000000e+04 9.541038845818583525e-01 4.724038997530143058e-02
4.347000000000000000e+04 1.051505118012912687e+00 7.507367761377205240e-02
4.348100000000000000e+04 1.130520746012023237e+00 1.263416196034860828e-01
4.348200000000000000e+04 1.101244349217630036e+00 1.515811641866055270e-01
4.348300000000000000e+04 1.068375365808853950e+00 4.180318927689721104e-02
4.348400000000000000e+04 1.010683758905971175e+00 -2.358969514674954526e-01
4.348500000000000000e+04 1.109289238454606474e+00 -2.912093697883454298e-03
4.348600000000000000e+04 1.042375889572383807e+00 -6.649535388395802493e-02
4.348800000000000000e+04 1.056225853264479042e+00 1.121643634566458353e-01
4.348900000000000000e+04 1.031064825500976001e+00 6.494637681406398300e-02
4.349000000000000000e+04 1.054244565449920401e+00 9.922800822841934543e-02
4.349100000000000000e+04 9.803698156652793649e-01 -2.646695355431143495e-02
4.352700000000000000e+04 9.792972851518522148e-01 -1.402206180308617281e-02
4.352900000000000000e+04 1.081949929519008258e+00 5.810598933864342952e-02
4.353000000000000000e+04 1.114578745207674526e+00 1.038644915845569616e-01
4.353100000000000000e+04 1.096762309611700292e+00 -1.082307101600595012e-02
4.353300000000000000e+04 1.064074097318703949e+00 3.272432407434382184e-02
4.353400000000000000e+04 1.035728740325272845e+00 -8.798293177367849660e-02
4.353500000000000000e+04 1.036768806210870641e+00 -5.899437780857669233e-02
4.353600000000000000e+04 9.569691945722799131e-01 -7.339554338857801931e-03
4.353700000000000000e+04 9.932561676453730559e-01 -1.163484213340687939e-01
4.353800000000000000e+04 1.077509975636893103e+00 -4.521940459260988948e-02
4.354500000000000000e+04 1.072341535130834744e+00 5.295403229016182323e-02
4.354600000000000000e+04 1.009081492970841376e+00 -2.861504626647901409e-02
4.354800000000000000e+04 9.927256650396678594e-01 7.568700715084826502e-02
4.355100000000000000e+04 1.006056982296325453e+00 -3.985368512361511795e-02
4.355200000000000000e+04 1.087805872517888517e+00 -6.707177266045785680e-02
4.355300000000000000e+04 1.099869362932879291e+00 1.010690186483413980e-02
4.365100000000000000e+04 1.001358498595387614e+00 4.400607714067070880e-02
4.365200000000000000e+04 1.150242492541180939e+00 8.936621906499930823e-02
4.365300000000000000e+04 9.445463126259248110e-01 -3.216246436353166482e-02
4.365400000000000000e+04 1.094825955742477097e+00 -2.387766280267921652e-03
