3.363500000000000000e+04 1.027831856891428641e+00 7.449965426240238997e-02
3.363600000000000000e+04 1.047173978593320509e+00 8.486327921808954622e-02
3.363900000000000000e+04 1.052991457299412348e+00 1.358845913781245307e-01
3.364000000000000000e+04 1.080604137139311360e+00 5.897401712774587301e-02
3.364200000000000000e+04 1.021993087134823952e+00 2.221545475512367446e-02
3.364400000000000000e+04 9.704424582069025584e-01 9.226504435986070118e-02
3.365100000000000000e+04 1.025157285780510019e+00 1.420389503191876387e-03
3.365200000000000000e+04 1.279812955210408054e+00 -6.291352755692926346e-02
3.365300000000000000e+04 1.236913194704323704e+00 1.456114586318054717e-02
3.365400000000000000e+04 1.017187527202342290e+00 -2.536577875576229504e-02
3.365500000000000000e+04 9.826989169397417623e-01 1.199940031599319723e-01
3.366700000000000000e+04 9.918928459334490633e-01 1.276472541044303133e-01
3.366800000000000000e+04 1.048779157499757808e+00 1.319267956669266384e-01
3.367100000000000000e+04 1.024705654842146707e+00 1.102120303660564793e-01
3.367200000000000000e+04 1.027642883654522388e+00 1.219533797432892225e-01
3.367300000000000000e+04 1.107074631836735490e+00 5.204971742282832325e-02
3.367500000000000000e+04 1.054726563466738209e+00 7.306855166973327820e-02
3.368100000000000000e+04 1.113784845431648129e+00 -9.102261716352653964e-02
3.368200000000000000e+04 1.320922234474104728e+00 -5.465756622968284684e-02
3.368300000000000000e+04 1.020250179320297379e+00 -3.316083542555130909e-02
3.368400000000000000e+04 1.047443055426225955e+00 -2.943074612524915548e-02
3.369400000000000000e+04 1.111348261843248642e+00 3.457157088556688657e-02
3.369500000000000000e+04 1.104878316318145925e+00 7.495351435752115044e-02
3.369600000000000000e+04 1.145942737315457594e+00 8.325289582275925693e-02
3.369700000000000000e+04 9.871127282845598705e-01 6.228612761261264480e-02
3.369800000000000000e+04 1.103872489259266843e+00 5.198871397680623896e-02
3.369900000000000000e+04 1.141501548607622762e+00 2.125238831868235534e-02
3.370700000000000000e+04 9.029967467481510024e-01 4.429980809425783372e-02
3.370800000000000000e+04 1.293049658091865339e+00 -3.177321278317268849e-02
3.370900000000000000e+04 1.038944315709056765e+00 7.884270583187601156e-02
3.371000000000000000e+04 1.134115195167226142e+00 3.422161149325858576e-02
3.371100000000000000e+04 1.061220215231901465e+00 -9.622048199631019413e-03
3.372200000000000000e+04 1.099682859045306049e+00 9.697846251886448055e-02
3.372300000000000000e+04 1.082732322484875276e+00 6.452831639243344908e-02
3.372400000000000000e+04 9.779618728513572723e-01 5.515099782326718381e-02
3.372500000000000000e+04 1.158891065394353381e+00 5.562846008119734509e-02
3.372600000000000000e+04 1.105857788701462452e+00 -6.390205438947867134e-02
3.372700000000000000e+04 1.094906000225444487e+00 -7.910857090039265238e-02
3.374600000000000000e+04 1.088636162176119138e+00 3.396820812274319035e-02
3.374700000000000000e+04 1.094507359572956640e+00 2.656375993035756111e-02
3.374800000000000000e+04 1.105522281140009833e+00 5.795492255479209320e-02
3.374900000000000000e+04 1.308279625574455096e+00 -8.833626065729677582e-03
3.375000000000000000e+04 1.106303608462458898e+00 2.205404442882999763e-02
3.375100000000000000e+04 1.034572131359123848e+00 2.785133582176275643e-02
3.376400000000000000e+04 1.000540300573779628e+00 -4.530224673976750854e-02
3.376500000000000000e+04 9.930257293988060674e-01 -1.045303903858905287e-01
3.376600000000000000e+04 1.119330761447810296e+00 -7.197993381053628681e-02
3.376700000000000000e+04 1.138777771921022142e+00 -8.200482345274834588e-04
3.376800000000000000e+04 1.107425677608699477e+00 3.102998074319158681e-02
3.376900000000000000e+04 1.069461144631200344e+00 1.343305364567528859e-01
3.377000000000000000e+04 1.026446635906403726e+00 8.785907762270343813e-02
3.377100000000000000e+04 1.088629992289323667e+00 1.000870355789306027e-01
3.377200000000000000e+04 1.121213572639235156e+00 5.491042530165171631e-02
3.377300000000000000e+04 1.006048874008696581e+00 1.115304559331814216e-01
3.377400000000000000e+04 1.084613455151140160e+00 1.057830675574082668e-01
3.378700000000000000e+04 1.086301874302475046e+00 -7.023684091530387960e-03
3.378800000000000000e+04 9.909232787172704837e-01 -7.049443520008552566e-02
3.378900000000000000e+04 1.093902753912542769e+00 -8.770029601894172022e-02
3.379000000000000000e+04 1.094859028457176864e+00 -2.322764546575129332e-02
3.379100000000000000e+04 1.144044669298089678e+00 -7.637616612859411507e-03
3.379200000000000000e+04 1.074052459336141796e+00 7.794517948545540142e-02
3.379300000000000000e+04 1.075555142240957940e+00 8.344331293425273632e-02
3.379400000000000000e+04 1.103889668766029786e+00 3.735565646247420574e-02
3.379500000000000000e+04 1.025772655814395584e+00 1.071224256931032487e-01
3.379600000000000000e+04 1.020661885339933628e+00 7.863791113316166703e-02
3.379700000000000000e+04 1.049970341813955432e+00 1.562357458295418611e-01
3.379800000000000000e+04 1.073446765120824375e+00 4.751229796280798112e-02
3.379900000000000000e+04 1.030549964115452521e+00 1.238446957049868652e-01
3.380000000000000000e+04 1.083661380559069354e+00 3.289552196515403010e-02
3.380100000000000000e+04 9.360336360980848758e-01 -1.492856099698589099e-03
3.380900000000000000e+04 1.127944509838194609e+00 -3.450300199552856772e-02
3.381000000000000000e+04 1.109051299377557642e+00 2.737840932270407812e-02
3.381100000000000000e+04 1.051680232197540921e+00 9.621940965865525414e-03
3.381200000000000000e+04 1.154574802704238623e+00 -1.899575123425770173e-02
3.381300000000000000e+04 1.375906355634923806e+00 1.285764961614691559e-01
3.381400000000000000e+04 1.076220428760064296e+00 9.393811637917197366e-02
3.381500000000000000e+04 1.046260270637200174e+00 5.425210936488618352e-02
3.381600000000000000e+04 1.072994351352937192e+00 4.004391042163370912e-02
3.381700000000000000e+04 1.096705884736565606e+00 1.053011526636030565e-01
3.381900000000000000e+04 1.342452944985577767e+00 2.517686181426386297e-02
3.382000000000000000e+04 1.025107072659551033e+00 -7.020674421288335132e-02
3.382100000000000000e+04 1.062659742205939173e+00 -2.733074842240880778e-02
3.382200000000000000e+04 1.001058546814080463e+00 -4.276937358371273035e-02
3.385000000000000000e+04 8.760908805597295013e-01 2.282726263852641324e-01
3.385100000000000000e+04 8.572098934892850020e-01 1.908585922541873869e-01
3.385200000000000000e+04 9.822937887811145075e-01 8.683202017833333008e-02
3.385400000000000000e+04 9.809497703138395641e-01 1.104090230593060273e-01
3.385500000000000000e+04 1.024717575556229221e+00 6.239214916947994488e-02
3.385600000000000000e+04 8.650331494063800974e-01 -5.577905028161961321e-02
3.389400000000000000e+04 1.079125406611910920e+00 1.222830032662032690e-01
3.389500000000000000e+04 1.043325208086925082e+00 6.331179397416572541e-02
3.389600000000000000e+04 1.030109971521104173e+00 2.044061086341183442e-01
3.389700000000000000e+04 1.057922677890055674e+00 3.262337998724344074e-02
3.389800000000000000e+04 1.042147201260460010e+00 -3.629671058086143820e-02
3.389900000000000000e+04 1.068639341727277481e+00 -3.550957694318295638e-02
3.390000000000000000e+04 1.138040726344761611e+00 4.974523998582930373e-02
3.390100000000000000e+04 9.081151275529157907e-01 -1.203321592719049787e-01
3.392700000000000000e+04 1.038536183186239636e+00 7.983608639187407541e-02
3.392800000000000000e+04 1.083876024479248912e+00 1.458867463287559507e-01
3.392900000000000000e+04 1.060284392320209657e+00 1.107615865298438029e-01
3.393000000000000000e+04 1.046614046203879544e+00 6.932210165061666006e-03
3.393100000000000000e+04 9.861741398462487984e-01 5.021085582278203563e-02
3.399000000000000000e+04 1.032495880655379228e+00 -1.798520301698895360e-02
3.399100000000000000e+04 1.095257416957594598e+00 -6.640396928650109387e-02
3.399200000000000000e+04 1.063183563411322030e+00 4.523500238207873309e-03
3.399300000000000000e+04 9.573475671066989934e-01 -1.767437304215931787e-02
3.400400000000000000e+04 1.081185628116894115e+00 9.570781190248836209e-03
3.400500000000000000e+04 1.159384021542680943e+00 2.363945580336042351e-03
3.407900000000000000e+04 1.112197656202158491e+00 2.062364164558430982e-02
3.408000000000000000e+04 1.147875501548455857e+00 -3.369861693934451258e-02
3.408100000000000000e+04 1.102819009707973752e+00 1.660262793636612666e-01
3.408200000000000000e+04 1.054930122059513975e+00 6.316145157534885923e-02
3.411100000000000000e+04 7.294119784632360215e-01 -1.492201311623263804e-01
3.411200000000000000e+04 7.630004785185341420e-01 -1.572250629998739879e-01
3.411300000000000000e+04 9.618255616122223239e-01 9.830125352789439996e-02
3.411600000000000000e+04 9.688619365944695083e-01 7.064745510866557443e-02
3.413200000000000000e+04 7.948610269366603864e-01 -1.498723239515279693e-01
3.413300000000000000e+04 8.217204925102199464e-01 -1.497482555027251083e-01
3.413800000000000000e+04 9.823377642617904248e-01 9.340802203689052563e-02
3.413900000000000000e+04 9.659603989573840588e-01 1.106029938754719416e-01
3.414100000000000000e+04 1.059055210103618139e+00 9.859958715071841240e-02
3.416400000000000000e+04 9.749126745456817567e-01 1.461251662957950559e-02
3.416600000000000000e+04 1.015343386404561343e+00 9.909539633353821320e-02
3.416700000000000000e+04 9.305393399865219406e-01 -3.570240339567020554e-02
3.416800000000000000e+04 1.069043905588934251e+00 1.169287900612926562e-01
3.419000000000000000e+04 9.008893015274156424e-01 1.467935389464404376e-02
3.421100000000000000e+04 1.018039456294977496e+00 6.346190374348403829e-02
3.421300000000000000e+04 1.091349293323267577e+00 9.263012835392102351e-02
3.422600000000000000e+04 9.519812530771082359e-01 7.565070931470975479e-02
3.423000000000000000e+04 9.012265686725969838e-01 9.870668068658135577e-03
3.423300000000000000e+04 9.319952213029006893e-01 3.942770988585001662e-02
3.424100000000000000e+04 9.768993151608020842e-01 3.084296464576813390e-02
3.424300000000000000e+04 9.536298475390130314e-01 1.705235592808994893e-01
3.424500000000000000e+04 9.567015195939957417e-01 -4.583576404703301917e-03
3.424600000000000000e+04 7.795916141756490392e-01 -1.136082408847744751e-01
3.424700000000000000e+04 7.634152498038816459e-01 -1.580103457339176731e-01
3.426200000000000000e+04 9.319070597049207150e-01 7.687371708447086893e-02
3.426300000000000000e+04 9.847201283546964667e-01 7.042963263243903760e-02
3.426400000000000000e+04 9.727761374309051856e-01 1.085674150869661153e-01
3.426500000000000000e+04 1.011937896378738877e+00 7.020782049892883292e-02
3.426600000000000000e+04 8.659079305255070746e-01 -7.357779514519062480e-02
3.426700000000000000e+04 9.913870655975464130e-01 5.399140338735738953e-02
3.426800000000000000e+04 8.794006200782513716e-01 4.670960176313726508e-02
3.426900000000000000e+04 9.172893399684842741e-01 -5.201059571550211737e-03
3.428300000000000000e+04 9.096466935042243351e-01 9.732815344756837184e-02
3.428400000000000000e+04 9.823535122834925470e-01 7.351840419484205469e-02
3.428500000000000000e+04 1.021094747393604285e+00 5.035586704176724798e-02
3.428600000000000000e+04 8.986012578155837538e-01 1.106121337770501339e-01
3.428800000000000000e+04 9.335949081824457263e-01 -2.672274626646007831e-02
3.429200000000000000e+04 1.233658903177673238e+00 3.354441036411111646e-03
3.429300000000000000e+04 1.001796738849536350e+00 3.579284147397393534e-02
3.429400000000000000e+04 9.805178508800578285e-01 1.134382151150677559e-01
3.429500000000000000e+04 9.692450817862102719e-01 8.608264572182641738e-02
3.429700000000000000e+04 1.018571401333780546e+00 -2.144608722729830427e-02
3.429800000000000000e+04 9.193141366922663593e-01 -6.593100993980723079e-02
3.429900000000000000e+04 9.474084226001726616e-01 3.958264189084265833e-02
3.430000000000000000e+04 9.719135535520347924e-01 9.481874520430606801e-02
3.431100000000000000e+04 9.403507490009060943e-01 2.086524907225235370e-01
3.431200000000000000e+04 1.058102161339467662e+00 1.093117978024541470e-01
3.431500000000000000e+04 9.150239319447407427e-01 -1.046336286728302561e-01
3.431700000000000000e+04 1.013987678818379479e+00 2.389862342561569278e-02
3.431800000000000000e+04 1.031071654275618199e+00 -1.441016882046938438e-02
3.431900000000000000e+04 9.938710536157220332e-01 1.978676998278152549e-02
3.432000000000000000e+04 9.669679152758851037e-01 8.561358367130947333e-02
3.432100000000000000e+04 1.026198898177716590e+00 5.621073295341231374e-02
3.432200000000000000e+04 1.011644534343190127e+00 7.174327618362766334e-02
3.432300000000000000e+04 1.054662165439585797e+00 4.701103377288867735e-02
3.432400000000000000e+04 1.036976625946646413e+00 5.037196124525622487e-02
3.432500000000000000e+04 9.488897407174643472e-01 7.835820680628753296e-03
3.436700000000000000e+04 1.000067171005996514e+00 -6.183015560835163071e-03
3.436800000000000000e+04 1.057198148170900964e+00 5.200461184412669136e-02
3.436900000000000000e+04 1.007859884567712916e+00 -8.747510891584472925e-02
3.437000000000000000e+04 1.066458146527710094e+00 3.469750818636843648e-02
3.437100000000000000e+04 1.054963483758749820e+00 1.127587133131083830e-01
3.437200000000000000e+04 1.110019988399971735e+00 2.065018116255619429e-02
3.437300000000000000e+04 1.169587099263926788e+00 -1.803344768522839592e-02
3.437400000000000000e+04 9.748932098994457229e-01 1.107015835726275904e-01
3.437500000000000000e+04 1.095288304177259642e+00 5.901432403275754662e-02
3.437800000000000000e+04 9.301159233280487104e-01 -4.892951546182495309e-02
3.437900000000000000e+04 1.027327453838531301e+00 6.719147440598616239e-02
3.438000000000000000e+04 9.296975901032236145e-01 -4.355753350732938928e-02
3.438100000000000000e+04 9.560381480666488851e-01 -1.625215763101465344e-02
3.439300000000000000e+04 1.085826258202628347e+00 2.761545179132613576e-02
3.439400000000000000e+04 9.883666962308427228e-01 1.958558354785183697e-02
3.439800000000000000e+04 9.076372231842058103e-01 -1.468898647262646684e-02
3.439900000000000000e+04 1.106345165070595993e+00 6.906603425595950717e-03
3.440000000000000000e+04 1.104686598846019052e+00 4.181415181731190644e-02
3.440100000000000000e+04 1.114737281024862581e+00 -4.192114551082302965e-02
3.440200000000000000e+04 1.104740336818595292e+00 2.860838357853666761e-02
3.440300000000000000e+04 1.053389356683260836e+00 5.145765451925875950e-02
3.440400000000000000e+04 1.069991601448539997e+00 5.494221032315578512e-02
3.440500000000000000e+04 9.076096081354841916e-01 9.391235346329296352e-02
3.440600000000000000e+04 1.038335260604677845e+00 -1.324598562774000760e-02
3.440700000000000000e+04 1.086292137380469036e+00 -2.330275529068763507e-02
3.440800000000000000e+04 1.039016049927474539e+00 1.191558727224148115e-02
3.441000000000000000e+04 9.614347994565249911e-01 2.283515294542705007e-02
3.441100000000000000e+04 9.831523597567631834e-01 3.662351751435147934e-02
3.444000000000000000e+04 9.415022194070923334e-01 3.459712867653391005e-02
3.444100000000000000e+04 9.061927527024202789e-01 -3.586045513859835443e-02
3.446600000000000000e+04 1.002736197430380338e+00 8.606023527786801908e-02
