3.446700000000000000e+04 9.817740526811662427e-01 1.993237595819999722e-02
3.446800000000000000e+04 9.530695081251540079e-01 -1.896858036645835965e-01
3.446900000000000000e+04 9.931687489770982813e-01 5.186425990280225939e-02
3.447000000000000000e+04 9.976279140003967427e-01 1.002931371584452752e-01
3.447100000000000000e+04 9.754693099148907809e-01 -5.995507151495665932e-02
3.447300000000000000e+04 9.459633338625216270e-01 4.051535406720327415e-02
3.447400000000000000e+04 1.055416453695392498e+00 -9.769651896771256935e-03
3.447500000000000000e+04 1.011975002513028743e+00 -1.960936448444749458e-01
3.447600000000000000e+04 1.059271118453788629e+00 2.291014063403629814e-02
3.447700000000000000e+04 1.112461140376228341e+00 2.903578018345375628e-02
3.448900000000000000e+04 1.013702716999899556e+00 6.017870979740311266e-03
3.449000000000000000e+04 9.460552947725945350e-01 -1.004580640935417435e-01
3.449100000000000000e+04 9.721457943490038334e-01 7.310845010121017062e-02
3.449200000000000000e+04 9.670241243732972114e-01 -3.401189614380342036e-02
3.449300000000000000e+04 1.048953403467388856e+00 -8.441639777702182948e-04
3.449400000000000000e+04 1.084311646459874767e+00 5.101522944937662146e-02
3.449500000000000000e+04 1.009624589415027973e+00 5.519715733717305353e-03
3.449600000000000000e+04 1.009841842680148316e+00 -1.153383687406564842e-03
3.449700000000000000e+04 9.483989313922407405e-01 3.343192533437180924e-02
3.449800000000000000e+04 1.074840351377369885e+00 6.804083443033517864e-02
3.449900000000000000e+04 1.070558623157468636e+00 -1.840932999451641919e-02
3.450000000000000000e+04 1.044606049797427882e+00 6.103943162429239372e-02
3.450900000000000000e+04 1.032870148609106087e+00 7.220990525592715925e-02
3.451000000000000000e+04 1.127210529245383119e+00 -8.782749544951807055e-03
3.451100000000000000e+04 1.077168025247200456e+00 -1.900943899995769307e-02
3.451200000000000000e+04 9.572313993363320561e-01 4.798228279448485400e-02
3.451300000000000000e+04 9.383141682663714844e-01 -2.575382782264976078e-02
3.451500000000000000e+04 1.107422601296528919e+00 -9.711131877266061807e-02
3.451600000000000000e+04 1.066709443862372098e+00 1.955090614190773887e-02
3.451700000000000000e+04 1.127355024595556365e+00 -4.167317351786507806e-02
3.455000000000000000e+04 6.475182753016890391e-01 1.817822255851350016e-02
3.455500000000000000e+04 9.356835571450399236e-01 1.705935267041374659e-01
3.461000000000000000e+04 1.048416478470869384e+00 3.147464210218454267e-02
3.461100000000000000e+04 1.052687575401782150e+00 1.076623286992747924e-01
3.462200000000000000e+04 9.719206640281592424e-01 5.792759074478749659e-02
3.478500000000000000e+04 8.091097266392756060e-01 5.106684944672326698e-02
3.478600000000000000e+04 8.348923226271980358e-01 -1.947546922820069144e-03
3.479600000000000000e+04 1.181357649827592393e+00 1.895745413545144309e-01
3.479700000000000000e+04 1.207353286822593574e+00 9.034651481383783322e-02
3.479800000000000000e+04 1.128962097535880504e+00 8.163225500968657178e-02
3.480000000000000000e+04 1.067473747764737579e+00 -7.963311263657733494e-03
3.480100000000000000e+04 1.061770231301240930e+00 -4.273686780687608808e-03
3.480200000000000000e+04 1.100367513723738977e+00 7.036414827902490177e-02
3.480300000000000000e+04 1.038099352174077339e+00 2.915505202513282018e-02
3.480400000000000000e+04 1.067618210839805570e+00 -3.326813346668026222e-02
3.481100000000000000e+04 9.905108419533118491e-01 3.070205781344698907e-03
3.485000000000000000e+04 1.266244753707601367e+00 6.937936884647677438e-02
3.485100000000000000e+04 1.170194858933740312e+00 6.803396860782770506e-02
3.485200000000000000e+04 1.153925371944342748e+00 -8.695514858870365127e-02
3.485400000000000000e+04 1.112472653915217435e+00 -5.471464223004932070e-02
3.485500000000000000e+04 1.269018928181430583e+00 -1.690462991057491496e-03
3.485600000000000000e+04 1.265444325152319083e+00 1.969900504632134119e-01
3.485700000000000000e+04 1.140859091225016497e+00 -6.095817489220851232e-02
3.485800000000000000e+04 1.135413556288638937e+00 4.833963603936977660e-02
3.485900000000000000e+04 1.215879441404445815e+00 4.483785841844301762e-02
3.486000000000000000e+04 1.085885937451697592e+00 -3.931048268742722701e-02
3.486100000000000000e+04 1.068459961784459678e+00 -4.471484868069357244e-02
3.486200000000000000e+04 1.232938418848713580e+00 6.376396162402006573e-02
3.486300000000000000e+04 1.252861231161412459e+00 1.112853133573060704e-01
3.487400000000000000e+04 1.146843894601930813e+00 1.898822238166455734e-01
3.487600000000000000e+04 1.047802403514559888e+00 2.369114922960653333e-02
3.487700000000000000e+04 1.037407079187314007e+00 -4.463013365784287284e-02
3.487900000000000000e+04 1.050041479622725316e+00 2.804885540335226579e-02
3.488000000000000000e+04 1.053199202773177134e+00 4.789247852784126250e-03
3.488100000000000000e+04 1.094057826304154712e+00 -1.523916392532524353e-02
3.488200000000000000e+04 1.159857144059702305e+00 1.245862630042364888e-01
3.488300000000000000e+04 1.028705353760492436e+00 -2.452688118036586151e-02
3.488400000000000000e+04 1.040386235611762356e+00 6.975492812338202064e-02
3.488500000000000000e+04 1.094055177184716676e+00 7.339387496777168007e-02
3.488600000000000000e+04 9.880930888537257095e-01 1.545819607275224390e-02
3.488700000000000000e+04 1.044708171656854034e+00 2.706584673479851821e-02
3.488800000000000000e+04 1.211529593099951452e+00 5.415053151200221321e-02
3.488900000000000000e+04 1.122954695147282633e+00 1.081279106582696548e-01
3.490100000000000000e+04 1.205558708216747155e+00 1.060110176275766147e-01
3.490200000000000000e+04 1.107779042666352742e+00 9.542136396831489564e-02
3.490300000000000000e+04 1.057051453784654038e+00 5.351726076359266532e-02
3.490400000000000000e+04 1.012312237506707735e+00 -8.255612661154868026e-02
3.490500000000000000e+04 1.083243486402852396e+00 -1.585064817167563395e-02
3.490600000000000000e+04 9.658508303819546281e-01 5.038359899467993730e-02
3.490700000000000000e+04 1.055747983717721938e+00 4.849377244480938820e-02
3.490800000000000000e+04 1.109210517530389906e+00 1.087979230951483245e-01
3.490900000000000000e+04 1.029022959264939363e+00 4.790958339523053444e-02
3.491000000000000000e+04 1.006231726263658643e+00 -1.461473205472432237e-02
3.491100000000000000e+04 1.095422220281314196e+00 -4.126666536926497375e-03
3.491200000000000000e+04 1.031634375330452880e+00 -1.346652408363382611e-02
3.491300000000000000e+04 9.498434580622834300e-01 -3.688388364811827358e-02
3.491400000000000000e+04 1.093250889365924960e+00 5.311369159272093937e-02
3.491500000000000000e+04 9.980797716619460580e-01 1.729718509380832048e-01
3.491600000000000000e+04 1.107948510368133688e+00 4.315520277575737168e-02
3.492800000000000000e+04 1.066037221404680713e+00 -1.151579241986660715e-02
3.492900000000000000e+04 1.052641023940014131e+00 -2.743683708333302662e-02
3.493000000000000000e+04 1.088619772320220669e+00 1.704403325441642900e-02
3.493100000000000000e+04 1.050092942439529331e+00 5.555271145236481689e-02
3.493200000000000000e+04 1.070292472051696420e+00 1.432886909921446319e-03
3.493300000000000000e+04 1.101711516946305869e+00 2.565035182747080547e-02
3.493400000000000000e+04 1.033416769874678565e+00 3.324079381752467754e-02
3.493500000000000000e+04 1.030462785597576758e+00 6.204913581436292611e-03
3.493600000000000000e+04 1.040700531466944634e+00 4.223799278508241772e-02
3.493700000000000000e+04 1.092427860147763496e+00 1.627068654289545446e-01
3.493800000000000000e+04 1.073790814754774114e+00 1.102257687359600863e-01
3.495500000000000000e+04 1.081886957887805423e+00 -1.285600323226038059e-02
3.495600000000000000e+04 1.002651115416818062e+00 1.219327646247700229e-02
3.495700000000000000e+04 1.087802097289282344e+00 2.633742316821469434e-02
3.495900000000000000e+04 1.073755232905911017e+00 7.741557463711354510e-03
3.496000000000000000e+04 9.990180717709920000e-01 3.554110692500844076e-03
3.496100000000000000e+04 9.867209406557843065e-01 3.492125773486672718e-02
3.496200000000000000e+04 1.025187473095642732e+00 -4.557862171031666632e-02
3.496300000000000000e+04 1.100508806405837481e+00 6.482681715000005070e-03
3.496400000000000000e+04 1.005292324695764794e+00 9.072884279378367473e-03
3.496500000000000000e+04 1.052577497332391143e+00 -3.388990153897807056e-02
3.496700000000000000e+04 9.857513058264582018e-01 7.135806895435134467e-02
3.498100000000000000e+04 1.151402510284785796e+00 -5.623117447313746332e-03
3.498200000000000000e+04 1.039922878460602718e+00 -3.770000798748493476e-02
3.498300000000000000e+04 1.067077641987364212e+00 -9.252877519246725802e-02
3.498400000000000000e+04 1.116773241096463254e+00 -2.657422867786496390e-02
3.498500000000000000e+04 1.124316118875085646e+00 -5.001465937914863907e-02
3.498600000000000000e+04 1.094868994634904391e+00 6.417940904997360141e-02
3.498800000000000000e+04 1.027750676946029174e+00 -2.466850700343690278e-02
3.498900000000000000e+04 1.061430443174855798e+00 -7.716224737124943722e-02
3.499000000000000000e+04 1.022412701827005943e+00 -2.038805462644414229e-02
3.499100000000000000e+04 1.025088094432281771e+00 9.989151733805171074e-02
3.499200000000000000e+04 1.071532065660196098e+00 5.501587517274454664e-02
3.500500000000000000e+04 1.067794095529842169e+00 -3.899549350100627726e-02
3.500600000000000000e+04 1.037060413041156481e+00 -3.848497281489595551e-02
3.500700000000000000e+04 9.834538712520427550e-01 -1.004809822928978344e-02
3.500800000000000000e+04 1.125961736584531581e+00 1.295914559153289042e-02
3.500900000000000000e+04 1.015243938901588150e+00 -3.815175656059429515e-03
3.501000000000000000e+04 1.076444963532999344e+00 5.163133060907465488e-02
3.501100000000000000e+04 1.022024818694873272e+00 -2.066536600173695531e-02
3.501200000000000000e+04 1.048436928609898899e+00 2.454875309717679047e-02
3.501300000000000000e+04 9.702928664452595831e-01 -5.188883258439569435e-02
3.501400000000000000e+04 9.587672634292035978e-01 -2.609692725853190662e-02
3.501500000000000000e+04 1.008457354461852029e+00 -2.583185143609763312e-02
3.501600000000000000e+04 1.021416342509261943e+00 -1.570588987607459894e-02
3.505000000000000000e+04 1.063333984703240809e+00 -2.342759678124690242e-02
3.505100000000000000e+04 8.871399973325702071e-01 4.576141211247265923e-03
3.505200000000000000e+04 9.636082528111870049e-01 8.298214339209238760e-03
3.505300000000000000e+04 1.003824188042580667e+00 -5.461978464369953226e-03
3.505400000000000000e+04 1.047720763752057582e+00 2.342344496602576098e-02
3.505800000000000000e+04 9.494794831321751172e-01 -8.528109621876474658e-03
3.505900000000000000e+04 8.885166961846255873e-01 -6.378120205398468689e-02
3.506000000000000000e+04 1.169917586055369885e+00 1.865062492529502916e-02
3.506100000000000000e+04 9.614580562691614762e-01 4.143093898762606475e-02
3.506200000000000000e+04 9.979195492614708618e-01 3.820662660765575952e-02
3.509900000000000000e+04 9.054233382787231221e-01 2.867700012869143708e-02
3.510000000000000000e+04 8.905207329360456114e-01 -4.851982198133304724e-02
3.510200000000000000e+04 8.209971494199509445e-01 1.455191279338524379e-01
3.510300000000000000e+04 7.556566790910631548e-01 -3.152379522672613815e-02
3.510600000000000000e+04 8.020348947992970157e-01 3.508992249515309469e-02
3.522500000000000000e+04 8.509536748129309380e-01 -6.518080779922981460e-02
3.523100000000000000e+04 7.840018904220985574e-01 -8.574313122893657130e-03
3.523200000000000000e+04 9.518486945634259122e-01 4.303212642989516501e-02
3.523300000000000000e+04 9.780809584946772439e-01 1.061730516983840911e-01
3.523400000000000000e+04 1.034249694522789031e+00 1.223475374748959899e-01
3.525200000000000000e+04 1.096563911820164217e+00 3.581341080953973077e-02
3.525400000000000000e+04 1.129893173635534875e+00 5.008556139368645216e-02
3.525900000000000000e+04 1.047526905083663529e+00 1.398375146584500961e-01
3.537900000000000000e+04 9.614093307047842929e-01 1.458234618040222391e-02
3.538300000000000000e+04 8.857749178594516160e-01 -2.325055898743115523e-02
3.539700000000000000e+04 8.841635778751407715e-01 2.515161576582185948e-02
3.539800000000000000e+04 9.938037653627073142e-01 9.684893483482604620e-03
3.539900000000000000e+04 8.920682392909891067e-01 9.864343941224401613e-02
3.540800000000000000e+04 8.959666233306725625e-01 2.678669530412963740e-02
3.542900000000000000e+04 8.906765399482032830e-01 2.231412778195271396e-02
3.543000000000000000e+04 9.185777127575076584e-01 -9.190165034201307204e-02
3.543100000000000000e+04 9.274075119315959848e-01 6.866654171605582335e-02
3.543200000000000000e+04 8.800274997907280294e-01 -3.468443070173013974e-03
3.543300000000000000e+04 7.791632316537909775e-01 3.333233779298832439e-02
3.543400000000000000e+04 1.074065638563018954e+00 1.412766921211740592e-02
3.543500000000000000e+04 1.112479770552595948e+00 7.606724978423161365e-02
3.543600000000000000e+04 1.036023532415017101e+00 -5.280179211166615566e-02
3.543700000000000000e+04 9.619591699683611719e-01 2.651907234298241794e-02
3.544500000000000000e+04 9.383301307081379772e-01 -9.195413383742197244e-02
3.551800000000000000e+04 9.673309536980470025e-01 8.044589662661892626e-02
3.551900000000000000e+04 9.494811345723839224e-01 -1.081759389817430750e-01
3.554600000000000000e+04 9.858769246177307988e-01 -9.705349456356762716e-02
3.554700000000000000e+04 9.955367612384267151e-01 -1.095564173224953218e-02
3.554900000000000000e+04 1.040538856529244605e+00 -8.582409671077075031e-02
3.555000000000000000e+04 1.078096932835704624e+00 7.380244011929798509e-02
3.555100000000000000e+04 1.016299754717252979e+00 -2.467858256582066562e-02
3.555200000000000000e+04 1.011280560332946443e+00 1.065444398375968264e-02
3.555300000000000000e+04 1.011515558299452167e+00 6.115843478211444723e-02
3.555400000000000000e+04 8.343983360890869783e-01 1.707343345660471967e-01
3.555600000000000000e+04 8.777788029784872048e-01 7.038007231360041138e-02
3.555700000000000000e+04 6.710487646840097575e-01 4.405497234666341105e-02
3.560800000000000000e+04 1.262219792989174527e+00 -1.169263861735183041e-01
3.560900000000000000e+04 1.032058405137472823e+00 4.227632429574229578e-02
3.561000000000000000e+04 9.617687357082376209e-01 -7.557544568378007921e-02
3.561100000000000000e+04 9.378889361377952261e-01 7.020901865185610879e-02
3.561300000000000000e+04 6.943549764577700012e-01 4.230659687606485447e-02
3.569100000000000000e+04 9.496763138011804495e-01 2.843662068914750915e-02
3.569200000000000000e+04 9.268824912813873329e-01 -6.077605561160026246e-03
3.569300000000000000e+04 9.350548077706777317e-01 6.693631210606547366e-02
3.569400000000000000e+04 9.199852623935630413e-01 5.027333292754569000e-02
3.584300000000000000e+04 7.841949070990136272e-01 1.433984060670713823e-01
3.584400000000000000e+04 9.298527611147725525e-01 1.202529651774790903e-01
3.584500000000000000e+04 8.956051094711795502e-01 8.063184446492535629e-02
3.584600000000000000e+04 7.841503407514455182e-01 1.251973048895392571e-02
3.585500000000000000e+04 8.765074700671672270e-01 1.122836188439186728e-01
3.585600000000000000e+04 8.843553514169772978e-01 1.662468734930843961e-01
