5.947400000000000000e+04 9.290442688656300740e-01 -1.667077910146781694e-02
5.949300000000000000e+04 1.067454775203301232e+00 2.021448637829428852e-02
5.949400000000000000e+04 1.054669528596080541e+00 1.005206600230691694e-02
5.949500000000000000e+04 1.070715197820515163e+00 -4.991610711233383790e-02
5.949600000000000000e+04 1.117673248944281106e+00 5.673865260039506579e-03
5.949700000000000000e+04 1.140799321633158669e+00 2.914313108242305717e-02
5.949800000000000000e+04 1.123771899808038821e+00 -3.773305149725351276e-03
5.949900000000000000e+04 1.086775214365562459e+00 -1.815041756968057557e-02
5.950000000000000000e+04 9.402741425812027876e-01 -5.546352334780337706e-02
5.952600000000000000e+04 1.051814261600639622e+00 3.397309947376263295e-02
5.952700000000000000e+04 1.054879416033859929e+00 -6.222310883699684603e-02
5.952800000000000000e+04 1.032706802777798583e+00 -1.528407090714581015e-02
5.952900000000000000e+04 1.041749572229745624e+00 -8.426965763946789312e-02
5.953000000000000000e+04 9.115455041078771581e-01 -9.248554263567319855e-03
5.953100000000000000e+04 8.794032867760128713e-01 -3.754877989481533035e-02
5.954500000000000000e+04 1.065689654946143872e+00 -8.364189190356025039e-02
5.954600000000000000e+04 1.081783655727923898e+00 -9.192072513775378277e-04
5.954700000000000000e+04 1.060244425187010897e+00 6.786556401501376429e-03
5.954800000000000000e+04 1.073834381433265150e+00 -1.511803465554821882e-02
5.954900000000000000e+04 1.096050820475233945e+00 2.108709000964990518e-02
5.955000000000000000e+04 1.085342377863908858e+00 3.426068887134687407e-02
5.955100000000000000e+04 1.098958915173883000e+00 4.036980805901176778e-02
5.955200000000000000e+04 9.645964551774101059e-01 -1.050030192532033259e-03
5.956700000000000000e+04 1.025590114066628367e+00 8.655103584324846944e-02
5.956800000000000000e+04 1.035939225777042116e+00 -2.296513922097366545e-02
5.956900000000000000e+04 9.920610201389810090e-01 4.662495103660983103e-02
5.957000000000000000e+04 1.034188710288641566e+00 -9.880223324162282564e-03
5.957100000000000000e+04 9.527591046089198823e-01 -3.669826665670282081e-03
5.957200000000000000e+04 1.063815425595269426e+00 3.931482317652084529e-02
5.957300000000000000e+04 1.018661378228497671e+00 -1.288162884381555649e-02
5.957400000000000000e+04 1.061315365985391335e+00 5.793113011210632851e-02
5.957500000000000000e+04 9.686925649038558017e-01 3.452590262078102448e-03
5.957600000000000000e+04 1.022647239047499212e+00 -3.670622356886157032e-03
5.958500000000000000e+04 9.945497512675016694e-01 -3.553906262647561157e-03
5.958600000000000000e+04 1.002908659482255160e+00 1.373075832886628926e-02
5.958800000000000000e+04 1.020570827612669484e+00 4.146343778659829227e-02
5.958900000000000000e+04 1.004870992385741069e+00 -4.698040087151238858e-02
5.959000000000000000e+04 1.013663071833498908e+00 1.310436581652496373e-02
5.959100000000000000e+04 1.083421715281368769e+00 6.755787784573277777e-02
5.959200000000000000e+04 1.069871377731275164e+00 3.044157212940907381e-02
5.959300000000000000e+04 9.133442371518712966e-01 3.795792763294374150e-02
5.964300000000000000e+04 1.064037488010897148e+00 -3.289259222171388164e-03
5.964400000000000000e+04 9.915670378426738596e-01 -3.359693839217886557e-04
5.964500000000000000e+04 1.019153837874951396e+00 2.055862251396999713e-02
5.964600000000000000e+04 1.026099846847403629e+00 -4.870072572136004141e-02
5.964700000000000000e+04 1.000712171745076873e+00 1.556259991793421289e-02
5.964800000000000000e+04 9.406898339856670788e-01 5.163408412417690163e-02
5.964900000000000000e+04 9.897028666236342698e-01 4.252623945636136576e-02
5.965000000000000000e+04 9.809058590872858918e-01 -1.516237557022708307e-02
5.965100000000000000e+04 1.046318169712151747e+00 7.780796901036980250e-04
5.966600000000000000e+04 1.069014058494831998e+00 -4.672269441109065669e-02
5.966700000000000000e+04 1.221444244280351699e+00 5.882723105985711992e-02
5.966800000000000000e+04 9.875005486254432308e-01 3.682014331668129192e-02
5.966900000000000000e+04 1.142214960401009449e+00 4.611047497994566480e-02
5.968100000000000000e+04 1.017385701597567360e+00 -7.706635307805683593e-03
5.968300000000000000e+04 1.077906730967671312e+00 -1.993522675437043451e-02
5.968400000000000000e+04 1.492272996542940655e+00 -7.812082211643487165e-03
5.970600000000000000e+04 1.573561775223337733e+00 7.019101542418465511e-02
5.984900000000000000e+04 1.262931321857607037e+00 -1.228004717750068031e-01
5.988000000000000000e+04 1.245560804781895348e+00 -1.379656090944672009e-01
5.988100000000000000e+04 1.153154469819995143e+00 -3.247430282841547861e-02
5.990900000000000000e+04 1.105956912640912559e+00 -1.700973866166083925e-01
5.991000000000000000e+04 1.095191379249257357e+00 -1.571558495536150291e-01
5.991100000000000000e+04 1.101789690016849566e+00 -1.587229526735272067e-01
5.993700000000000000e+04 9.857187529732072129e-01 -2.342904222379113208e-02
5.993800000000000000e+04 1.072454078763576346e+00 -2.075970158643907215e-01
5.993900000000000000e+04 1.127049547833349763e+00 -1.874892245033007165e-01
5.994000000000000000e+04 1.060441517427348268e+00 -1.894200725678507058e-01
6.001500000000000000e+04 1.196788279193619520e+00 -2.101824504352063985e-02
6.001600000000000000e+04 1.184264920267332544e+00 -1.952219331767321778e-02
6.021100000000000000e+04 1.055322362494657273e+00 -3.748177933313301402e-02
6.021200000000000000e+04 1.044170504550480327e+00 -9.686876621525128406e-02
6.021300000000000000e+04 1.055002102050667023e+00 -1.865121180668576351e-01
6.021400000000000000e+04 1.123838976707262738e+00 -1.347958760110105347e-01
6.021500000000000000e+04 1.041051128030673345e+00 -1.014373397782574598e-01
6.021700000000000000e+04 1.044664913594633981e+00 -1.429535711846096346e-01
6.021800000000000000e+04 1.121384039562315582e+00 -3.292637960172197561e-03
6.021900000000000000e+04 1.073311561251720780e+00 -1.784388847121559929e-01
6.022000000000000000e+04 1.062666939542727063e+00 -1.912039712510112122e-01
6.022100000000000000e+04 1.070900339430216563e+00 -1.590964000259360508e-02
6.022200000000000000e+04 1.176965590586328325e+00 6.746188845376145660e-02
6.024600000000000000e+04 9.693126362102385540e-01 4.206142355438185348e-04
6.024700000000000000e+04 1.182250056733299193e+00 -8.508132817832712858e-02
6.024800000000000000e+04 1.054974335931898377e+00 -9.589181902877916275e-02
6.024900000000000000e+04 1.044298658099742205e+00 -1.040140328389696223e-01
6.025000000000000000e+04 1.149194529936853337e+00 -1.295096814408634445e-01
6.025100000000000000e+04 1.106727180560039381e+00 -1.461359740116076333e-01
6.025200000000000000e+04 9.773240534304699079e-01 -1.629817301296942467e-01
6.025300000000000000e+04 1.143518800070741248e+00 -4.664433320289209511e-02
6.025400000000000000e+04 1.165464444753084416e+00 -1.290368180478008164e-01
6.025500000000000000e+04 1.161215751230622262e+00 -6.811434266035706897e-02
6.025600000000000000e+04 1.116988646926542428e+00 -2.445132621609963017e-02
6.026300000000000000e+04 1.075036576061294991e+00 -1.045794098164118946e-01
6.026400000000000000e+04 1.061359334464666793e+00 -1.967721549159003880e-01
6.026500000000000000e+04 1.033529171403529512e+00 -1.400861752991792719e-01
6.026600000000000000e+04 1.124901537269853868e+00 -1.363341060682761730e-01
6.026700000000000000e+04 1.144631904235875908e+00 -1.278669333742374903e-01
6.026800000000000000e+04 1.130631831998063497e+00 -1.734707548429128832e-01
6.026900000000000000e+04 1.031237268970087495e+00 -1.178098013629308854e-01
6.027100000000000000e+04 1.098630662673087732e+00 -5.779620960511248212e-02
6.027200000000000000e+04 1.218726813620701011e+00 -1.043655944985908690e-01
6.027300000000000000e+04 1.182191839023430280e+00 -6.094534175144583621e-02
6.079300000000000000e+04 1.083367840203908194e+00 4.029187478250537829e-02
6.079400000000000000e+04 9.523817791202983107e-01 -2.921830299207982262e-02
6.083800000000000000e+04 9.350907976930650234e-01 6.853857783960323746e-02
6.083900000000000000e+04 8.827722534789517184e-01 2.124491740241274407e-02
6.089000000000000000e+04 9.314827727675529800e-01 -2.254447088971352556e-02
6.089100000000000000e+04 9.228419594753185518e-01 -6.521748748902751747e-02
6.090100000000000000e+04 9.425710730591808639e-01 9.805642520933152695e-02
6.090200000000000000e+04 9.083871724369811940e-01 8.863312321169544705e-02
6.090300000000000000e+04 8.937545223435084951e-01 1.630575714403954476e-02
6.090400000000000000e+04 9.477090961905554334e-01 -3.400925705781811248e-02
6.090500000000000000e+04 9.571531261594857787e-01 -7.881146792847052232e-04
6.100100000000000000e+04 9.549252684876100572e-01 -2.075534762056371191e-02
6.100200000000000000e+04 1.016033587985791353e+00 -1.069306259516017953e-03
6.100300000000000000e+04 1.052338321448026415e+00 2.786713729255650002e-02
6.100500000000000000e+04 1.056782527725587340e+00 3.388464163257972478e-02
6.100800000000000000e+04 1.000070050675181399e+00 3.043099263759677098e-02
6.134900000000000000e+04 1.012185005585839681e+00 -5.931743729467586768e-02
6.140100000000000000e+04 9.511506640554662217e-01 -4.713931669161265658e-02
6.140200000000000000e+04 1.062785841399637388e+00 3.576082028530568752e-02
6.140900000000000000e+04 9.725038222537918386e-01 -3.924693436277407362e-03
6.141100000000000000e+04 1.191040883059331090e+00 8.660870076492732661e-02
6.141200000000000000e+04 1.074502808650034780e+00 3.746188354080666819e-03
6.141300000000000000e+04 1.001711104787793349e+00 2.574905480113933234e-02
6.142400000000000000e+04 9.370803747917176851e-01 -1.309496420243647374e-01
6.142800000000000000e+04 1.020181079794086010e+00 9.548694690188473666e-02
6.142900000000000000e+04 1.182666054884671025e+00 -2.052547264137194113e-02
6.143000000000000000e+04 1.059026859863235748e+00 -4.751732113868248342e-02
6.144500000000000000e+04 1.035187070150441535e+00 -2.602405665003631498e-03
6.145600000000000000e+04 1.039489437009344375e+00 -3.835888771718464624e-02
6.145700000000000000e+04 1.071175202467077536e+00 -1.076676042660498420e-02
6.145800000000000000e+04 1.014364623821732092e+00 7.881695139162271657e-02
6.145900000000000000e+04 1.036301107983400360e+00 7.517272757168742825e-02
6.146000000000000000e+04 1.093662834355678459e+00 -3.948575961444635712e-02
6.146100000000000000e+04 1.023558469813666161e+00 -1.329089225232381322e-01
6.146200000000000000e+04 1.079063198213176866e+00 7.504935320403146627e-03
6.146300000000000000e+04 9.706310974602138097e-01 -9.458639132695961793e-02
6.148300000000000000e+04 9.153222723443718012e-01 -4.243617333798799240e-02
6.149400000000000000e+04 1.007136505928716730e+00 4.089903780213374578e-03
6.149500000000000000e+04 1.044481175089438940e+00 -4.360205597698225966e-02
6.149600000000000000e+04 1.051105661960411775e+00 2.935576216541421757e-02
6.149700000000000000e+04 1.058232451594316226e+00 -3.749728682038899058e-02
6.149800000000000000e+04 9.984029325980312564e-01 -6.397266728150648174e-02
6.149900000000000000e+04 9.454507183706190032e-01 -4.871798168620045111e-02
6.150100000000000000e+04 8.971640212602113307e-01 -7.399899835461051789e-02
6.150200000000000000e+04 1.013529032931418605e+00 2.522813668542014942e-02
6.150300000000000000e+04 1.022687514009054777e+00 -3.700831209782067671e-02
6.150400000000000000e+04 9.453956163701175974e-01 -5.265010541653938198e-02
6.150500000000000000e+04 9.380120377802785292e-01 -1.070829992604469399e-01
6.151300000000000000e+04 1.061351591835918207e+00 -6.879993938563649589e-04
6.151400000000000000e+04 9.466696639408501701e-01 -7.579534876916974029e-02
6.151500000000000000e+04 9.650578338528479350e-01 -1.516955888090778604e-03
6.151600000000000000e+04 9.574187767535491389e-01 6.326518457783528171e-02
6.151700000000000000e+04 9.370898028221900100e-01 -1.036327124710940545e-01
6.152000000000000000e+04 8.816546201571909824e-01 -1.186483627471729141e-01
6.152100000000000000e+04 9.083506639626924839e-01 1.440659425371195942e-02
6.153000000000000000e+04 7.965030069937361068e-01 8.990557643115707973e-03
6.153100000000000000e+04 8.286341722052762426e-01 -8.568810397481897712e-02
6.153400000000000000e+04 8.888918138170048833e-01 -8.316345676013578436e-02
6.153500000000000000e+04 1.036891915511243933e+00 -8.834156560536117475e-02
6.153600000000000000e+04 8.372139060022292245e-01 -3.159901777967127207e-02
6.153700000000000000e+04 8.306600826997779796e-01 -1.657392704784747123e-02
6.153800000000000000e+04 8.840471012848394317e-01 -6.013215597288747161e-02
6.153900000000000000e+04 1.039341792344165238e+00 -9.649680144516357971e-03
6.154000000000000000e+04 9.944086154492306484e-01 -7.450422673366638437e-02
6.154100000000000000e+04 1.043520135317648201e+00 2.403869639070194218e-03
6.154200000000000000e+04 8.460759593811736368e-01 -1.217969264616565322e-01
6.154300000000000000e+04 7.553061739751936177e-01 -1.432553680749750619e-02
6.155200000000000000e+04 9.839073683788408520e-01 -5.158828794938953577e-02
6.155300000000000000e+04 1.033815310030731238e+00 -3.475885623650463302e-02
6.155400000000000000e+04 1.015158680361602839e+00 2.066310867699502896e-02
6.156100000000000000e+04 9.916457209327937949e-01 -2.002341848870371754e-02
6.156200000000000000e+04 9.755052092262923580e-01 -1.005752184127546578e-01
6.156300000000000000e+04 1.023171509444960048e+00 9.868422494245191606e-03
6.157200000000000000e+04 8.752593907840952037e-01 3.648175611078738334e-02
6.157400000000000000e+04 1.079977404104530692e+00 -5.758595213392450618e-02
6.157500000000000000e+04 1.006346818637127827e+00 5.665394350606250268e-02
6.157600000000000000e+04 9.757420013153469407e-01 2.869390978319187949e-02
6.157700000000000000e+04 1.023212911718979656e+00 1.690213264719198777e-02
6.157800000000000000e+04 9.428927369222185328e-01 -5.136922017084626785e-02
6.158000000000000000e+04 9.647300547201353993e-01 -2.066310683273026721e-02
6.158200000000000000e+04 9.281991114458423286e-01 -5.539775584639289319e-02
6.158300000000000000e+04 8.959307598227773672e-01 -5.098753192004491092e-02
6.158400000000000000e+04 8.665070633545232104e-01 -6.086149732382603594e-02
6.159500000000000000e+04 1.076912877242914623e+00 3.457975885540141500e-03
6.159600000000000000e+04 9.913239611321763567e-01 -6.698219094925941808e-02
6.159800000000000000e+04 1.037900728182276300e+00 -3.199236899539253248e-02
6.159900000000000000e+04 1.063580672625776602e+00 -3.585121156502980855e-02
6.160100000000000000e+04 9.307755886352229169e-01 -4.595730324331875200e-02
6.160200000000000000e+04 9.567041543168557372e-01 -8.717468372052266518e-03
6.160300000000000000e+04 1.030496398592305907e+00 1.571143694907749938e-02
6.160400000000000000e+04 9.040226899766522495e-01 -9.981839066898209878e-02
6.161500000000000000e+04 8.555154650367199354e-01 9.281141396379065378e-02
6.161600000000000000e+04 9.652108821754074031e-01 -9.838096732846424164e-02
6.163200000000000000e+04 8.980508538836640131e-01 -9.507514152791536610e-02
6.165700000000000000e+04 8.909833960785948914e-01 -1.082456846222495939e-01
6.165800000000000000e+04 1.006750337668865569e+00 -5.445686569118686482e-02
6.165900000000000000e+04 9.210450438735285905e-01 -9.697097800915618904e-02
6.167500000000000000e+04 9.135508890869300513e-01 -4.273142367266014041e-02
