4.262000000000000000e+04 9.288660881949064585e-01 2.705325592170727475e-02
4.265500000000000000e+04 8.848088111835946679e-01 1.040806535395207427e-01
4.266600000000000000e+04 9.360784037739976471e-01 3.587184492317778417e-02
4.266700000000000000e+04 1.028591409303388771e+00 -7.109322342928590943e-02
4.266800000000000000e+04 1.012113241790005169e+00 6.867062051259240074e-02
4.266900000000000000e+04 9.612281915929778986e-01 -1.006196705040942989e-02
4.267000000000000000e+04 9.217608119875310146e-01 1.351483696993330264e-01
4.267300000000000000e+04 9.758796025396254681e-01 8.464485674273250493e-02
4.267400000000000000e+04 9.651871202478323752e-01 1.888360291159111581e-01
4.267500000000000000e+04 9.999909348466351489e-01 4.822925683817756021e-02
4.268600000000000000e+04 9.526646706383111729e-01 -4.303799375953207274e-02
4.268700000000000000e+04 1.019775294649348352e+00 2.621352209715480629e-03
4.268800000000000000e+04 1.023807231977269527e+00 5.397843121821221252e-02
4.268900000000000000e+04 1.047308540383797171e+00 3.974248911069210716e-02
4.269000000000000000e+04 1.031579451447472096e+00 1.122618604316275581e-01
4.269100000000000000e+04 1.015179640300914121e+00 1.087303963799180796e-02
4.269200000000000000e+04 1.031353008589377618e+00 3.415628495001201553e-02
4.269300000000000000e+04 1.035458573061488030e+00 3.527828909190339896e-02
4.269400000000000000e+04 1.029237753736463423e+00 1.131725189073459203e-01
4.269500000000000000e+04 1.199969412917785139e+00 1.111213145933918067e-01
4.269600000000000000e+04 9.889181674577274261e-01 1.462005250156017122e-01
4.273800000000000000e+04 9.194882930089129935e-01 -1.351935207506431251e-02
4.274200000000000000e+04 8.618068848077349298e-01 1.531915897654097525e-01
4.274300000000000000e+04 1.016213254162558144e+00 1.077870777484316173e-01
4.274400000000000000e+04 1.000035888082582813e+00 9.511592196983902070e-02
4.274500000000000000e+04 9.969416464228887387e-01 1.037652779135723319e-01
4.274600000000000000e+04 1.079138171048900974e+00 1.223094251817126998e-01
4.274700000000000000e+04 9.597006483356800288e-01 2.458327383527588728e-01
4.275100000000000000e+04 1.025125489723170746e+00 4.215008764216936210e-02
4.280700000000000000e+04 1.008030410062668025e+00 2.560514856989218324e-02
4.280800000000000000e+04 1.052258701925164130e+00 1.878735190210564232e-01
4.280900000000000000e+04 1.049230776424566081e+00 1.713722064669838951e-01
4.281100000000000000e+04 1.094397373172679933e+00 8.621117460051620773e-02
4.281200000000000000e+04 1.060559976432430718e+00 5.489475356243769810e-02
4.281300000000000000e+04 9.419608631534185372e-01 -1.916019947068773807e-02
4.281400000000000000e+04 8.587853991140658172e-01 -1.269882077719446112e-01
4.281500000000000000e+04 8.798577428093804498e-01 -4.362936219016053108e-02
4.281700000000000000e+04 1.008196015615022256e+00 -2.456183479626277560e-02
4.281800000000000000e+04 9.743777695859376919e-01 1.312145874526739475e-01
4.283400000000000000e+04 1.040675354705701494e+00 -5.376595870292296200e-03
4.283500000000000000e+04 1.062132043055679764e+00 5.204614021625706549e-02
4.283600000000000000e+04 1.079743600886602151e+00 2.624912185729593589e-02
4.283700000000000000e+04 9.987962636450330445e-01 1.518874511489463341e-01
4.283800000000000000e+04 1.078683122882853507e+00 1.006338178856970994e-01
4.283900000000000000e+04 1.081411698460459148e+00 -2.221955366882549451e-02
4.284000000000000000e+04 8.315474426221755033e-01 1.388003537249770936e-01
4.284100000000000000e+04 1.063729032679232356e+00 1.119648052138886990e-01
4.284300000000000000e+04 1.054971870384534105e+00 7.167508519871726436e-02
4.284400000000000000e+04 8.894170616206181768e-01 9.051693888238142305e-02
4.284500000000000000e+04 9.636592591291156529e-01 5.640175874777534487e-02
4.284600000000000000e+04 1.014471446730311976e+00 8.290821343032611646e-02
4.284700000000000000e+04 1.030028726424766727e+00 8.670783050700868466e-02
4.284800000000000000e+04 9.711864440767449258e-01 1.382258333405603501e-01
4.284900000000000000e+04 1.003818293689002772e+00 -8.983603465287783724e-03
4.285800000000000000e+04 9.323848973090790304e-01 2.277813564541691926e-02
4.285900000000000000e+04 1.054793553275532592e+00 1.261379513730588875e-01
4.286000000000000000e+04 9.749913547179717144e-01 8.956511453257717803e-02
4.286100000000000000e+04 1.024659061130987814e+00 -9.002561333477741845e-02
4.286200000000000000e+04 1.064691734065359219e+00 9.689676290035145745e-02
4.286300000000000000e+04 1.036704304147648026e+00 5.933078502245819896e-02
4.286400000000000000e+04 1.025524209311164947e+00 8.879322913507707582e-02
4.286500000000000000e+04 1.045442286185187752e+00 1.280179947260576268e-01
4.286600000000000000e+04 1.068643477587291724e+00 -5.757368362439537618e-02
4.286700000000000000e+04 1.117334479291289817e+00 1.568844870534631397e-01
4.286800000000000000e+04 9.991253192955170670e-01 -9.357153079190029532e-03
4.286900000000000000e+04 9.629295567557280000e-01 1.395206497134666712e-01
4.287000000000000000e+04 9.936107139496687113e-01 -2.936463675385935293e-02
4.287100000000000000e+04 1.052807818901214443e+00 2.282807262900189357e-02
4.287200000000000000e+04 1.074263160914871174e+00 2.523586183500451524e-02
4.288000000000000000e+04 1.019083885914618959e+00 3.616693134315396296e-02
4.288100000000000000e+04 9.999141593618856572e-01 1.968499757720468257e-02
4.288200000000000000e+04 1.036974386847225649e+00 1.168255145221685914e-01
4.288300000000000000e+04 1.045502225625597026e+00 2.030976849598513032e-02
4.288400000000000000e+04 1.026140808797474602e+00 9.420052413010791825e-02
4.288500000000000000e+04 1.051294603153813956e+00 3.995003565149279207e-02
4.288600000000000000e+04 1.057757999816826278e+00 9.862862903918657997e-02
4.288700000000000000e+04 1.082599630260994150e+00 4.547853367139848696e-02
4.288800000000000000e+04 9.763251831501515987e-01 1.640516961369230808e-01
4.289000000000000000e+04 9.009339299797116674e-01 1.151430108341090219e-01
4.289300000000000000e+04 1.018708907451879586e+00 -4.070135967759413304e-02
4.290600000000000000e+04 9.811141957226419130e-01 1.205677743626316495e-01
4.290700000000000000e+04 9.776130985992913525e-01 1.696361929627145659e-01
4.290800000000000000e+04 1.002253483638219533e+00 2.334751448447348627e-03
4.291000000000000000e+04 1.097106706668664611e+00 -5.179038976708411068e-02
4.291100000000000000e+04 9.986207689078948624e-01 9.100187256702409189e-02
4.291200000000000000e+04 1.001456658567840607e+00 1.411348435817905700e-01
4.291300000000000000e+04 1.041719408760205967e+00 2.439615477816370684e-02
4.291400000000000000e+04 1.060561284498547696e+00 2.925659595751207639e-02
4.291500000000000000e+04 9.407855117381350718e-01 1.098775147952254783e-01
4.291600000000000000e+04 1.023242349733522794e+00 8.729292894439340256e-02
4.291700000000000000e+04 1.015228535970070789e+00 -5.551897660974355886e-02
4.291800000000000000e+04 1.002174757542636296e+00 4.405244852681548806e-02
4.291900000000000000e+04 9.488155243657494520e-01 1.008367368873734071e-01
4.293100000000000000e+04 9.426418030920992175e-01 8.317527970258829784e-03
4.293300000000000000e+04 9.627025215720657059e-01 1.229749828428467195e-01
4.293500000000000000e+04 9.435462246215366999e-01 3.088188552725341929e-02
4.293900000000000000e+04 8.521143610741425123e-01 3.410732439963622825e-02
4.294000000000000000e+04 1.016996568580002869e+00 2.000176461615914628e-02
4.294100000000000000e+04 9.522891400986236432e-01 2.190686135906436821e-02
4.295700000000000000e+04 6.671758393980161683e-01 7.191367061824931184e-04
4.301700000000000000e+04 8.544832105237747388e-01 4.773417439495873660e-02
4.303900000000000000e+04 8.357921286618512635e-01 -3.077619636032733960e-02
4.304000000000000000e+04 9.082926769812081913e-01 7.563066936848182598e-02
4.304100000000000000e+04 8.791550457022682119e-01 -4.515382060962273847e-02
4.313100000000000000e+04 9.683871056700813496e-01 3.790048741576709790e-02
4.326300000000000000e+04 1.023682705096454093e+00 1.205366242368133972e-01
4.330600000000000000e+04 1.018321117055957403e+00 1.606994109417997918e-01
4.330700000000000000e+04 1.115443964703158874e+00 1.516623548755223760e-01
4.330800000000000000e+04 1.144320867623629168e+00 5.479098435844471232e-02
4.330900000000000000e+04 1.080464438744668687e+00 7.615108465108359759e-02
4.331000000000000000e+04 1.123569523679027959e+00 7.327731607931828317e-02
4.331100000000000000e+04 1.093156419876626373e+00 8.097805520972355120e-03
4.331200000000000000e+04 1.059861874012758109e+00 -2.158233864966636883e-02
4.331300000000000000e+04 5.909508679573866052e-01 -1.187618153433322721e-01
4.332100000000000000e+04 1.037605398740505169e+00 7.526429573816255381e-02
4.332200000000000000e+04 1.076995887240495442e+00 1.765096984052918205e-01
4.332300000000000000e+04 1.130983969143483758e+00 -1.915785111237721869e-02
4.332400000000000000e+04 1.092776696587938856e+00 1.810622151011287428e-01
4.332500000000000000e+04 1.027120885858448185e+00 1.054517910941841219e-01
4.332600000000000000e+04 1.392222769853121100e+00 1.283663912663897400e-01
4.332700000000000000e+04 9.217221493393575882e-01 -7.043798053763297706e-02
4.332800000000000000e+04 8.695593465128023114e-01 -8.080104439602948940e-02
4.332900000000000000e+04 1.053291407542649383e+00 -1.564803573973840359e-02
4.333000000000000000e+04 1.073951049574941807e+00 -1.595804087457431200e-02
4.334200000000000000e+04 1.036993276479777126e+00 1.385274239577634174e-02
4.335200000000000000e+04 1.156696819189905634e+00 2.993700205282577229e-02
4.335400000000000000e+04 9.787995638957004418e-01 -1.038940044304419996e-01
4.335500000000000000e+04 1.075703756065825134e+00 -5.025084595063001452e-03
4.335600000000000000e+04 1.060320493394322439e+00 4.922536565260112948e-03
4.335800000000000000e+04 1.011608808632563417e+00 1.999743814493341182e-02
4.337000000000000000e+04 9.709803280634736744e-01 2.142591640429696576e-01
4.337200000000000000e+04 1.039794226978156599e+00 4.089272462543679793e-02
4.337400000000000000e+04 1.169071547620177176e+00 1.309180591257519677e-01
4.337500000000000000e+04 9.865257207849746912e-01 -1.590617783025189552e-02
4.337600000000000000e+04 1.152401929893763999e+00 5.135280244480366213e-02
4.337700000000000000e+04 1.096020921540941329e+00 1.429140611626463289e-02
4.337800000000000000e+04 1.017462041053794009e+00 -4.744975627959488462e-02
4.338200000000000000e+04 8.108300783835827863e-01 1.586352605996520920e-02
4.341500000000000000e+04 1.098750188828560681e+00 3.129496704044674310e-02
4.341600000000000000e+04 1.142862044361308671e+00 8.235434875748606776e-02
4.341700000000000000e+04 1.053882502722739867e+00 3.207911307713628979e-02
4.341800000000000000e+04 1.053513245395692133e+00 6.088134430105651002e-02
4.341900000000000000e+04 1.121397314140718970e+00 8.433776313262919544e-02
4.342100000000000000e+04 1.122382495023689808e+00 4.471623493860754639e-02
4.342200000000000000e+04 1.025171680712301470e+00 1.272983611556181283e-01
4.342300000000000000e+04 1.038478125643841121e+00 6.898992853371091472e-02
4.342400000000000000e+04 9.052437854722926724e-01 -5.161824119908758890e-02
4.342500000000000000e+04 9.701584347509725204e-01 1.013370324352872720e-01
4.342600000000000000e+04 1.034263693980093768e+00 -4.391578839817928542e-02
4.342700000000000000e+04 9.480086374716200082e-01 -3.922274002558139711e-02
4.342800000000000000e+04 9.492332972303590966e-01 7.550869405244073351e-02
4.342900000000000000e+04 9.429629922323026214e-01 -1.774402297303142445e-02
4.343700000000000000e+04 1.044984773996122218e+00 8.780619082566980260e-02
4.343800000000000000e+04 9.811685827165368412e-01 8.137400794683430361e-02
4.343900000000000000e+04 9.959074775990501838e-01 1.067234705448656396e-01
4.344000000000000000e+04 9.677555779593072227e-01 6.906326329456974333e-02
4.344100000000000000e+04 1.118966933577554723e+00 1.982779827991115046e-02
4.344400000000000000e+04 1.030359413245048428e+00 8.318307123245943790e-02
4.344500000000000000e+04 1.030410678680397485e+00 5.321019652483136020e-02
4.344600000000000000e+04 8.868349462780643622e-01 1.356981963033004057e-01
4.344700000000000000e+04 8.511682323630082037e-01 3.313234238841841761e-02
4.344800000000000000e+04 9.211302581236179288e-01 3.432341733685038976e-02
4.346200000000000000e+04 1.112761974503905460e+00 1.090287094357549752e-01
4.346300000000000000e+04 1.034146774675684721e+00 1.196290333429843450e-01
4.346400000000000000e+04 1.038425017631346980e+00 1.370899123394725763e-02
4.346500000000000000e+04 1.132298616401945290e+00 1.279007175255262030e-01
4.346600000000000000e+04 1.024333624629137907e+00 1.049974013560294253e-02
4.346800000000000000e+04 1.021416388482181858e+00 6.087897813622222126e-02
4.346900000000000000e+04 9.552347476780216340e-01 8.158557802221513833e-02
4.347000000000000000e+04 1.050640023516118182e+00 1.104349149633992722e-01
4.348100000000000000e+04 1.081414218727563936e+00 6.586980877871997930e-02
4.348200000000000000e+04 1.058643309779555786e+00 8.159268778401929101e-02
4.348300000000000000e+04 1.068344866924433756e+00 5.552588699522233856e-02
4.348400000000000000e+04 1.093050981652997411e+00 -8.630450229921751704e-02
4.348500000000000000e+04 1.096707626269459945e+00 -8.772061126929597309e-04
4.348600000000000000e+04 1.038030861879838618e+00 -3.455661742003168779e-02
4.348800000000000000e+04 1.055480792320639516e+00 1.481672973683497430e-01
4.348900000000000000e+04 9.402331564180178569e-01 -1.761227295668817746e-03
4.349000000000000000e+04 8.552742076224535417e-01 -6.548959333928526527e-02
4.349100000000000000e+04 9.904256136811727673e-01 1.449978295408346860e-03
4.352700000000000000e+04 1.021940285793261127e+00 8.307639185176095287e-02
4.352900000000000000e+04 1.043534802225500435e+00 8.298849225519443901e-03
4.353000000000000000e+04 9.198303888687959784e-01 -3.175362435257567117e-02
4.353100000000000000e+04 1.103238616890080293e+00 2.215512211594050998e-02
4.353300000000000000e+04 1.036669127816152391e+00 2.765314375437382191e-03
4.353400000000000000e+04 1.063362074722618678e+00 1.706233030575495316e-02
4.353500000000000000e+04 1.037601188239808625e+00 -3.351406754550578099e-02
4.353600000000000000e+04 9.669378044698521135e-01 2.091553606115197084e-02
4.353700000000000000e+04 1.005301443591627875e+00 -8.998464788815691007e-02
4.353800000000000000e+04 1.087476341011510916e+00 -8.412632765221299269e-03
4.354500000000000000e+04 1.029586778759689958e+00 -2.933094204298769200e-02
4.354600000000000000e+04 1.017719522565479151e+00 4.504765544473555289e-02
4.354800000000000000e+04 1.007798018730506229e+00 1.107740894860716752e-01
4.355100000000000000e+04 1.029057548403612854e+00 5.977674904731773015e-02
4.355200000000000000e+04 1.112371955709308358e+00 1.829880250858395129e-03
4.355300000000000000e+04 1.107463135820266009e+00 1.684457687738804069e-02
4.365100000000000000e+04 9.929830006629080108e-01 4.277083888238612103e-03
4.365200000000000000e+04 1.157909722951548037e+00 1.105734486105791198e-01
4.365300000000000000e+04 9.554671926669645599e-01 -8.736674430133565747e-03
4.365400000000000000e+04 1.014786660183022660e+00 -8.632207742011954732e-02
