4.365500000000000000e+04 8.942389952270822784e-01 -6.032907133380131792e-02
4.365600000000000000e+04 9.223539100400356405e-01 -5.187878218816331655e-02
4.365700000000000000e+04 9.774252433586289035e-01 2.338813236988353944e-02
4.365800000000000000e+04 8.395469177444685460e-01 -1.101113647946280749e-01
4.365900000000000000e+04 1.046497254790834219e+00 -2.993752986305633912e-02
4.376100000000000000e+04 1.124434865989547783e+00 -9.931526405600854535e-03
4.376400000000000000e+04 9.498140580331428939e-01 -8.097218757175754511e-02
4.376500000000000000e+04 1.012569833935857311e+00 4.376533796031448903e-02
4.376600000000000000e+04 1.056598827843463928e+00 4.957690198045974078e-02
4.376700000000000000e+04 1.135703214618473789e+00 -3.251310360431319130e-02
4.376800000000000000e+04 1.073679655725460647e+00 9.243391962662443617e-02
4.376900000000000000e+04 1.065389489965155700e+00 6.573673686735009847e-02
4.377000000000000000e+04 1.125578628461150421e+00 -7.485855336503535740e-02
4.377100000000000000e+04 1.167128500111608291e+00 2.064294264230263215e-02
4.377200000000000000e+04 1.083345257614731105e+00 4.786387068114221488e-02
4.377300000000000000e+04 9.476056457255507270e-01 1.358767368898006417e-04
4.380400000000000000e+04 1.030418662458979284e+00 5.370959459574572298e-02
4.380500000000000000e+04 1.084771593792036137e+00 1.204769846923500198e-01
4.380600000000000000e+04 1.012046659205662280e+00 -1.177850767678881479e-02
4.380700000000000000e+04 1.009187034586903842e+00 9.759899134635556875e-04
4.380800000000000000e+04 1.050774784020850117e+00 1.883131857494334260e-02
4.380900000000000000e+04 1.052900605214768914e+00 -3.955148839781608139e-02
4.381000000000000000e+04 9.375467567519725209e-01 1.417368076579094208e-02
4.381100000000000000e+04 1.064400922137384242e+00 -1.846202277449971937e-02
4.381200000000000000e+04 1.093935800640437161e+00 7.038574105011118423e-03
4.382400000000000000e+04 9.488080712563893293e-01 1.020228018081575511e-01
4.382500000000000000e+04 9.164209693998145445e-01 4.494714282189963411e-02
4.382600000000000000e+04 1.079004001167540361e+00 9.867840422289199387e-02
4.382700000000000000e+04 1.021377117561014236e+00 -1.071333089958020381e-02
4.382800000000000000e+04 1.028804752736952821e+00 -3.342366840009202561e-02
4.382900000000000000e+04 9.988413165663042603e-01 7.013769284366731804e-02
4.383000000000000000e+04 9.527937581356027419e-01 -5.163241143605478561e-02
4.383300000000000000e+04 1.058344093397636021e+00 2.904021295567397326e-02
4.383400000000000000e+04 1.162462512029575512e+00 -3.073926346078821245e-03
4.383500000000000000e+04 1.034985752947493509e+00 -2.060913130109104027e-02
4.383600000000000000e+04 1.071654834785038757e+00 4.906253610079625710e-02
4.383700000000000000e+04 1.051984560299917382e+00 -8.789003941840056733e-02
4.383800000000000000e+04 1.061575579575774197e+00 -8.570876311808195425e-02
4.385200000000000000e+04 1.073795470827242804e+00 -9.789825836679419413e-02
4.385300000000000000e+04 1.062707246155290219e+00 2.834256321124890843e-02
4.385400000000000000e+04 1.029453560103642973e+00 4.806310293812962597e-02
4.385500000000000000e+04 1.040960241626639027e+00 -7.471886579525327532e-02
4.385800000000000000e+04 9.548128409371537950e-01 -2.369174229468265155e-02
4.385900000000000000e+04 1.156144263628911206e+00 -4.105281658736112393e-02
4.386000000000000000e+04 1.086651008696165377e+00 -7.055379791152826922e-03
4.386100000000000000e+04 9.615349395515758735e-01 -3.734334403543533576e-02
4.386200000000000000e+04 9.624085530175988668e-01 6.536318164292091726e-02
4.386300000000000000e+04 1.093970172535179808e+00 -9.008895068298109626e-03
4.386400000000000000e+04 9.425488593214925714e-01 -4.967448249117855513e-02
4.386500000000000000e+04 1.080981705055455544e+00 1.564246346399955981e-02
4.388000000000000000e+04 9.585026229924747954e-01 1.641690376868563256e-02
4.395700000000000000e+04 1.049789344627978460e+00 -1.379805487761115723e-01
4.395800000000000000e+04 8.912136496129937635e-01 4.845534463217818222e-02
4.395900000000000000e+04 1.073758181835309911e+00 -4.010862742669875358e-02
4.396000000000000000e+04 1.030783877078507604e+00 5.795840133775308212e-02
4.396100000000000000e+04 9.922364889686520195e-01 1.181564025629115548e-02
4.396200000000000000e+04 9.805217972216668798e-01 7.578483493983821651e-02
4.396400000000000000e+04 9.457438114866968393e-01 -1.316778580559598011e-01
4.399800000000000000e+04 8.905861306662760102e-01 -3.592453109472872053e-02
4.399900000000000000e+04 1.040550224647842414e+00 -8.746333359545505060e-02
4.400000000000000000e+04 1.057055795680208909e+00 1.280561269143723306e-02
4.400100000000000000e+04 8.337958088980549354e-01 -1.714579874820485600e-02
4.400200000000000000e+04 9.827250057008806161e-01 -1.304651497837628626e-01
4.400300000000000000e+04 9.034721863676213882e-01 7.957970469434546765e-03
4.400400000000000000e+04 9.773595237078579467e-01 -6.910766707572357781e-02
4.400500000000000000e+04 1.064141077611524544e+00 -3.012827176021727268e-02
4.400600000000000000e+04 1.030381628692389029e+00 5.983445257653902116e-03
4.403600000000000000e+04 9.702527012905453052e-01 -9.302698965458423841e-02
4.403700000000000000e+04 1.081907687118862427e+00 -5.658561434701232795e-02
4.404000000000000000e+04 1.001943162146117450e+00 -8.495964432083759343e-02
4.404100000000000000e+04 1.053973504522014437e+00 -1.211855887740381638e-01
4.404200000000000000e+04 1.035774141653416747e+00 3.310585931082667133e-02
4.404300000000000000e+04 1.114200756095263367e+00 -1.696132324094287366e-02
4.414500000000000000e+04 1.046105921469385969e+00 -2.995410965300725897e-02
4.414600000000000000e+04 1.120494623387867206e+00 -5.931761601154262459e-02
4.414700000000000000e+04 1.006114614404918894e+00 -1.126506031358465582e-01
4.414800000000000000e+04 8.889698109824020200e-01 -1.215906791309927515e-01
4.414900000000000000e+04 1.082058141675416696e+00 -8.959185419443606302e-02
4.417500000000000000e+04 7.534530242026302727e-01 -1.420981676620618750e-01
4.417600000000000000e+04 1.409992644144695939e+00 1.187493620919802262e-01
4.417700000000000000e+04 9.593999593004430837e-01 -2.843928183866902340e-02
4.418800000000000000e+04 1.068825141254834188e+00 -5.494553149538094344e-02
4.418900000000000000e+04 9.157780079932356099e-01 -3.558226404602031403e-03
4.419000000000000000e+04 6.095168971317986850e-01 -4.843659833661799474e-02
4.419700000000000000e+04 9.241280665576375730e-01 -8.000473384308970370e-02
4.419800000000000000e+04 1.003482495037400613e+00 -1.646712099795416898e-02
4.419900000000000000e+04 1.038274734818385170e+00 6.808964987193387441e-02
4.420100000000000000e+04 9.571402315731886157e-01 3.817279710283418698e-02
4.447100000000000000e+04 9.861424430534475594e-01 7.745152407138351791e-02
4.447300000000000000e+04 1.056727620859443162e+00 1.259468859150702780e-01
4.447400000000000000e+04 1.005197182079581752e+00 -1.440097068839335352e-02
4.447800000000000000e+04 1.021740085057704528e+00 7.873031051145291948e-02
4.448100000000000000e+04 9.299387033758488297e-01 1.176428890068382804e-01
4.450500000000000000e+04 1.037041319650008120e+00 -4.178248906428013235e-03
4.450700000000000000e+04 1.006223198861071477e+00 1.015412238482435170e-01
4.453600000000000000e+04 1.034611962888696723e+00 1.002467445176858374e-01
4.454100000000000000e+04 7.500994213152950563e-01 -1.321487699636721136e-01
4.468600000000000000e+04 9.636672363407465802e-01 -1.302163500800502909e-02
4.468700000000000000e+04 1.012518805091051632e+00 -3.681900423950076537e-04
4.468800000000000000e+04 1.007086642571159985e+00 2.176613815379361064e-02
4.468900000000000000e+04 9.903669129669590010e-01 -1.276437019347763380e-01
4.469000000000000000e+04 1.058949332126557730e+00 -6.654333448282145902e-02
4.469200000000000000e+04 9.643964991973839052e-01 -3.612542011251940882e-02
4.469300000000000000e+04 1.052693564667166681e+00 7.605981568536460471e-03
4.469400000000000000e+04 9.048009911787580073e-01 4.025228807227134581e-02
4.472200000000000000e+04 9.666729749922616799e-01 2.812240261283290715e-03
4.472300000000000000e+04 1.010535913920528772e+00 -5.254987046883802249e-02
4.472400000000000000e+04 9.350807123508880769e-01 -1.423686189853198315e-02
4.472600000000000000e+04 9.517491773244562969e-01 4.895851295256610503e-02
4.474700000000000000e+04 1.120286517250276503e+00 -1.149561075589462626e-02
4.474800000000000000e+04 1.128064185599166880e+00 2.238039796873579970e-03
4.474900000000000000e+04 1.019150487503893920e+00 3.137015931018815457e-02
4.475000000000000000e+04 1.088525125238721358e+00 -5.289594870969327456e-02
4.475100000000000000e+04 9.801775830025365455e-01 1.963688782277605779e-02
4.475200000000000000e+04 1.030128477094476969e+00 -1.145493230690550548e-02
4.475300000000000000e+04 9.900000776265908131e-01 1.125993718233885832e-01
4.475400000000000000e+04 1.048000448903173343e+00 3.236088827768886234e-02
4.475500000000000000e+04 1.018159075347294662e+00 1.618832698650218560e-01
4.477600000000000000e+04 1.026398536808115214e+00 9.784634406963980957e-02
4.477700000000000000e+04 1.021107273472092736e+00 -3.897485701051787987e-02
4.477800000000000000e+04 1.086184009990328381e+00 -2.407061866165173536e-02
4.477900000000000000e+04 1.012170579018935479e+00 -4.809277580345948377e-02
4.478000000000000000e+04 1.083934437219685298e+00 1.064605371178544424e-01
4.478100000000000000e+04 1.023192307683576496e+00 -6.581341730721285144e-02
4.478200000000000000e+04 1.144347610378890323e+00 -7.639426826142639050e-03
4.478300000000000000e+04 1.111487431831684747e+00 -1.546231158282286924e-02
4.478400000000000000e+04 1.067926750291438021e+00 -4.884226707051181338e-02
4.478500000000000000e+04 1.034534584531876744e+00 2.830940479297778742e-02
4.478600000000000000e+04 9.906031594150811470e-01 5.252129894816198741e-02
4.478700000000000000e+04 1.108991216015270176e+00 6.712490849000649074e-02
4.478800000000000000e+04 9.549959775922668426e-01 1.977309402161748011e-02
4.480500000000000000e+04 9.709928798308059550e-01 -4.026788063489386560e-02
4.480700000000000000e+04 1.001502678269274194e+00 -2.757616197847891082e-02
4.480800000000000000e+04 1.046066519901511116e+00 -5.283314758690871304e-03
4.480900000000000000e+04 1.046693732986307745e+00 1.403051066842878752e-02
4.481000000000000000e+04 1.087871514467091627e+00 3.740692658674189819e-02
4.481100000000000000e+04 1.033320771448777320e+00 8.227508240913621040e-02
4.481200000000000000e+04 1.056845516967297227e+00 -4.907581116206730099e-02
4.481300000000000000e+04 1.076165042744303468e+00 1.399811153835724825e-02
4.481400000000000000e+04 8.733013703746607126e-01 4.326410365780129774e-02
4.481600000000000000e+04 9.491052738870486838e-01 9.262897244344010794e-02
4.505500000000000000e+04 9.960267661942679984e-01 2.236098710245153220e-02
4.507300000000000000e+04 9.649774976661008585e-01 1.077048691227937560e-01
4.507500000000000000e+04 8.999580198278605003e-01 6.162107085229593523e-02
4.509400000000000000e+04 9.552869723578930605e-01 5.205841885311479622e-02
4.511800000000000000e+04 9.899101769435972864e-01 5.403805000096783412e-02
4.511900000000000000e+04 1.039428125010720683e+00 4.975058996158206875e-02
4.512000000000000000e+04 1.071336714443394067e+00 1.139609629501392440e-02
4.512100000000000000e+04 9.501068471707202479e-01 1.619626411511584235e-03
4.512200000000000000e+04 1.028392773367236224e+00 -1.132500761021552615e-01
4.512300000000000000e+04 1.102052220117382353e+00 -3.165469793032242574e-02
4.512400000000000000e+04 1.096113820817747886e+00 -8.165921704723885788e-02
4.513000000000000000e+04 1.046544016098919450e+00 3.659733591478864928e-02
4.513100000000000000e+04 1.043505276980280172e+00 6.121210592302634562e-02
4.513200000000000000e+04 1.000322432835654141e+00 1.005484939612752843e-01
4.513300000000000000e+04 9.674045490638836231e-01 -6.590487856938119504e-02
4.513400000000000000e+04 1.100776130905921857e+00 -2.516272530190828000e-02
4.513500000000000000e+04 1.026051179014447312e+00 7.767855203736567793e-02
4.513600000000000000e+04 9.841950209943618466e-01 1.539230894501854643e-02
4.515000000000000000e+04 9.971040924369375391e-01 4.660558312395593483e-02
4.515200000000000000e+04 1.113908207945039086e+00 9.611519398053582075e-02
4.515300000000000000e+04 9.526635268802707834e-01 -3.802722190151845705e-02
4.515400000000000000e+04 9.927455256525965499e-01 1.172778383714072475e-01
4.515500000000000000e+04 1.046920411871640644e+00 5.318799470604553686e-02
4.515600000000000000e+04 9.772863443724904009e-01 8.088504393420226091e-02
4.515800000000000000e+04 1.010607508273971167e+00 -6.517390775293981434e-03
4.515900000000000000e+04 9.759414750999064747e-01 -6.026373181201103574e-02
4.516000000000000000e+04 9.410705549047196916e-01 1.857028260210182302e-01
4.524200000000000000e+04 9.324819554153684908e-01 1.130572122353720906e-02
4.524300000000000000e+04 1.014482308027479851e+00 -2.394503646450172121e-03
4.524400000000000000e+04 1.005671966700522058e+00 -3.098816972288067489e-02
4.524500000000000000e+04 1.037850235939281829e+00 9.401603812197262267e-02
4.524600000000000000e+04 1.025126223436656714e+00 3.934294239472026222e-02
4.524700000000000000e+04 1.001433139050608601e+00 1.617983787384886241e-01
4.524800000000000000e+04 1.035549539080975245e+00 4.454200638767067191e-03
4.524900000000000000e+04 9.851890069554349871e-01 1.194178412090486086e-01
4.525100000000000000e+04 1.022313153421111842e+00 2.392003150091037700e-02
4.525200000000000000e+04 8.895885682951936158e-01 1.316432391013651615e-01
4.525300000000000000e+04 9.237368135052673734e-01 9.958567485065136782e-02
4.525400000000000000e+04 9.671102792541002025e-01 4.327885973497366118e-02
4.528100000000000000e+04 1.010057156784231802e+00 1.033326081813019069e-02
4.528200000000000000e+04 1.019329310951177181e+00 1.490151348311364102e-02
4.528300000000000000e+04 9.955215634294605209e-01 -2.963526852134754086e-02
4.528400000000000000e+04 1.031156784593242559e+00 2.734666344333363391e-02
4.528500000000000000e+04 1.033621111273886006e+00 -1.627767241585395194e-02
4.528600000000000000e+04 1.027364597051283690e+00 -2.019155931823749667e-02
4.528700000000000000e+04 9.443770504903885588e-01 -1.822722164941018019e-02
4.528800000000000000e+04 9.825159265405247755e-01 4.918226351895642334e-02
4.529100000000000000e+04 9.275319922233620229e-01 -2.595093538871769828e-02
4.531400000000000000e+04 1.163152225626465697e+00 -2.209801107690015365e-02
4.531500000000000000e+04 1.116671317279955611e+00 3.394500118056431592e-02
4.531600000000000000e+04 1.115855945448052555e+00 2.016827249373068232e-01
4.531700000000000000e+04 9.966067846449488954e-01 1.054760348799928110e-01
4.531900000000000000e+04 9.561476975726331817e-01 9.371809156558263965e-02
4.536500000000000000e+04 1.044086001003444508e+00 9.370141773000617569e-02
4.536700000000000000e+04 1.029740201969880475e+00 -2.013160071122641753e-02
4.536800000000000000e+04 1.025099429570743181e+00 -1.161193690163880160e-02
4.537000000000000000e+04 9.613456270410225546e-01 -2.590541633868902877e-02
4.541700000000000000e+04 9.798131210466289875e-01 6.666890251061879935e-02
4.541800000000000000e+04 9.527658639107766669e-01 3.866500905713401298e-02
