5.431200000000000000e+04 1.333758395486191572e+00 1.067908599738998793e-01
5.431300000000000000e+04 1.168707989952888937e+00 7.455469166100223144e-02
5.435400000000000000e+04 1.185602636295215673e+00 5.310494733519075666e-02
5.439000000000000000e+04 8.634241109282972948e-01 -1.603679955620052489e-05
5.439100000000000000e+04 9.157676689259344194e-01 3.715674569450651971e-03
5.439200000000000000e+04 8.537818793453879618e-01 -7.753932499186935723e-02
5.440400000000000000e+04 1.019349933940292052e+00 2.059019867995804526e-02
5.442200000000000000e+04 9.759672576565997515e-01 -8.602938519783026594e-02
5.442300000000000000e+04 9.015362497641591366e-01 -6.491346448831297744e-02
5.442500000000000000e+04 1.019189261739511076e+00 -1.176367316415191516e-01
5.446500000000000000e+04 9.539264915146267176e-01 5.749836238980665475e-03
5.446600000000000000e+04 8.452754405829271400e-01 -4.857089483512654765e-02
5.448800000000000000e+04 1.153141932779130130e+00 -1.653133923120021775e-02
5.448900000000000000e+04 9.051131192239050272e-01 -2.181979375298523025e-02
5.449000000000000000e+04 9.536511462130661254e-01 -1.412774137297657662e-01
5.449100000000000000e+04 9.517202548434360310e-01 -2.919461392614386419e-02
5.449200000000000000e+04 1.056617842872977331e+00 2.779643329012776096e-02
5.449300000000000000e+04 1.059463816466495789e+00 4.097149404063636299e-03
5.450200000000000000e+04 8.905352806344210004e-01 -6.906258805951527580e-02
5.450300000000000000e+04 8.665951855581880414e-01 -6.949703225023634579e-02
5.450400000000000000e+04 9.212716286620933337e-01 -6.780581862112294855e-02
5.452000000000000000e+04 9.669476950756842326e-01 -1.320162763744077150e-01
5.452100000000000000e+04 9.194057327491328424e-01 -1.673406697176357816e-02
5.452200000000000000e+04 1.103019864693280505e+00 4.013582632700526953e-02
5.452300000000000000e+04 1.056522769906606429e+00 -1.919294950721515264e-02
5.452400000000000000e+04 1.046175459412169051e+00 2.371630888692407083e-02
5.452500000000000000e+04 9.390674219725647642e-01 -7.260199001902405136e-02
5.452600000000000000e+04 9.391189098130385826e-01 -2.884369584375313239e-03
5.452700000000000000e+04 1.081828632554865166e+00 4.441273030608411387e-02
5.452800000000000000e+04 1.241500479057172424e+00 -6.216523095888649292e-02
5.461800000000000000e+04 9.553196394277114756e-01 -2.817271903207329425e-02
5.461900000000000000e+04 1.015847083567109621e+00 -4.294476988605761686e-02
5.462000000000000000e+04 1.090732935792803060e+00 1.148265112443178776e-02
5.462100000000000000e+04 1.040312590671658155e+00 -6.185272438451841492e-02
5.462200000000000000e+04 9.370492770305043351e-01 3.538500059072099274e-02
5.462800000000000000e+04 9.365900026560296521e-01 3.371704041604683261e-02
5.462900000000000000e+04 9.788803791233652296e-01 -3.811484982712117636e-02
5.464400000000000000e+04 9.985586600881837249e-01 -2.255070352043227113e-03
5.464500000000000000e+04 1.109977206637223990e+00 3.079810772088400345e-02
5.464600000000000000e+04 1.044955536450004274e+00 -2.731721891433461225e-02
5.464700000000000000e+04 1.037691504486738081e+00 -6.200239236371677537e-02
5.465300000000000000e+04 8.468266243292051909e-01 -4.112593733383267808e-02
5.467100000000000000e+04 8.990282702588830999e-01 -1.136761921204097747e-01
5.467200000000000000e+04 9.667717410511397214e-01 3.170782045584627507e-02
5.467300000000000000e+04 9.300046003906439207e-01 5.137119727314339718e-02
5.470200000000000000e+04 1.017673852955585101e+00 8.639092390232684660e-02
5.470300000000000000e+04 1.048828746336193829e+00 1.984324174497074922e-04
5.470600000000000000e+04 9.791497844703198616e-01 -5.817190660633678873e-02
5.470700000000000000e+04 8.594279173605132716e-01 -8.315656014610005309e-02
5.470800000000000000e+04 9.683266699280039802e-01 -2.125861724233577346e-02
5.472500000000000000e+04 9.249438560565089729e-01 -1.649263562164103303e-01
5.472600000000000000e+04 9.918593308674920062e-01 -1.331008570538019520e-01
5.473000000000000000e+04 9.950695388457174717e-01 1.397250704765275742e-01
5.473100000000000000e+04 9.722107000962650902e-01 3.220916040279866999e-02
5.473400000000000000e+04 9.210905740606177838e-01 -4.624094804560703598e-02
5.473600000000000000e+04 9.029914689520268656e-01 4.097167224378568673e-02
5.473700000000000000e+04 8.954220304004875119e-01 -1.529499610079278551e-02
5.473800000000000000e+04 8.911038884111623926e-01 6.475014963242950450e-02
5.474500000000000000e+04 8.859686152558837735e-01 2.416072006776121689e-02
5.474600000000000000e+04 1.133966527908734534e+00 -2.345858017751993943e-02
5.474800000000000000e+04 8.701622967769070405e-01 -1.503786712902123283e-02
5.474900000000000000e+04 8.753915387062234377e-01 -4.927749654220115599e-02
5.475000000000000000e+04 9.505877173378532996e-01 -8.323698926122599651e-03
5.475100000000000000e+04 9.044769100420907426e-01 -4.283964689747541549e-02
5.475200000000000000e+04 9.200468608467365916e-01 2.951018668853472998e-02
5.475300000000000000e+04 8.880672749023393875e-01 -7.589877634959690811e-02
5.477100000000000000e+04 9.305793323548479101e-01 -5.555783704243237586e-02
5.477200000000000000e+04 9.085374887246786546e-01 -3.481106585364127787e-02
5.477300000000000000e+04 8.063621072579156834e-01 -1.993344758348794543e-01
5.478900000000000000e+04 8.946213519292804950e-01 -4.759135022329503972e-02
5.491500000000000000e+04 9.558294394846359454e-01 1.240103500839292439e-01
5.503300000000000000e+04 9.349862354574876022e-01 3.598470012166610915e-02
5.503400000000000000e+04 9.693106930347099581e-01 -4.192382774050112254e-02
5.503500000000000000e+04 1.140722466202823915e+00 -1.213189844298324521e-01
5.503700000000000000e+04 1.232257478219353830e+00 6.192722397587120675e-02
5.503800000000000000e+04 1.141967147842374963e+00 -9.305173705710982623e-02
5.503900000000000000e+04 1.081794918573309117e+00 -1.017440784721460878e-01
5.504000000000000000e+04 1.045050185189470238e+00 -1.082596609725111764e-01
5.523400000000000000e+04 1.179020446182220461e+00 -3.710089415700219828e-02
5.523500000000000000e+04 1.152038996218202938e+00 -1.551511362860695867e-02
5.523600000000000000e+04 1.046145298647014110e+00 -9.501782775221676025e-02
5.523700000000000000e+04 1.087952784489234048e+00 -1.239709657410237587e-01
5.523800000000000000e+04 1.018495184837501899e+00 -6.779071828232222097e-02
5.523900000000000000e+04 9.688016684321827388e-01 -4.241037098060174843e-02
5.524000000000000000e+04 9.592597036729560989e-01 -6.570666256815067829e-02
5.524100000000000000e+04 1.078382685406859887e+00 7.620722050104664080e-02
5.524200000000000000e+04 1.003241352451780255e+00 -1.015805821789185909e-01
5.524300000000000000e+04 1.034925954553048921e+00 3.852151784986175553e-02
5.524500000000000000e+04 1.000141549602516333e+00 5.957972047851757894e-03
5.525700000000000000e+04 1.360652345684916220e+00 -6.928548372654831644e-02
5.525800000000000000e+04 1.060557095897281199e+00 -2.489645811299458916e-02
5.525900000000000000e+04 1.044650026683706656e+00 3.289590777830016244e-02
5.526000000000000000e+04 1.043252294300248462e+00 -2.671194848749652850e-02
5.526100000000000000e+04 1.049492336520537306e+00 4.567917553410609510e-02
5.526200000000000000e+04 1.020077234801966881e+00 2.294264740963249116e-02
5.526300000000000000e+04 9.875940551555458802e-01 -1.310505033854632295e-02
5.526400000000000000e+04 1.053220880906585277e+00 1.755393590643006957e-02
5.526700000000000000e+04 7.496557937598264942e-01 4.524712816060387499e-02
5.528200000000000000e+04 9.748395666804586801e-01 3.992470919191722784e-02
5.528300000000000000e+04 9.922170160659632421e-01 2.745707687489811616e-02
5.528400000000000000e+04 9.461961596769229432e-01 -3.002864299072155810e-02
5.528500000000000000e+04 1.164638707697762010e+00 1.384659802040088539e-01
5.528600000000000000e+04 9.142473856903760021e-01 -7.189827928193572026e-02
5.528700000000000000e+04 1.130176345528075110e+00 1.001080677061896018e-01
5.528800000000000000e+04 1.010052166343894386e+00 1.988415085959708284e-01
5.528900000000000000e+04 1.097470102090284838e+00 -1.911776790512259919e-02
5.531500000000000000e+04 1.019804887526154502e+00 3.585973665043173941e-02
5.531600000000000000e+04 1.118301663200633289e+00 -3.184123612889250277e-02
5.531700000000000000e+04 1.001536943244066169e+00 -8.055570064884089165e-02
5.531900000000000000e+04 1.063201369315335043e+00 -6.317913468613054265e-03
5.532000000000000000e+04 1.171339204030248160e+00 3.114086356093960853e-02
5.532100000000000000e+04 1.190759097627743346e+00 -1.382268020320902985e-02
5.533500000000000000e+04 1.009391084806049665e+00 -7.129796740915510245e-02
5.533700000000000000e+04 1.084814559480147045e+00 -1.788578589525781359e-02
5.533800000000000000e+04 1.067985618042643026e+00 8.650164457469161627e-03
5.533900000000000000e+04 1.004673534875965224e+00 1.008603532160877586e-01
5.534100000000000000e+04 1.051900123713303881e+00 -2.480287686482209909e-04
5.534200000000000000e+04 1.185480668455033637e+00 1.107207658813174900e-01
5.537800000000000000e+04 1.026507671036043012e+00 -5.005626502482947611e-03
5.537900000000000000e+04 9.919694455316254711e-01 1.080240350968493523e-01
5.538200000000000000e+04 1.061430364533742621e+00 -6.699650737154122168e-03
5.538300000000000000e+04 1.082111787265808589e+00 -4.637037029776768828e-03
5.540000000000000000e+04 1.129927358677562221e+00 -1.848183602778027956e-02
5.540100000000000000e+04 1.121511514945497723e+00 3.918476507447294505e-02
5.540200000000000000e+04 1.121200708387345646e+00 -2.502030272394555749e-02
5.540300000000000000e+04 1.199885653744474645e+00 1.017818378441893122e-02
5.543000000000000000e+04 1.051674384491943615e+00 -6.578600116412854082e-02
5.543100000000000000e+04 9.602614990669957606e-01 3.907040399281330734e-02
5.549400000000000000e+04 1.025923048642468638e+00 3.489645537049564095e-02
5.549500000000000000e+04 8.220039311420533901e-01 -7.332231858698738669e-02
5.552600000000000000e+04 1.001854655308870079e+00 7.325281817157931752e-02
5.552700000000000000e+04 9.807837845455629200e-01 -2.447774088942962847e-02
5.554700000000000000e+04 9.867990369023570407e-01 -3.199892822979085588e-02
5.554900000000000000e+04 9.782769482293285357e-01 7.148989368910406428e-02
5.555000000000000000e+04 9.843123414767892543e-01 9.899715822667912168e-02
5.555100000000000000e+04 9.653088666394695760e-01 -1.078634156557191359e-02
5.555200000000000000e+04 1.032929983833654086e+00 -3.144051541010880330e-02
5.555300000000000000e+04 1.054606697652840541e+00 5.176577489408779910e-04
5.555400000000000000e+04 1.022474093898800174e+00 -1.682593461568945292e-01
5.557100000000000000e+04 1.025384400195704204e+00 -9.142927644225067735e-04
5.559800000000000000e+04 1.043063336820246212e+00 3.269865459336714075e-02
5.559900000000000000e+04 1.067242361777979820e+00 4.994938277974628540e-03
5.560100000000000000e+04 1.038030579626416428e+00 -4.357192519569315359e-02
5.570300000000000000e+04 9.323373373067275205e-01 -7.308222191531925371e-02
5.574300000000000000e+04 9.782378669769470347e-01 -1.024714743414971985e-01
5.581200000000000000e+04 9.288072657528378961e-01 3.185785779862208150e-02
5.582300000000000000e+04 9.152626659662561615e-01 -6.257145967436028577e-02
5.583600000000000000e+04 1.063550053455114996e+00 -2.961039907944105695e-02
5.583700000000000000e+04 9.826816753200946497e-01 -2.418945906303120869e-02
5.583800000000000000e+04 1.062525642508684420e+00 3.751934143963974594e-02
5.583900000000000000e+04 9.929990454856930659e-01 -3.925034934020014965e-02
5.586500000000000000e+04 7.848370569526985641e-01 8.705643072125639204e-02
5.586600000000000000e+04 8.823123452766278296e-01 -1.070812353378493807e-02
5.586700000000000000e+04 9.639813426507780614e-01 3.056310879073041373e-02
5.586800000000000000e+04 1.057317612803542417e+00 1.930981019372007557e-01
5.586900000000000000e+04 8.277492699425739175e-01 -8.958960392319299804e-02
5.587000000000000000e+04 1.031214374526627342e+00 4.040604575743417942e-02
5.587100000000000000e+04 1.005058809366672135e+00 1.274904747682347739e-01
5.587800000000000000e+04 1.095113223454406981e+00 2.408411441570598374e-02
5.587900000000000000e+04 1.021327505026972116e+00 6.462690175954698135e-02
5.588300000000000000e+04 9.667725024159664615e-01 1.032432602693887508e-01
5.588400000000000000e+04 9.456629513422641908e-01 -6.526070079755831588e-02
5.588500000000000000e+04 9.768213427724923292e-01 -1.454637296059811402e-01
5.588600000000000000e+04 1.062587594920642697e+00 -3.129638230992199538e-02
5.591100000000000000e+04 1.119691004263406509e+00 1.869529028912962076e-01
5.591200000000000000e+04 9.328335865089661949e-01 -6.013819620519457454e-02
5.591300000000000000e+04 1.050389075229922531e+00 8.988774515295329393e-02
5.591400000000000000e+04 9.984948798777789625e-01 1.388590483231625164e-02
5.591500000000000000e+04 9.386804049674716266e-01 -2.679463024958616407e-02
5.591800000000000000e+04 9.391129372958355592e-01 -5.792979634754109181e-02
5.591900000000000000e+04 9.010315970808188135e-01 5.849056642498096092e-02
5.592000000000000000e+04 9.788586814311788231e-01 -7.284600661806292510e-02
5.593600000000000000e+04 1.034788037780677072e+00 3.021050602937863649e-02
5.594400000000000000e+04 9.896011595576686970e-01 -1.104589782929983194e-01
5.594500000000000000e+04 9.771396640877554329e-01 4.693456508447017145e-02
5.594600000000000000e+04 9.923648641770586032e-01 -2.318119355079954758e-02
5.594700000000000000e+04 9.860034280106604321e-01 3.772001858349211673e-02
5.595600000000000000e+04 1.028539929086103255e+00 5.379699330811377883e-02
5.595700000000000000e+04 1.008110656089726387e+00 -1.062960990755267565e-01
5.595800000000000000e+04 1.005769068719721826e+00 -1.088177015212517251e-01
5.596000000000000000e+04 9.921683671554614170e-01 -3.588957165185656384e-02
5.596300000000000000e+04 9.693953798329507654e-01 -9.001659373328946279e-02
5.596400000000000000e+04 9.945897031776221864e-01 3.068637221374031360e-02
5.596600000000000000e+04 9.168285212315578914e-01 9.602133193710556125e-02
5.597600000000000000e+04 8.816470775114189085e-01 -9.993763395955954087e-02
5.597800000000000000e+04 9.352080557010304940e-01 -3.599728446379461128e-02
5.597900000000000000e+04 9.388053349393536973e-01 -6.426041855419578619e-02
5.598100000000000000e+04 9.825800265479580631e-01 7.883295124625358530e-02
5.598200000000000000e+04 9.589536506794463788e-01 -5.155914503807277477e-02
5.598700000000000000e+04 1.067378601985418562e+00 -9.892345386192542833e-02
5.598800000000000000e+04 1.050712351229815766e+00 -4.110602390029528819e-02
5.598900000000000000e+04 8.985754001461450091e-01 1.130114983970339701e-02
5.599000000000000000e+04 9.921357847348336589e-01 8.537050547324101513e-02
5.599100000000000000e+04 1.017830965699375367e+00 -3.168606635563522150e-02
5.599200000000000000e+04 1.008913845231536044e+00 5.563407450643187424e-02
5.600000000000000000e+04 8.536576021692138250e-01 -3.156337908682791543e-02
5.600100000000000000e+04 8.839822461224282613e-01 1.005048779873111281e-02
5.600200000000000000e+04 9.162436091150473194e-01 6.854840516284124718e-02
5.600300000000000000e+04 8.238614407958856356e-01 -1.511712913961289241e-02
5.600400000000000000e+04 1.067677530569669742e+00 9.359426644025811703e-02
