3.446700000000000000e+04 1.018235283714906014e+00 1.204976000947658027e-01
3.446800000000000000e+04 1.045903448959214499e+00 -3.409901438210880681e-04
3.446900000000000000e+04 1.001613899453012380e+00 4.113576192594003977e-02
3.447000000000000000e+04 9.973062527717728720e-01 1.066397198746101282e-01
3.447100000000000000e+04 9.719766178809693402e-01 -5.728467651275166717e-02
3.447300000000000000e+04 9.907505406030630013e-01 8.180625656945801627e-02
3.447400000000000000e+04 9.653022791921404000e-01 -6.593259214069381591e-02
3.447500000000000000e+04 1.112899137956270490e+00 -9.516830168002336429e-03
3.447600000000000000e+04 1.059645621907421287e+00 2.040921674080988998e-02
3.447700000000000000e+04 1.112388880682287917e+00 2.861210523935000735e-02
3.448900000000000000e+04 1.013546499855290106e+00 -1.484344301189250478e-03
3.449000000000000000e+04 1.022918690600062908e+00 8.345842923537834246e-02
3.449100000000000000e+04 9.719416119044421709e-01 6.567594487110114954e-02
3.449200000000000000e+04 9.658298409682873897e-01 -3.245374496875642195e-02
3.449300000000000000e+04 1.048251880203624919e+00 -6.823336546621680369e-03
3.449400000000000000e+04 1.082787141805983566e+00 4.736996557232926730e-02
3.449500000000000000e+04 1.006669446917560773e+00 4.106994861190661414e-03
3.449600000000000000e+04 9.674966857829732092e-01 -5.733731869243122170e-02
3.449700000000000000e+04 9.337614935327512855e-01 1.734836375978573292e-02
3.449800000000000000e+04 1.089078087185491039e+00 1.075712622072050872e-01
3.449900000000000000e+04 1.066966927674188659e+00 -1.695812004456738811e-02
3.450000000000000000e+04 1.043606978926834961e+00 6.199392682699586543e-02
3.450900000000000000e+04 1.029346623516033343e+00 7.595478140132445877e-02
3.451000000000000000e+04 1.126732109328860254e+00 -8.821315932759997425e-03
3.451100000000000000e+04 1.079404895357054306e+00 -2.077545426404482989e-02
3.451200000000000000e+04 9.550073251737455360e-01 5.171719079052619628e-02
3.451300000000000000e+04 9.456383497213125544e-01 -2.357125725573135794e-02
3.451500000000000000e+04 1.143875186426738688e+00 -1.507031144126679163e-02
3.451600000000000000e+04 1.067335325731047391e+00 1.427605392635445877e-02
3.451700000000000000e+04 1.124331358246120960e+00 -3.992752938030107862e-02
3.455000000000000000e+04 6.488556155559332961e-01 1.745211305847815114e-02
3.455500000000000000e+04 9.388668001875631886e-01 1.901471759295594588e-01
3.461000000000000000e+04 1.044715352965820632e+00 3.632163921318232180e-02
3.461100000000000000e+04 1.051262089388977916e+00 1.088998505807731582e-01
3.462200000000000000e+04 9.723076840645837882e-01 5.977685411916879021e-02
3.478500000000000000e+04 8.069166589936148659e-01 5.481522309971521151e-02
3.478600000000000000e+04 8.413511443381382904e-01 -7.180297338133283074e-03
3.479600000000000000e+04 1.144323655100692561e+00 1.221047203396830039e-01
3.479700000000000000e+04 1.150661851010688297e+00 -5.314368718024182515e-03
3.479800000000000000e+04 1.091849786475539874e+00 5.518536573592645704e-03
3.480000000000000000e+04 1.067158703081420246e+00 -9.410220288985651771e-03
3.480100000000000000e+04 1.060076309798694938e+00 -1.241900225789354002e-03
3.480200000000000000e+04 1.096594133985266284e+00 7.791604780584718282e-02
3.480300000000000000e+04 1.042640790466572431e+00 2.752790803908223075e-02
3.480400000000000000e+04 1.055934051094443493e+00 -3.495823707214508469e-02
3.481100000000000000e+04 9.892006105768084145e-01 3.874159203943830856e-03
3.485000000000000000e+04 1.192124869856301617e+00 -7.038074594732088296e-02
3.485100000000000000e+04 1.158513127412596821e+00 6.499783406397441343e-02
3.485200000000000000e+04 1.173995140409805016e+00 -3.391169948549258711e-02
3.485400000000000000e+04 1.105859060302945007e+00 -5.493632371070052839e-02
3.485500000000000000e+04 1.269980075827041421e+00 1.095856348924001758e-03
3.485600000000000000e+04 1.197397048339963188e+00 4.145977577966065974e-02
3.485700000000000000e+04 1.164250627321654852e+00 -1.418872817568329892e-02
3.485800000000000000e+04 1.021893514449017104e+00 -2.158780545597463116e-02
3.485900000000000000e+04 1.101769506154038014e+00 -3.114896690202561755e-02
3.486000000000000000e+04 1.052237080519888623e+00 -6.724817366682385444e-02
3.486100000000000000e+04 1.037817116329927014e+00 -7.058907615920904932e-02
3.486200000000000000e+04 1.221786467701952983e+00 5.788433950666400235e-02
3.486300000000000000e+04 1.231467665009433832e+00 4.565561526369070477e-02
3.487400000000000000e+04 1.063820990423954393e+00 9.488883123459962779e-03
3.487600000000000000e+04 1.032945741911663218e+00 7.612278060196479845e-03
3.487700000000000000e+04 1.032263094778488322e+00 -4.467818366272362923e-02
3.487900000000000000e+04 1.048518430677315427e+00 2.291595060681414497e-02
3.488000000000000000e+04 1.065762835845514900e+00 1.552302089567164298e-02
3.488100000000000000e+04 1.093690092083976273e+00 -1.516138012202006106e-02
3.488200000000000000e+04 1.069960217254189105e+00 -6.623179808173866590e-02
3.488300000000000000e+04 1.055916610970830671e+00 5.409580300592115726e-02
3.488400000000000000e+04 9.489056992005783231e-01 4.679817801213004974e-03
3.488500000000000000e+04 9.782829332014278956e-01 -1.865300069271854863e-02
3.488600000000000000e+04 1.000467799031034222e+00 2.837880990674334150e-02
3.488700000000000000e+04 1.074850068815570436e+00 4.656804819015218644e-02
3.488800000000000000e+04 1.199214035496626307e+00 2.674954612243473501e-02
3.488900000000000000e+04 1.104655892292329966e+00 5.779409744687200035e-02
3.490100000000000000e+04 1.172340153964652298e+00 4.656964913677633794e-02
3.490200000000000000e+04 1.069474018659037906e+00 4.546238687057052585e-02
3.490300000000000000e+04 1.061070455445933147e+00 6.139155467707662489e-02
3.490400000000000000e+04 1.092125315516671247e+00 9.966649464929108748e-02
3.490500000000000000e+04 1.083128768374799877e+00 -6.955793334604785765e-03
3.490600000000000000e+04 9.616356959293660411e-01 5.594956233956634162e-02
3.490700000000000000e+04 1.057578226861652926e+00 4.783730216863836537e-02
3.490800000000000000e+04 1.042024302886981335e+00 -5.758901907216612895e-03
3.490900000000000000e+04 1.032501301356203660e+00 4.628991605871530385e-02
3.491000000000000000e+04 9.809095571305314065e-01 -3.019064341424917280e-02
3.491100000000000000e+04 1.056148287538786423e+00 -4.083370165873303342e-02
3.491200000000000000e+04 1.050749800117806831e+00 2.766802721769723045e-03
3.491300000000000000e+04 9.716537127121438466e-01 -2.069157829156454895e-02
3.491400000000000000e+04 1.090590684991797676e+00 5.486652252024501464e-02
3.491500000000000000e+04 9.725557921737865152e-01 8.115972624511291755e-02
3.491600000000000000e+04 1.095064539059153574e+00 1.440592300194218703e-02
3.492800000000000000e+04 1.065891642850023135e+00 -9.776879181149751921e-03
3.492900000000000000e+04 1.052050635091733133e+00 -2.537257076902323799e-02
3.493000000000000000e+04 1.092811017355960201e+00 1.203631086169997845e-02
3.493100000000000000e+04 1.047509963124565902e+00 6.066140909642564472e-02
3.493200000000000000e+04 1.067795332910596029e+00 1.362410743148206697e-03
3.493300000000000000e+04 1.105905875283445416e+00 2.444293070073140853e-02
3.493400000000000000e+04 9.801003713031037901e-01 -1.276666626161345429e-02
3.493500000000000000e+04 1.055165599800934606e+00 2.799709101729952812e-02
3.493600000000000000e+04 1.023054382773413540e+00 2.836330586657151084e-02
3.493700000000000000e+04 1.071817117044904677e+00 9.415540301379318744e-02
3.493800000000000000e+04 1.048526068788044885e+00 3.690215577064674679e-02
3.495500000000000000e+04 1.081288768058805916e+00 -1.587371360496752856e-02
3.495600000000000000e+04 1.001039156661431173e+00 6.837395503865219965e-03
3.495700000000000000e+04 1.084899775194440696e+00 2.617474289272343421e-02
3.495900000000000000e+04 1.073206078586892875e+00 7.654820928676919767e-03
3.496000000000000000e+04 9.980274678712496295e-01 4.597138994324276307e-03
3.496100000000000000e+04 1.030643430419996731e+00 6.360719496944057527e-02
3.496200000000000000e+04 1.050171877904559015e+00 -2.277469832182436177e-02
3.496300000000000000e+04 1.089236633392509868e+00 -2.076703019554818758e-03
3.496400000000000000e+04 1.002010952518687104e+00 2.637168567994983576e-03
3.496500000000000000e+04 1.057031533972719872e+00 -3.621913117944330213e-02
3.496700000000000000e+04 9.885456385323282413e-01 6.248632410962656064e-02
3.498100000000000000e+04 1.154743563039352772e+00 -5.733791359379993881e-03
3.498200000000000000e+04 1.040880938949870327e+00 -4.090901110625124598e-02
3.498300000000000000e+04 1.061296448982128160e+00 -8.838826238976363325e-02
3.498400000000000000e+04 1.114286601793291753e+00 -2.630406955876263275e-02
3.498500000000000000e+04 1.128080979228720970e+00 -5.367981962113447386e-02
3.498600000000000000e+04 1.097706512508763499e+00 5.882974296553270671e-02
3.498800000000000000e+04 1.041025453958803304e+00 -1.209826083086051711e-02
3.498900000000000000e+04 1.043743595281705572e+00 -8.222003592538131012e-02
3.499000000000000000e+04 9.942589299300250705e-01 -4.461022192244586820e-02
3.499100000000000000e+04 1.027835908773244489e+00 9.845042645747799359e-02
3.499200000000000000e+04 1.066552781159134211e+00 5.914997393924333047e-02
3.500500000000000000e+04 1.072358880867581021e+00 -3.589984540531179075e-02
3.500600000000000000e+04 1.032539968879661707e+00 -3.645355392695695529e-02
3.500700000000000000e+04 9.762462543702223883e-01 -3.065495092783466352e-03
3.500800000000000000e+04 1.127389598534127124e+00 1.293363627997124246e-02
3.500900000000000000e+04 1.019596375780169595e+00 -1.381888201024174083e-02
3.501000000000000000e+04 1.069998173532402452e+00 5.616531247532040999e-02
3.501100000000000000e+04 1.004376184180707510e+00 -4.248948109191975908e-02
3.501200000000000000e+04 1.009898761300547232e+00 -2.311346778581816353e-03
3.501300000000000000e+04 1.008734020394025821e+00 -2.030850433830122537e-02
3.501400000000000000e+04 9.588610329778235464e-01 -2.201241740830671076e-02
3.501500000000000000e+04 1.005809626336767071e+00 -1.846715731034525437e-02
3.501600000000000000e+04 1.021756889776064048e+00 -1.810967764917590164e-02
3.505000000000000000e+04 1.066013051366403452e+00 -2.873233913051437619e-02
3.505100000000000000e+04 8.845860594908436791e-01 1.051924451105560113e-02
3.505200000000000000e+04 9.689744719641066872e-01 1.597520696686432345e-05
3.505300000000000000e+04 1.005962843023438191e+00 -2.653618733457929757e-03
3.505400000000000000e+04 1.051452741170266769e+00 1.591219241131038367e-02
3.505800000000000000e+04 9.658867624474717362e-01 4.282198674931299298e-03
3.505900000000000000e+04 8.996588519445796184e-01 -5.499459561088793774e-02
3.506000000000000000e+04 1.171043760715512638e+00 1.566210693944125598e-02
3.506100000000000000e+04 9.607097364486547608e-01 4.189673107039257327e-02
3.506200000000000000e+04 9.973828350671942733e-01 3.825453193063224622e-02
3.509900000000000000e+04 9.038584528202174839e-01 2.911543414876577654e-02
3.510000000000000000e+04 8.971737334461513669e-01 -5.801669055972567823e-02
3.510200000000000000e+04 8.221724771444330893e-01 1.401931033186764042e-01
3.510300000000000000e+04 7.509998971379328037e-01 -3.493485323022652023e-02
3.510600000000000000e+04 7.702472722808280103e-01 5.702220177932995626e-03
3.522500000000000000e+04 8.554635244993155085e-01 -7.410399060868014254e-02
3.523100000000000000e+04 7.848096144164609100e-01 -1.008205338515693467e-02
3.523200000000000000e+04 9.492665897195561309e-01 4.784427014723766775e-02
3.523300000000000000e+04 9.857170653316376097e-01 9.779704068946945550e-02
3.523400000000000000e+04 1.036813907539803736e+00 1.179874253329148137e-01
3.525200000000000000e+04 1.095209532747120074e+00 3.780072831427516017e-02
3.525400000000000000e+04 1.133213886777858281e+00 4.739525243758618139e-02
3.525900000000000000e+04 1.045225236420544546e+00 1.405921680933470419e-01
3.537900000000000000e+04 9.136982681142187257e-01 -4.955312251519886080e-02
3.538300000000000000e+04 8.979985695898484721e-01 8.206625694979523961e-03
3.539700000000000000e+04 8.827157475591633773e-01 2.832132430863219114e-02
3.539800000000000000e+04 1.014216795589630626e+00 7.536209855079530062e-02
3.539900000000000000e+04 8.905502456436467096e-01 9.592487830865573106e-02
3.540800000000000000e+04 9.214915053470680295e-01 1.118801769812759334e-01
3.542900000000000000e+04 9.012145442477501600e-01 7.442954257024475551e-02
3.543000000000000000e+04 9.522857507052374659e-01 1.918817861995686727e-02
3.543100000000000000e+04 8.773578892881184199e-01 -6.286328445450284179e-03
3.543200000000000000e+04 8.818197952634463377e-01 -6.904649486036101673e-03
3.543300000000000000e+04 7.801289255120380517e-01 3.375818128006208285e-02
3.543400000000000000e+04 1.074880173085101864e+00 1.561515901434374146e-02
3.543500000000000000e+04 1.128571361621033553e+00 1.222825864161311282e-01
3.543600000000000000e+04 1.039759779815121465e+00 -5.237271658170197797e-02
3.543700000000000000e+04 9.599016926927256277e-01 2.880678420642800858e-02
3.544500000000000000e+04 9.579469044943338396e-01 -4.354750620189581922e-02
3.551800000000000000e+04 8.722080369610555328e-01 2.247882863311006368e-02
3.551900000000000000e+04 9.275367544224056848e-01 -1.220853271030334780e-01
3.554600000000000000e+04 9.977087115804289530e-01 -7.086332416354543251e-02
3.554700000000000000e+04 9.636270151796579864e-01 -5.438230721034911785e-02
3.554900000000000000e+04 1.071015271208500819e+00 -1.806276858424403151e-02
3.555000000000000000e+04 1.078102948300816211e+00 7.883679400367707424e-02
3.555100000000000000e+04 1.013972028495367939e+00 -2.125729401322326226e-02
3.555200000000000000e+04 1.012716851107069882e+00 8.009686020801478831e-03
3.555300000000000000e+04 1.022009163664241882e+00 8.739267687096700932e-02
3.555400000000000000e+04 8.316319690761034833e-01 1.421093194928521874e-01
3.555600000000000000e+04 8.759081347174464405e-01 7.112497927726646463e-02
3.555700000000000000e+04 6.716711284507503876e-01 4.215839684874591459e-02
3.560800000000000000e+04 1.278852322939732167e+00 -7.119595137240673777e-02
3.560900000000000000e+04 1.028064309125354514e+00 3.121468355617739929e-02
3.561000000000000000e+04 9.569839027500014472e-01 -7.108144661444279477e-02
3.561100000000000000e+04 9.342168441167776338e-01 7.551299853494043701e-02
3.561300000000000000e+04 6.969582925893184067e-01 3.452686625567794043e-02
3.569100000000000000e+04 9.558771471668481290e-01 2.038922736034262662e-02
3.569200000000000000e+04 9.225066376976424065e-01 -4.001329103246034635e-03
3.569300000000000000e+04 9.306981331551162917e-01 6.731555362940488951e-02
3.569400000000000000e+04 9.193014396594119120e-01 5.332876501644533140e-02
3.584300000000000000e+04 7.841867442871105487e-01 1.460575099060168192e-01
3.584400000000000000e+04 9.260136073086344677e-01 1.219278919005475914e-01
3.584500000000000000e+04 8.955423582400997562e-01 6.629235589704231268e-02
3.584600000000000000e+04 6.907912073293285271e-01 -8.103630742194957437e-02
3.585500000000000000e+04 8.773499958675583521e-01 1.129622482660702365e-01
3.585600000000000000e+04 8.646632075440972010e-01 9.780988784489204335e-02
