6.167600000000000000e+04 1.019378553086913941e+00 2.492247324166830050e-03
6.168900000000000000e+04 6.835583915266214561e-01 -7.447442569763741693e-02
6.169000000000000000e+04 8.757984018578980345e-01 -3.522662855778554286e-02
6.169100000000000000e+04 9.318493438433940179e-01 -6.795940317267943134e-04
6.169200000000000000e+04 9.930202414167087488e-01 -1.421265750820011053e-02
6.170200000000000000e+04 9.137650396156348220e-01 -3.658304225423881628e-03
6.170300000000000000e+04 9.035376520994674587e-01 1.566366376865199403e-02
6.170400000000000000e+04 7.990581185193610381e-01 -8.909366465329826568e-02
6.170500000000000000e+04 1.050462480724916992e+00 1.130552085728402621e-02
6.175000000000000000e+04 8.994992799225314251e-01 -2.119548244364466080e-02
6.175100000000000000e+04 8.857658138472127574e-01 -9.137935224321309946e-02
6.175200000000000000e+04 9.404113022547982981e-01 -6.103754689317378301e-02
6.176300000000000000e+04 9.702481148815141898e-01 -7.407613245090129139e-02
6.178300000000000000e+04 7.584161268357844099e-01 -1.086111526775822150e-01
6.179000000000000000e+04 8.632510648529297947e-01 -9.148601913827611454e-02
6.179100000000000000e+04 1.152773439041114623e+00 4.669321185080068520e-02
6.180200000000000000e+04 1.144898413713908436e+00 1.022448630445371882e-02
6.180300000000000000e+04 9.140510399316215118e-01 -9.470436747852738202e-02
6.185200000000000000e+04 1.054319821742114138e+00 -2.738256602419138208e-02
6.185300000000000000e+04 9.823661603588872415e-01 -1.031274007302275357e-02
6.185400000000000000e+04 9.856273882444070988e-01 -4.239368276598901725e-02
6.186600000000000000e+04 9.924023198785131283e-01 -3.280742790786757290e-02
6.186700000000000000e+04 9.223343558065179026e-01 -7.826552115394101727e-02
6.200000000000000000e+04 5.525414719843391165e-01 -1.168909655809625969e-01
6.200100000000000000e+04 5.372453643366502662e-01 -1.115414468167607309e-01
6.205600000000000000e+04 8.979535221470854589e-01 -4.927549301752995325e-02
6.205700000000000000e+04 6.575672339822977719e-01 -5.964355591042039967e-02
6.205800000000000000e+04 8.880862718041494519e-01 -6.814708036195174512e-02
6.205900000000000000e+04 9.701954590791549426e-01 -1.352975124796367348e-02
6.206000000000000000e+04 9.217439734885966018e-01 1.409548267267033556e-02
6.206100000000000000e+04 1.038224563071998174e+00 1.508676342417946369e-02
6.211500000000000000e+04 9.506388943280483783e-01 -6.237267481946178610e-02
6.211600000000000000e+04 9.579310642871248227e-01 -3.866358210676747176e-02
6.213500000000000000e+04 9.451022579637143872e-01 -1.241937371432937365e-01
6.356700000000000000e+04 9.440910172995895522e-01 5.725301327164604437e-02
6.356800000000000000e+04 9.295573845675770830e-01 -1.300798337552876507e-02
6.357000000000000000e+04 9.256680459771782221e-01 6.614148192699710604e-03
6.360700000000000000e+04 9.524304403336920632e-01 9.477233151111801035e-02
6.360800000000000000e+04 1.040332148630819242e+00 7.415444824748716746e-02
6.362100000000000000e+04 9.821711434126220164e-01 -3.327252636120058699e-02
6.364300000000000000e+04 9.889383764326228343e-01 -2.260879629956572684e-02
6.371100000000000000e+04 9.640838359839224436e-01 2.139029970814221998e-02
6.371500000000000000e+04 8.591176435625900165e-01 -5.816491453222602526e-02
6.371600000000000000e+04 9.092940773212669914e-01 -2.541603290843482202e-02
6.371700000000000000e+04 8.749290630194739293e-01 -2.946017084435533992e-02
6.374100000000000000e+04 8.932093661191133904e-01 -7.730970998615366296e-02
6.374200000000000000e+04 9.314871235688111373e-01 -3.439132904915709332e-02
6.374900000000000000e+04 9.894245555953830040e-01 1.900829295319334672e-02
6.375000000000000000e+04 9.746417966496232488e-01 3.292714844816894970e-02
6.377900000000000000e+04 9.074809208937012484e-01 -2.464364953104913186e-02
6.378400000000000000e+04 9.400661216140029364e-01 -3.297994918235470224e-02
6.378500000000000000e+04 1.022270988297495631e+00 1.004613536696234016e-01
6.378700000000000000e+04 9.513866102273703662e-01 -4.693699332228765814e-02
6.380700000000000000e+04 9.878187729566081376e-01 -2.243079720105730507e-02
6.380800000000000000e+04 9.236065991238201489e-01 -6.743667993222843271e-02
6.383700000000000000e+04 9.119166818028250354e-01 -3.591424718595902232e-02
6.399500000000000000e+04 1.006651337408311475e+00 -7.605868029676182696e-02
6.407300000000000000e+04 8.454213847605408505e-01 1.846329851082034387e-02
6.411900000000000000e+04 1.082612049901286344e+00 -5.232201515522897500e-02
6.412000000000000000e+04 1.087908520873530183e+00 9.330792072815291202e-03
6.412600000000000000e+04 9.440268115126446702e-01 -2.876915743809398476e-03
6.417600000000000000e+04 9.737548054140053866e-01 1.212812423008307744e-01
6.417800000000000000e+04 9.147818487969683332e-01 -2.172108330949638899e-02
6.443000000000000000e+04 9.590823448400759288e-01 3.358252055814228004e-02
6.443100000000000000e+04 1.027675129042394664e+00 -9.817002537223418548e-03
6.443200000000000000e+04 9.948239310376836286e-01 -2.442342088997230196e-02
6.443700000000000000e+04 9.717359918800130281e-01 -5.468976417956050023e-02
6.446200000000000000e+04 9.390460110762364199e-01 8.553581477561239543e-02
6.446300000000000000e+04 9.671589989480473548e-01 2.136037587902974572e-02
6.446900000000000000e+04 8.240145321515738308e-01 -5.407245078815281318e-03
6.447000000000000000e+04 6.568817162278520749e-01 -3.337608705183910812e-02
6.447100000000000000e+04 6.208282675144980445e-01 3.864904635474660649e-02
6.450100000000000000e+04 9.298718893524086093e-01 -8.288739961424312908e-02
6.450200000000000000e+04 9.607864172402743597e-01 -3.763736670699901338e-02
6.450300000000000000e+04 9.787063478216443402e-01 6.511117058845201921e-02
6.452600000000000000e+04 9.054911435958641341e-01 1.400770766365559694e-02
6.452800000000000000e+04 1.037021119088718191e+00 -2.555468728969767511e-02
6.452900000000000000e+04 9.143717723432999156e-01 -4.544163114557263350e-02
6.453000000000000000e+04 9.684976104451621381e-01 5.275313683635825951e-02
6.473800000000000000e+04 7.985225866528199434e-01 -7.382568404938279205e-02
6.473900000000000000e+04 8.334616494102087270e-01 -3.182866341297951179e-02
6.480600000000000000e+04 8.637828682296108118e-01 -7.319318750796099948e-02
6.480700000000000000e+04 8.266728323028347258e-01 -6.398293968716978197e-02
6.485900000000000000e+04 9.171194441048735602e-01 -7.021994081426757850e-02
6.486000000000000000e+04 8.340378294528216774e-01 -9.521140912918402144e-02
6.486300000000000000e+04 1.003852706785394844e+00 -5.424904899217149884e-02
6.486400000000000000e+04 1.008197517096636853e+00 -3.881747509807838281e-02
6.486500000000000000e+04 9.318176861342407635e-01 -8.955943286146307580e-02
6.489700000000000000e+04 1.031408711467102446e+00 5.704078546432599789e-02
6.489800000000000000e+04 8.637128759032035585e-01 1.622405524564480422e-02
6.490100000000000000e+04 1.060903468135234728e+00 -4.270209394193377750e-02
6.490200000000000000e+04 9.923324592025274393e-01 -9.138503737214537237e-02
6.490300000000000000e+04 1.103418553209454922e+00 7.580257870775224116e-02
6.492700000000000000e+04 9.474615453790371511e-01 6.445529437898360990e-03
6.493100000000000000e+04 9.331450433699558511e-01 -5.716983373984665939e-02
6.493200000000000000e+04 1.035403391853048527e+00 2.007607090120073004e-02
6.493300000000000000e+04 9.634146219999258909e-01 -5.101447176325236282e-02
6.498700000000000000e+04 1.054788927896536777e+00 1.038662337505220912e-01
6.499100000000000000e+04 9.499522701831681903e-01 -6.057755284482087971e-02
6.499300000000000000e+04 9.788538496755212481e-01 -2.278250786972332159e-02
6.500000000000000000e+04 9.684805617950698053e-01 -9.533036332310344807e-02
6.500100000000000000e+04 9.117952829232518486e-01 -9.246031296477526251e-02
6.502200000000000000e+04 1.014589090037924413e+00 -4.270845491362604274e-02
6.502300000000000000e+04 1.030114189617117093e+00 -1.429417547914067430e-02
6.503100000000000000e+04 9.610165292979166995e-01 -8.569527898108673936e-02
6.503200000000000000e+04 1.049875456771262705e+00 -7.761216526152268057e-03
6.503300000000000000e+04 9.270274259187515353e-01 -4.858930991491532819e-02
6.503400000000000000e+04 8.766332668667220496e-01 -1.001009144035527321e-01
6.505100000000000000e+04 8.725156489488681277e-01 1.890497219395402551e-02
6.505500000000000000e+04 9.400890631099860784e-01 -4.179211972001625058e-02
6.505600000000000000e+04 9.991416232437756451e-01 1.549083185503030147e-01
6.505700000000000000e+04 1.106570271481571943e+00 7.512623518185887472e-02
6.505800000000000000e+04 1.056727495286114538e+00 6.347032161990379118e-02
6.505900000000000000e+04 1.049881767513372255e+00 4.232248214593253843e-02
6.506500000000000000e+04 9.408252928903393375e-01 -3.438823631762099459e-02
6.506600000000000000e+04 1.040187665640773806e+00 1.914296490578644080e-02
6.508600000000000000e+04 1.043090612229826464e+00 1.155925221657838342e-01
6.508700000000000000e+04 1.066168026838125060e+00 4.899691148080440734e-02
6.508800000000000000e+04 8.429769458434680507e-01 6.121521498505233527e-02
6.508900000000000000e+04 1.108645525106973562e+00 6.636791118998848493e-02
6.509000000000000000e+04 1.020198137719603437e+00 -7.939393394355689915e-03
6.509200000000000000e+04 9.620023166692538430e-01 1.272774957173233856e-01
6.509300000000000000e+04 9.712413169662704737e-01 5.594474619794680137e-02
6.509400000000000000e+04 8.956742959634720336e-01 1.145355795504137408e-01
6.509500000000000000e+04 9.763045442662360296e-01 9.943042973657471861e-02
6.510000000000000000e+04 8.698159926289720234e-01 -1.603791549797135146e-02
6.510100000000000000e+04 1.019902172774139304e+00 1.384565605283318360e-02
6.510500000000000000e+04 1.004440352070851361e+00 5.265559478474669125e-02
6.512800000000000000e+04 1.084430942538005427e+00 8.837128039030792137e-02
6.513000000000000000e+04 1.044375624773087319e+00 4.015204997782553104e-02
6.513100000000000000e+04 1.143111860720238404e+00 7.779676397603832450e-02
6.513200000000000000e+04 1.014690722254796507e+00 -1.070462999673328086e-01
6.513400000000000000e+04 9.804951620586641603e-01 2.090082571066497960e-02
6.513500000000000000e+04 9.960309175118677860e-01 7.872573396562014547e-02
6.514000000000000000e+04 9.542475784214476953e-01 -2.984846680295089039e-02
6.514100000000000000e+04 8.563263182455134181e-01 -1.078563824370528251e-01
6.514200000000000000e+04 1.055124373534120252e+00 3.225480127534818831e-02
6.514300000000000000e+04 1.034838962582394384e+00 7.079944315031537483e-02
6.514400000000000000e+04 1.108939364503613412e+00 5.578051181077517406e-02
6.517000000000000000e+04 1.045687363480043874e+00 1.172524604543609544e-01
6.517100000000000000e+04 9.410530945624240307e-01 5.209449272207036796e-02
6.517200000000000000e+04 1.037489954924400548e+00 -5.005453933567065652e-03
6.517900000000000000e+04 1.011607776228876210e+00 -1.905238799502276606e-02
6.518000000000000000e+04 1.035288245026691589e+00 1.098148870341203037e-01
6.518100000000000000e+04 1.044768114992578711e+00 -1.302999038730416788e-02
6.521600000000000000e+04 9.796894759586357582e-01 -1.020174302794075137e-02
6.521700000000000000e+04 1.083076409846930099e+00 7.893418295596648857e-03
6.521900000000000000e+04 1.048931465675564612e+00 8.768743781607145349e-02
6.522000000000000000e+04 1.037263835355465957e+00 3.392174561567316837e-02
6.522100000000000000e+04 1.070283177575640288e+00 2.147357958780820447e-02
6.525000000000000000e+04 9.505277818143114121e-01 5.302551999152479295e-02
6.525100000000000000e+04 9.048194505887947603e-01 -2.338848448805977073e-02
6.539800000000000000e+04 9.277189354055890291e-01 -4.152257594595720053e-02
6.539900000000000000e+04 9.637783263635459896e-01 -6.743576365410448858e-02
6.540000000000000000e+04 9.875930046518717198e-01 -4.004066134834857044e-02
6.542600000000000000e+04 9.659115888136129424e-01 1.753719783509145305e-03
6.542700000000000000e+04 1.136334690614781318e+00 3.225346529110884736e-02
6.542800000000000000e+04 1.096790484080573558e+00 -8.460714625496287833e-03
6.542900000000000000e+04 1.003656455496009015e+00 5.778365722753022078e-03
6.543000000000000000e+04 1.052733513498666174e+00 2.187968008440529383e-02
6.543200000000000000e+04 1.042032035050292516e+00 7.460167253162806010e-03
6.543300000000000000e+04 1.017610730114174133e+00 -1.505992756981158753e-01
6.543400000000000000e+04 1.057442547057191540e+00 -9.549951959768741838e-02
6.543500000000000000e+04 9.679752990967022130e-01 -1.079988649769492159e-02
6.545100000000000000e+04 9.669305292808659802e-01 -7.671815977325516234e-02
6.545200000000000000e+04 9.584888019922246372e-01 -6.427628667855239675e-02
6.545300000000000000e+04 1.106201646590563747e+00 6.961434160827403850e-02
6.545400000000000000e+04 1.065140554603830170e+00 -1.005672477068433532e-02
6.545600000000000000e+04 9.387624886186722861e-01 -4.530434780563567408e-04
6.545700000000000000e+04 9.595542662879712470e-01 -9.731702220666522962e-02
6.545800000000000000e+04 9.886740128354639667e-01 -2.982982487240302613e-02
6.547400000000000000e+04 9.521713357312320269e-01 -7.508996666777272011e-02
6.547500000000000000e+04 9.397486156609236030e-01 -1.933278641637249662e-02
6.547600000000000000e+04 9.251662781139137204e-01 1.348929999478622882e-02
6.550500000000000000e+04 8.818794069584385831e-01 6.787733338002012451e-02
6.550600000000000000e+04 9.681467302018247345e-01 3.506600674249819513e-03
6.553400000000000000e+04 1.156787393039660605e+00 -1.983974717085119355e-01
6.553500000000000000e+04 1.003766339207736502e+00 4.352165038568117303e-04
6.565100000000000000e+04 9.636123275239981689e-01 -8.873962016639465322e-02
6.568400000000000000e+04 8.855632923149843183e-01 -1.417628463365114971e-02
6.570300000000000000e+04 9.623974622548759905e-01 4.057802506510714557e-02
6.573000000000000000e+04 9.250814799205998584e-01 -5.392692026000860117e-02
6.575400000000000000e+04 1.131002130976666242e+00 -3.378227066551301588e-02
6.662300000000000000e+04 1.129373098326386105e+00 1.084368755359056517e-02
6.662400000000000000e+04 1.058792531137478399e+00 -5.468285118068895445e-02
6.662500000000000000e+04 1.085368691488122650e+00 -7.817058670795587472e-02
6.662600000000000000e+04 1.088392769824825690e+00 -3.427012459969438346e-02
6.662700000000000000e+04 1.039870676881922584e+00 -2.029056324534572395e-02
6.662800000000000000e+04 1.075189756382205042e+00 -4.336051236082037741e-02
6.665000000000000000e+04 1.135259031599741508e+00 -8.221251622037802076e-02
6.665100000000000000e+04 1.096116521260461552e+00 -3.101341532692273792e-02
6.665600000000000000e+04 1.062540624477307905e+00 -8.869346083628397784e-03
6.667400000000000000e+04 1.031032282646700660e+00 4.909242431831194187e-02
6.667500000000000000e+04 1.094143628242352895e+00 -3.630784738827588787e-02
6.667600000000000000e+04 1.017423551737049126e+00 -3.885333439550316126e-02
6.667700000000000000e+04 1.266523139912640206e+00 -1.896640565436116532e-01
6.667800000000000000e+04 1.085736669702392021e+00 -5.170959590306547365e-02
6.667900000000000000e+04 1.092054769483268517e+00 -3.644925685968793128e-02
6.668000000000000000e+04 1.057078404286076356e+00 3.372382150418934410e-02
6.668100000000000000e+04 9.277796002125764385e-01 5.059779505689535745e-02
