2.826300000000000000e+04 6.386752904546868503e-01 1.328062752897163079e-01
2.826500000000000000e+04 6.097988776341030093e-01 1.943798970502476353e-02
2.827400000000000000e+04 9.819280756390418308e-01 5.181668746385291457e-02
2.827500000000000000e+04 8.828914139278870588e-01 3.149650377364504594e-02
2.827700000000000000e+04 9.727947215102838996e-01 1.986229224589675657e-01
2.827900000000000000e+04 8.870291414718856071e-01 2.730300985005011394e-01
2.828100000000000000e+04 6.797894279768349479e-01 6.580105609751378537e-02
2.828300000000000000e+04 1.020364878421259558e+00 -2.070659826072214146e-02
2.828400000000000000e+04 1.004200134787449850e+00 -9.348552383337434268e-03
2.828500000000000000e+04 1.013101856628251474e+00 6.383753959419723178e-02
2.829500000000000000e+04 1.111482390384071817e+00 4.925176403778149664e-02
2.829700000000000000e+04 8.149817251831801279e-01 4.144872684791593015e-02
2.829900000000000000e+04 7.205467870752911841e-01 5.487179589628803783e-02
2.830200000000000000e+04 5.066752109868064569e-01 8.758546171641554134e-02
2.830300000000000000e+04 8.783518162562133913e-01 -8.140066340975501968e-02
2.830400000000000000e+04 8.864696642801440651e-01 -7.590484962595982210e-02
2.830600000000000000e+04 1.143843959128867160e+00 8.272685966298760907e-02
2.833000000000000000e+04 1.056220041630892226e+00 1.036131254031067012e-01
2.833100000000000000e+04 8.493420327137012338e-01 1.946950333259848676e-01
2.833300000000000000e+04 9.131194258069784686e-01 -6.918529123995351138e-02
2.833700000000000000e+04 5.621958606768231448e-01 -2.356145977843122213e-02
2.833800000000000000e+04 6.338239479119028852e-01 3.351619153284473435e-02
2.833900000000000000e+04 7.721915247967221507e-01 -1.299938007561141640e-01
2.834000000000000000e+04 7.771263457122356000e-01 6.873825773487263202e-02
2.834100000000000000e+04 6.627637435968875002e-01 -1.012577512688262252e-03
2.834200000000000000e+04 6.064293847226522871e-01 8.107233946906843014e-02
2.834500000000000000e+04 5.151022744417623755e-01 -1.002004460249997534e-03
2.834800000000000000e+04 7.524422523244043148e-01 1.684925631718362515e-01
2.834900000000000000e+04 6.962093179651563934e-01 1.240497280125878871e-01
2.835000000000000000e+04 7.115430924687839997e-01 2.695237762019155880e-01
2.835100000000000000e+04 4.247405341736424922e-01 -4.796771132398267024e-02
2.835200000000000000e+04 4.392871469270086537e-01 7.598492950101540938e-03
2.835300000000000000e+04 3.975718240235414092e-01 -8.996956563909783849e-03
2.839100000000000000e+04 9.133556556719172326e-01 -1.786536619118497260e-01
2.839200000000000000e+04 9.568270850159922292e-01 -7.550043122059892087e-02
2.839300000000000000e+04 8.724219501923416997e-01 4.236702957833098082e-02
2.839400000000000000e+04 9.442144649123187516e-01 -8.632665214148652066e-02
2.839500000000000000e+04 8.988159852326361721e-01 -1.091905987516912369e-01
2.839600000000000000e+04 9.033645139515927847e-01 -2.595266525510065217e-02
2.839700000000000000e+04 1.035332775580614761e+00 -1.478271416411670001e-02
2.839800000000000000e+04 8.988518426608689271e-01 -9.424105644592639663e-02
2.839900000000000000e+04 8.527372037169574925e-01 -8.544263662331433307e-02
2.840000000000000000e+04 8.226215636940835685e-01 -4.621000335352076077e-02
2.842300000000000000e+04 9.086308407613576943e-01 1.567764202195716661e-01
2.842400000000000000e+04 9.658836678355948724e-01 -1.482672190232801543e-02
2.842500000000000000e+04 8.859605886199948266e-01 3.109824031229540403e-02
2.842600000000000000e+04 8.553137963021283374e-01 1.866155411400051423e-02
2.842700000000000000e+04 9.377525533311636963e-01 1.214850957367128170e-01
2.842800000000000000e+04 8.805991598782294538e-01 1.102973808838572239e-01
2.842900000000000000e+04 1.023170390190125456e+00 6.568526718342170001e-02
2.843000000000000000e+04 9.608050122518927427e-01 7.770144148003388374e-02
2.843100000000000000e+04 9.365692141118842073e-01 3.101875032954795261e-02
2.843200000000000000e+04 9.142716409658695476e-01 -2.370982592941284987e-04
2.843300000000000000e+04 8.970285666688190274e-01 -4.622781762050671116e-03
2.843500000000000000e+04 8.932543364464649027e-01 6.341042289760942530e-02
2.847200000000000000e+04 8.894608879786995992e-01 1.378533550658518798e-02
2.847300000000000000e+04 9.038746589505765039e-01 -5.215599433593245092e-03
2.847400000000000000e+04 7.148871662178085673e-01 1.613816560771862973e-01
2.847600000000000000e+04 7.355199353997330380e-01 4.397801561637385004e-02
2.847700000000000000e+04 8.085636175352791666e-01 -1.110880915745181413e-01
2.847800000000000000e+04 8.485986568264537455e-01 -4.216577120043591559e-02
2.847900000000000000e+04 8.374731807926901750e-01 -1.089075472859371285e-01
2.848500000000000000e+04 9.550515244185044939e-01 -8.910237851180970864e-03
2.848600000000000000e+04 9.090861975665808226e-01 -6.126229518394739337e-02
2.848700000000000000e+04 9.828318906761781548e-01 -3.160149837022258046e-02
2.848800000000000000e+04 9.989595586514347092e-01 1.918739814350967077e-02
2.848900000000000000e+04 1.107039090350393273e+00 5.613484285700107851e-02
2.849000000000000000e+04 1.099387163681176949e+00 4.131958776516129334e-02
2.849100000000000000e+04 1.036211533778553573e+00 3.897767030274761069e-02
2.849200000000000000e+04 9.953868097106589596e-01 -3.933148985368421086e-02
2.849300000000000000e+04 9.832233951983344600e-01 3.170777343963809836e-02
2.849400000000000000e+04 8.732513311674400258e-01 -1.202293819783893519e-01
2.849500000000000000e+04 9.319579994173528004e-01 -4.211211736302878511e-02
2.849600000000000000e+04 9.515604448832560847e-01 6.279943345079457701e-03
2.850100000000000000e+04 1.052051732218119540e+00 2.621761753741340753e-02
2.850200000000000000e+04 9.793172329525136055e-01 1.688989309422377592e-03
2.858300000000000000e+04 1.069457346602782355e+00 1.470279944993958809e-01
2.858700000000000000e+04 9.297839785315726857e-01 7.284694959900893385e-02
2.863000000000000000e+04 1.073464825055891358e+00 -3.227639743909242048e-02
2.863100000000000000e+04 9.136262008324728123e-01 3.061846799030992425e-02
2.866300000000000000e+04 9.989519660205808949e-01 -4.387778072893171698e-03
2.878300000000000000e+04 8.618973696769898218e-01 5.501236671323703198e-02
2.878500000000000000e+04 8.715168574469571716e-01 1.300802557935321624e-01
2.878600000000000000e+04 9.478581295526625761e-01 -2.369641175821965429e-02
2.878700000000000000e+04 1.009274153947099961e+00 6.680975517227291660e-02
2.880500000000000000e+04 8.833432064622694924e-01 8.552480460415391728e-02
2.880600000000000000e+04 9.254290270757279391e-01 1.166030430478673385e-02
2.880700000000000000e+04 8.866107879488326349e-01 5.800693037595160140e-02
2.880800000000000000e+04 9.125559011581185764e-01 6.801556350685786234e-02
2.880900000000000000e+04 1.037601830593827046e+00 9.658556743426047198e-02
2.881900000000000000e+04 1.017297294249702055e+00 2.950918762364831416e-01
2.882000000000000000e+04 1.099072941036332018e+00 1.670039371522732408e-01
2.882100000000000000e+04 1.023489967739686479e+00 1.384253299435254381e-01
2.882200000000000000e+04 8.140621476520433220e-01 5.670009689141227577e-02
2.882300000000000000e+04 9.704021428247728842e-01 1.407848590405097466e-02
2.882700000000000000e+04 9.966965365804292265e-01 3.426151270556392764e-02
2.882800000000000000e+04 9.681781056244997963e-01 5.334692033460073507e-02
2.882900000000000000e+04 1.023662916214087337e+00 1.096157947023913420e-01
2.883000000000000000e+04 9.860840932256421665e-01 3.387556559476058438e-02
2.883100000000000000e+04 9.601818604062563045e-01 3.486703117070168081e-03
2.885300000000000000e+04 9.559936569646297899e-01 1.700510331438874756e-01
2.885400000000000000e+04 9.730240614029528334e-01 2.132662161043034910e-01
2.885500000000000000e+04 9.168222274069921518e-01 2.415669201024506774e-01
2.885600000000000000e+04 9.484842483670087310e-01 5.121702996889150594e-02
2.888400000000000000e+04 9.910617547927574877e-01 2.437779090892801537e-01
2.888500000000000000e+04 9.708773931409695468e-01 8.558146159971663502e-02
2.888600000000000000e+04 9.308213370238258566e-01 3.901858636215997655e-02
2.888700000000000000e+04 8.114154898257546211e-01 -9.634563064626870676e-02
2.888800000000000000e+04 8.594936505591903586e-01 -3.215325107917501755e-04
2.888900000000000000e+04 9.462392856145348530e-01 8.840570494823285497e-02
2.889000000000000000e+04 8.978633390712430495e-01 1.046925173759856720e-01
2.889100000000000000e+04 1.001113377936113213e+00 9.502942606538969383e-02
2.889300000000000000e+04 8.260453839499910522e-01 3.921472055109040400e-02
2.889400000000000000e+04 9.089597407342135948e-01 1.090727728705792321e-01
2.889500000000000000e+04 9.326276623593349191e-01 5.348533916053922754e-02
2.889600000000000000e+04 9.376598704135167273e-01 8.145192180443185104e-02
2.890700000000000000e+04 1.066309694279661047e+00 1.630672777584974142e-01
2.890800000000000000e+04 1.035558470546861676e+00 1.492578293917782573e-01
2.890900000000000000e+04 1.040423621149501932e+00 1.365104500918993269e-01
2.891000000000000000e+04 9.839803349893273543e-01 -3.013289102853838018e-03
2.891100000000000000e+04 8.810042550020651397e-01 -3.927618539319490537e-02
2.891200000000000000e+04 9.788115477810674925e-01 -2.482887859191883900e-04
2.891300000000000000e+04 9.484943556693639088e-01 2.432358408195604144e-02
2.891400000000000000e+04 9.393032045888636272e-01 3.898801843117086913e-02
2.891500000000000000e+04 9.857470935123546774e-01 1.135759110383984249e-01
2.891600000000000000e+04 5.776213374116078159e-01 -2.328804084854661505e-01
2.891800000000000000e+04 9.910350743603462131e-01 4.149226656240355415e-02
2.891900000000000000e+04 1.064100217739206933e+00 1.327511276026174525e-01
2.892000000000000000e+04 9.686281233112763456e-01 3.468387462945365929e-02
2.892100000000000000e+04 1.021880688036733709e+00 7.190283006768927176e-02
2.892200000000000000e+04 9.487706568520579697e-01 3.720340606249795262e-02
2.894600000000000000e+04 5.622086799992533912e-01 1.707310434434350377e-02
2.896700000000000000e+04 9.190301972349873560e-01 5.847357736929022914e-02
2.896800000000000000e+04 9.064699441087235021e-01 4.537600276253202225e-02
2.896900000000000000e+04 9.067503208217808641e-01 2.454231133002463677e-02
2.897000000000000000e+04 9.423383990669195187e-01 -1.040205855953136027e-01
2.897100000000000000e+04 9.134805638753551449e-01 6.797728815062852557e-03
2.897200000000000000e+04 9.697925198360218824e-01 4.757606299602920585e-02
2.897400000000000000e+04 9.641630093605795260e-01 3.764013058409390600e-02
2.897500000000000000e+04 9.984209434267909966e-01 1.102227452289989418e-01
2.897600000000000000e+04 9.941140108130598341e-01 7.292663460839218792e-02
2.897700000000000000e+04 9.909988287976302379e-01 4.286101239865997697e-02
2.897800000000000000e+04 1.121707963175387013e+00 2.068450765046841999e-01
2.897900000000000000e+04 1.021851207713918352e+00 4.956716171553264549e-02
2.898000000000000000e+04 8.736892470581151260e-01 1.243971466502780260e-01
2.898100000000000000e+04 7.994736976858717314e-01 1.189574395061595707e-01
2.898900000000000000e+04 9.779581891128280580e-01 -7.407099244551563350e-03
2.899000000000000000e+04 1.025982640137526714e+00 1.159486298431460470e-02
2.899200000000000000e+04 9.720850835781771337e-01 3.448604807915854956e-03
2.899300000000000000e+04 9.905881055803682500e-01 -4.891303390900811343e-02
2.899400000000000000e+04 1.072105065950778258e+00 1.251226568104112959e-02
2.899500000000000000e+04 1.007758653138873806e+00 5.675176920522009838e-02
2.899600000000000000e+04 9.735607112416512221e-01 2.087530107482652234e-02
2.900000000000000000e+04 1.016354595661168592e+00 6.848290020897057628e-02
2.900100000000000000e+04 9.142945413942296096e-01 -4.727857467488837812e-02
2.900200000000000000e+04 9.377717660954694168e-01 -2.624784283437185672e-02
2.900300000000000000e+04 9.893276382184125195e-01 9.427096789054945081e-02
2.900400000000000000e+04 1.076182215325926839e+00 1.121736659181090112e-01
2.901900000000000000e+04 9.768050867118864833e-01 -6.109653689427958084e-02
2.902000000000000000e+04 1.048944992359148509e+00 -5.978733647571169568e-02
2.902100000000000000e+04 9.283283223938006978e-01 6.708928243949539676e-05
2.902200000000000000e+04 1.061931037777343878e+00 -9.046655779544642614e-05
2.902400000000000000e+04 9.950236911695590214e-01 1.340567775152360086e-01
2.902500000000000000e+04 9.708665034258097126e-01 7.731130158161943211e-02
2.902600000000000000e+04 9.571241812844243357e-01 1.094274595532434280e-01
2.902700000000000000e+04 9.406756478030315893e-01 -4.621766492191540371e-03
2.902800000000000000e+04 9.815167216413377416e-01 -3.637790495017726583e-02
2.902900000000000000e+04 9.424815486210532667e-01 -9.934097358879583409e-03
2.903000000000000000e+04 1.028191433798820720e+00 1.145807602246992213e-01
2.903100000000000000e+04 8.987056176433541044e-01 -1.219900486957006640e-02
2.904200000000000000e+04 8.746809598563494159e-01 -1.684677993273118318e-02
2.904300000000000000e+04 8.854456011166629281e-01 7.809032616974301289e-02
2.904400000000000000e+04 8.558440594762580789e-01 4.970107191346272678e-03
2.904500000000000000e+04 8.869739164077888871e-01 7.365739143445577952e-02
2.904700000000000000e+04 8.418051271698547833e-01 1.045050675914229177e-01
2.904800000000000000e+04 9.039423654279519216e-01 -3.903080080631796817e-02
2.904900000000000000e+04 9.037337577651415321e-01 -5.581381244382253859e-02
2.905000000000000000e+04 9.282532618054135654e-01 -8.622574253170638137e-02
2.905100000000000000e+04 9.145994077337630257e-01 -5.865723545393326105e-02
2.907000000000000000e+04 8.558439402943740504e-01 1.501485631184557579e-01
2.907100000000000000e+04 7.444028237552178240e-01 8.504425122471299947e-02
2.907200000000000000e+04 8.626808705668791433e-01 1.329011563823246367e-01
2.907300000000000000e+04 8.596203506275794659e-01 -7.427534865593904412e-02
2.907400000000000000e+04 8.876065232654011261e-01 -2.186571015814123622e-02
2.907500000000000000e+04 1.025502261037808616e+00 7.388007276258982958e-02
2.908700000000000000e+04 9.908858084595592031e-01 1.052566144714142532e-01
2.908800000000000000e+04 8.758594306585079092e-01 1.061093673225741302e-01
2.908900000000000000e+04 9.173649833846847512e-01 -3.894257600875648123e-02
2.909100000000000000e+04 9.485836972571585202e-01 9.168066828131990389e-04
2.909200000000000000e+04 9.526838718252890192e-01 -5.498889075576000873e-02
2.909300000000000000e+04 9.200093545241468940e-01 -1.541699446761872179e-03
2.909400000000000000e+04 1.050440009531817598e+00 2.900264186362464316e-02
2.909500000000000000e+04 1.020175765007020230e+00 -5.639323363268707728e-02
2.909600000000000000e+04 9.536015923492645596e-01 1.048713122282186883e-02
2.909700000000000000e+04 9.711403492545578331e-01 1.311159614299821918e-01
2.911600000000000000e+04 1.021323017901285768e+00 -4.515403959343174817e-02
2.911800000000000000e+04 8.758007905945477400e-01 2.429663809540766328e-02
2.911900000000000000e+04 9.056093056730939450e-01 7.922157860161285758e-02
2.912000000000000000e+04 1.006549211306713376e+00 2.872440177631720507e-03
2.912100000000000000e+04 1.078892357192321017e+00 -3.600422110219927280e-02
