1.082610000000000000e+05 9.867399528400790931e-01 4.850068122991437261e-03
1.082650000000000000e+05 9.109733210926614921e-01 5.234824478668854454e-03
1.082960000000000000e+05 9.706944635643395269e-01 1.223476127564913085e-01
1.082980000000000000e+05 9.276871497512780840e-01 -6.522052155310811491e-03
1.083020000000000000e+05 7.820096043398399033e-01 -6.522029957340008677e-02
1.084180000000000000e+05 9.130871065151241472e-01 1.571932494211499831e-01
1.084200000000000000e+05 9.232015463444515069e-01 7.907756028939716408e-02
1.084810000000000000e+05 8.451220133217983710e-01 -7.105381676932703838e-02
1.084830000000000000e+05 8.992291845891965396e-01 6.205724176765820693e-02
1.084850000000000000e+05 9.146299792549579255e-01 3.720871315828378628e-02
1.085470000000000000e+05 1.048288813857160662e+00 5.749180288468919847e-02
1.086130000000000000e+05 8.870582379410938412e-01 4.474352376398287034e-02
1.086500000000000000e+05 1.030438002078354121e+00 7.431006159246898723e-02
1.088090000000000000e+05 1.123494996396731560e+00 7.024634614279226530e-02
1.088100000000000000e+05 1.071654794123462651e+00 9.490129396657992489e-02
1.088130000000000000e+05 9.935450514431466429e-01 -1.277311437317022250e-02
1.088880000000000000e+05 9.906746163220404577e-01 1.275394987788685229e-02
1.088890000000000000e+05 9.589129902655728621e-01 -9.854846243287961396e-03
1.088910000000000000e+05 9.854071438623602797e-01 -3.343016268883646641e-02
1.089000000000000000e+05 1.055929713561271077e+00 3.730630618692590966e-02
1.089010000000000000e+05 1.046852244453358782e+00 2.035533916009745620e-02
1.089650000000000000e+05 9.933427753650134751e-01 6.498973018654721767e-02
1.089660000000000000e+05 1.089508986085116149e+00 -4.953557926021675412e-02
1.090010000000000000e+05 9.666017041454250114e-01 2.683344194711242969e-02
1.090020000000000000e+05 9.961387824532220714e-01 -1.771174560225611486e-03
1.090330000000000000e+05 1.056925676108856793e+00 1.609143539150134292e-02
1.090340000000000000e+05 9.756463860107602581e-01 -1.479065753678050765e-02
1.090350000000000000e+05 1.034824063167667285e+00 -3.669656706115700245e-02
1.090670000000000000e+05 9.452530399635941105e-01 6.668882513609365736e-02
1.090680000000000000e+05 9.320732508329810928e-01 9.610907326597008249e-03
1.090690000000000000e+05 1.066638361376457622e+00 5.218024805107567693e-02
1.091510000000000000e+05 1.237034191072173606e+00 7.780588705845252473e-02
1.091520000000000000e+05 9.892141849826361355e-01 -1.365336059610539575e-03
1.092050000000000000e+05 1.030359459380439047e+00 5.016243706756233489e-02
1.092060000000000000e+05 1.247454802464710744e+00 1.726790999780798697e-01
