9.975900000000000000e+04
9.976000000000000000e+04
9.976300000000000000e+04
9.976500000000000000e+04
9.976600000000000000e+04
9.977600000000000000e+04
9.977800000000000000e+04
9.977900000000000000e+04
9.978000000000000000e+04
9.978100000000000000e+04
9.978200000000000000e+04
9.978500000000000000e+04
9.978700000000000000e+04
9.978900000000000000e+04
9.983500000000000000e+04
9.983600000000000000e+04
9.983900000000000000e+04
9.984000000000000000e+04
9.986900000000000000e+04
9.987000000000000000e+04
9.987100000000000000e+04
9.987200000000000000e+04
9.987300000000000000e+04
9.987400000000000000e+04
9.987500000000000000e+04
9.993800000000000000e+04
9.993900000000000000e+04
9.994000000000000000e+04
9.994100000000000000e+04
9.994200000000000000e+04
9.994300000000000000e+04
9.994400000000000000e+04
1.001710000000000000e+05
1.001730000000000000e+05
1.001750000000000000e+05
1.002180000000000000e+05
1.002190000000000000e+05
1.002200000000000000e+05
1.002210000000000000e+05
1.002620000000000000e+05
1.002640000000000000e+05
1.002650000000000000e+05
1.002670000000000000e+05
1.002690000000000000e+05
1.002920000000000000e+05
1.002940000000000000e+05
1.002950000000000000e+05
1.002980000000000000e+05
1.002990000000000000e+05
1.003000000000000000e+05
1.003200000000000000e+05
1.003210000000000000e+05
1.003220000000000000e+05
1.003230000000000000e+05
1.003240000000000000e+05
1.003260000000000000e+05
1.003270000000000000e+05
1.003480000000000000e+05
1.003510000000000000e+05
1.003520000000000000e+05
1.003530000000000000e+05
1.003540000000000000e+05
1.003550000000000000e+05
1.003560000000000000e+05
1.003570000000000000e+05
1.004210000000000000e+05
1.004250000000000000e+05
1.004260000000000000e+05
1.004410000000000000e+05
1.004420000000000000e+05
1.004430000000000000e+05
1.004440000000000000e+05
1.004450000000000000e+05
1.004480000000000000e+05
1.004490000000000000e+05
1.004500000000000000e+05
1.004510000000000000e+05
1.004530000000000000e+05
1.004540000000000000e+05
1.004740000000000000e+05
1.004780000000000000e+05
1.004790000000000000e+05
1.005430000000000000e+05
1.005530000000000000e+05
1.005630000000000000e+05
1.005640000000000000e+05
1.005690000000000000e+05
1.005700000000000000e+05
1.005710000000000000e+05
1.005730000000000000e+05
1.005740000000000000e+05
1.009070000000000000e+05
1.009820000000000000e+05
1.009830000000000000e+05
1.009840000000000000e+05
1.009850000000000000e+05
1.010110000000000000e+05
1.010130000000000000e+05
1.010380000000000000e+05
1.010390000000000000e+05
1.010450000000000000e+05
1.010460000000000000e+05
1.010650000000000000e+05
1.010660000000000000e+05
1.010670000000000000e+05
1.010680000000000000e+05
1.010690000000000000e+05
1.010700000000000000e+05
1.011000000000000000e+05
1.011010000000000000e+05
1.011020000000000000e+05
1.011040000000000000e+05
1.011050000000000000e+05
1.011290000000000000e+05
1.011310000000000000e+05
1.011320000000000000e+05
1.011330000000000000e+05
1.011340000000000000e+05
1.011610000000000000e+05
1.011620000000000000e+05
1.011630000000000000e+05
1.011640000000000000e+05
1.011650000000000000e+05
1.011660000000000000e+05
1.011670000000000000e+05
1.011680000000000000e+05
1.012590000000000000e+05
1.012600000000000000e+05
1.012610000000000000e+05
1.012620000000000000e+05
1.012630000000000000e+05
1.012650000000000000e+05
1.012660000000000000e+05
1.012900000000000000e+05
1.012910000000000000e+05
1.012920000000000000e+05
1.012930000000000000e+05
1.012970000000000000e+05
1.013190000000000000e+05
1.014820000000000000e+05
1.015040000000000000e+05
1.017200000000000000e+05
1.017380000000000000e+05
1.017390000000000000e+05
1.017400000000000000e+05
1.017410000000000000e+05
1.018210000000000000e+05
1.018220000000000000e+05
1.018230000000000000e+05
1.018240000000000000e+05
1.018250000000000000e+05
1.018260000000000000e+05
1.018270000000000000e+05
1.019930000000000000e+05
1.019970000000000000e+05
1.020510000000000000e+05
1.020530000000000000e+05
1.021750000000000000e+05
1.021810000000000000e+05
1.021840000000000000e+05
1.022090000000000000e+05
1.022110000000000000e+05
1.022360000000000000e+05
1.022380000000000000e+05
1.022900000000000000e+05
1.028850000000000000e+05
1.029900000000000000e+05
1.030190000000000000e+05
1.030200000000000000e+05
1.030220000000000000e+05
1.030530000000000000e+05
1.030550000000000000e+05
1.030560000000000000e+05
1.030570000000000000e+05
1.030950000000000000e+05
1.030960000000000000e+05
1.030970000000000000e+05
1.030980000000000000e+05
1.036980000000000000e+05
1.038040000000000000e+05
1.038480000000000000e+05
1.038490000000000000e+05
1.039620000000000000e+05
1.042260000000000000e+05
1.042280000000000000e+05
1.042300000000000000e+05
1.042310000000000000e+05
1.042320000000000000e+05
1.042330000000000000e+05
1.042340000000000000e+05
1.042370000000000000e+05
1.042390000000000000e+05
1.042410000000000000e+05
1.042430000000000000e+05
1.042450000000000000e+05
1.045530000000000000e+05
1.045550000000000000e+05
1.045580000000000000e+05
1.045600000000000000e+05
1.045620000000000000e+05
